1.494718194956448087e+01
1.580414214320754063e+01
1.657244760104094183e+01
1.724144768694972640e+01
1.785160748323415092e+01
1.839574979676477184e+01
1.890837856399047823e+01
1.943280472004738257e+01
1.985514495525950096e+01
2.025864368276779715e+01
2.067968953468600546e+01
2.104847822754410913e+01
2.143213696025545545e+01
2.172525565006532133e+01
2.197565963141999390e+01
2.223073386512223237e+01
2.245796552813890301e+01
2.263540151147489610e+01
2.278719314390627204e+01
2.294162483238636696e+01
2.310943396768310620e+01
2.332603871865447331e+01
2.353818834233311463e+01
2.375633309871426491e+01
2.403651599557261420e+01
2.428720579514651234e+01
2.453607176215955832e+01
2.473239687293080280e+01
2.485657853737481204e+01
2.486697941925162425e+01
2.470240828654177889e+01
2.433354998378857204e+01
2.370959268860254099e+01
2.285931544354945189e+01
2.176501901989082910e+01
2.044677510641554008e+01
1.898020690573348901e+01
1.749558339061259105e+01
1.610732362705438447e+01
1.491295601637893142e+01
1.392794977355920061e+01
1.318936201006226128e+01
1.280833658118056206e+01
1.281127385926590989e+01
1.302229697739076464e+01
1.355483023084841321e+01
1.427085221446971275e+01
1.514640020628159078e+01
1.612541579411995940e+01
1.716170373417479311e+01
1.827219222553078382e+01
1.932117666947998558e+01
2.051480971901866468e+01
2.158258410225660029e+01
2.262467094515701760e+01
2.368331920213524810e+01
2.469781961474275889e+01
2.562645479480255162e+01
2.659731730060854815e+01
2.764598113829269721e+01
2.852523792311863815e+01
2.949432834325732600e+01
3.024312942918847114e+01
3.114369207583716559e+01
3.178827640309642888e+01
3.232748305144384204e+01
3.270459563834887717e+01
3.305717623066180977e+01
3.327434212174823358e+01
3.340815784968675928e+01
3.349037871521844778e+01
3.337697398533867243e+01
3.327321467861718673e+01
3.295484035623842090e+01
3.263827054509054904e+01
3.221218110420706893e+01
3.170544616770452606e+01
3.114849479178661795e+01
3.055174920832033081e+01
2.978710362006800239e+01
2.909161662058068032e+01
2.828640998638557136e+01
2.750732268412257397e+01
2.658599085196683021e+01
2.572376266440397785e+01
2.494795447916515840e+01
2.417879609481280667e+01
2.338665165921987565e+01
2.250939095199400697e+01
2.167115825150322550e+01
2.070069866334008779e+01
1.978461232368209366e+01
1.863278586130386216e+01
1.754288605330046025e+01
1.648646951656366966e+01
1.522082413432723058e+01
1.393591035766143982e+01
1.258424743262890821e+01
1.111691079845302710e+01
9.580321101830804764e+00
7.885388795321029320e+00
6.076143523420418191e+00
4.071584246835833198e+00
1.931768858594302918e+00
0.000000000000000000e+00
0.000000000000000000e+00
0.000000000000000000e+00
0.000000000000000000e+00
0.000000000000000000e+00
0.000000000000000000e+00
0.000000000000000000e+00
0.000000000000000000e+00
0.000000000000000000e+00
0.000000000000000000e+00
0.000000000000000000e+00
0.000000000000000000e+00
0.000000000000000000e+00
0.000000000000000000e+00
0.000000000000000000e+00
0.000000000000000000e+00
0.000000000000000000e+00
0.000000000000000000e+00
0.000000000000000000e+00
0.000000000000000000e+00
0.000000000000000000e+00
0.000000000000000000e+00
0.000000000000000000e+00
0.000000000000000000e+00
0.000000000000000000e+00
0.000000000000000000e+00
1.028608426152090471e+00
2.954808604027583385e+00
4.830340345461758389e+00
6.756718677978613030e+00
8.649815060913674358e+00
1.051610638861087033e+01
1.234522566837446611e+01
1.405409843238257217e+01
1.570300128687139818e+01
1.724790120149438621e+01
1.868232209189790538e+01
2.000737523157130582e+01
2.119873594587687293e+01
2.224604334976836029e+01
2.320248652695579494e+01
2.401990890871806172e+01
2.471885127637584390e+01
2.528362579042341451e+01
2.565671250459152475e+01
2.588960164415609810e+01
2.603657713107268279e+01
2.600138498753739924e+01
2.583506939317935291e+01
2.559982246761176938e+01
2.532461592228797542e+01
2.503762623369304308e+01
2.475384098739156613e+01
2.453625346244862371e+01
2.440020001085868984e+01
2.439560520043823999e+01
2.447486930649006709e+01
2.463621561233873436e+01
2.486186499731721966e+01
2.510061201200255709e+01
2.529486765499053647e+01
2.539259553743639231e+01
2.533528653224817973e+01
2.505764160306387112e+01
2.458497145353047841e+01
2.384963054857734122e+01
2.281912000007921648e+01
2.162486496001261926e+01
2.033530365855800071e+01
1.894294346633220982e+01
1.752989699402264279e+01
1.622074853150101248e+01
1.509511165682233980e+01
1.424896776518794539e+01
1.370938682234185890e+01
1.352537699727753662e+01
1.355279746592207246e+01
1.389419790694456225e+01
1.449726532209540508e+01
1.529441113417078668e+01
1.623125465622293007e+01
1.726839374501215829e+01
1.835070688008611128e+01
1.947072791788843915e+01
2.055913321746893985e+01
2.163603780975797974e+01
2.264732275518026583e+01
2.358864546131707485e+01
2.453428284602031795e+01
2.538578841973533429e+01
2.623131908843403437e+01
2.709565429065263231e+01
2.790747477342772598e+01
2.854416370600668529e+01
2.914232343115972057e+01
2.956478962430658441e+01
2.997078851588299386e+01
3.028612757679449174e+01
3.053867697538771253e+01
3.063113649461581645e+01
3.063346659388187376e+01
3.091611396413205881e+01
3.083381945922394252e+01
3.055013949988577338e+01
3.029571543471302064e+01
2.991667971497962597e+01
2.938113808673933391e+01
2.881308251017736666e+01
2.822533541116296263e+01
2.768762647569031543e+01
2.702958334361750303e+01
2.631722073729661204e+01
2.561778644059777577e+01
2.484111400418067461e+01
2.425128954081901966e+01
2.353637094064211510e+01
2.281867470351951255e+01
2.217174350187389464e+01
2.143149614282063453e+01
2.066770046495857471e+01
1.992817599209011092e+01
1.893287828135058959e+01
1.802126468659132641e+01
1.712248336738587184e+01
1.617626420773458307e+01
1.522861054264831182e+01
1.425734882867813624e+01
1.324983662798305240e+01
1.217373149350294170e+01
1.094041521755332269e+01
9.647567993509477802e+00
8.325753713287335600e+00
6.763612059833238987e+00
5.220959826478249965e+00
3.310321271950269484e+00
1.272010511345135431e+00
0.000000000000000000e+00
0.000000000000000000e+00
0.000000000000000000e+00
0.000000000000000000e+00
0.000000000000000000e+00
0.000000000000000000e+00
0.000000000000000000e+00
0.000000000000000000e+00
0.000000000000000000e+00
0.000000000000000000e+00
0.000000000000000000e+00
0.000000000000000000e+00
0.000000000000000000e+00
0.000000000000000000e+00
0.000000000000000000e+00
0.000000000000000000e+00
0.000000000000000000e+00
0.000000000000000000e+00
0.000000000000000000e+00
0.000000000000000000e+00
0.000000000000000000e+00
0.000000000000000000e+00
0.000000000000000000e+00
0.000000000000000000e+00
0.000000000000000000e+00
0.000000000000000000e+00
1.294997911605545671e+00
3.106866653855996585e+00
4.896735357425725077e+00
6.598554616790035965e+00
8.273067571778986107e+00
9.861627588686273427e+00
1.136098554207936928e+01
1.272996955100716399e+01
1.399890570357706032e+01
1.515166653909174777e+01
1.617031190377743854e+01
1.705687182781278466e+01
1.786116898427779276e+01
1.856068966471612924e+01
1.915814525690323578e+01
1.973551916114210769e+01
2.023631799916643814e+01
2.071456950136007436e+01
2.114718688512607514e+01
2.160217376730631145e+01
2.204863009396633799e+01
2.246296400890918221e+01
2.278112962806894259e+01
2.305481061926830577e+01
2.329389216749743596e+01
2.352377333865992881e+01
2.374814631006913146e+01
2.394071524519019789e+01
2.412343681083508784e+01
2.430058998344074084e+01
2.449137715754507383e+01
2.471613967253549049e+01
2.495496370185644253e+01
2.518096431243064615e+01
2.537049874615324896e+01
2.548475589932653307e+01
2.549854529062673336e+01
2.534193126644085226e+01
2.495181558528649646e+01
2.428988847027324738e+01
2.334841983549281963e+01
2.216007752995723123e+01
2.078810995604174749e+01
1.927810604971032760e+01
1.775373434801698735e+01
1.625278706566382070e+01
1.491015420764204435e+01
1.388867654419438580e+01
1.319281954968476889e+01
1.288263681574427544e+01
1.292352117207270901e+01
1.331473014321172776e+01
1.396896806455157858e+01
1.487242241889216388e+01
1.593620807896141400e+01
1.709342500566439682e+01
1.828281577264315771e+01
1.943525688337602020e+01
2.064275951495522676e+01
2.173036403442954523e+01
2.296484297003271635e+01
2.389765115316062705e+01
2.481836570539150699e+01
2.571869268787988005e+01
2.656212888156369445e+01
2.738013632181451484e+01
2.814597468789752099e+01
2.882960271321423562e+01
2.952510062062590990e+01
3.014744855422532055e+01
3.071208347113724813e+01
3.102974633671659177e+01
3.122682583548247592e+01
3.133191259584340926e+01
3.127627775168523527e+01
3.109506503768166397e+01
3.080414653785133083e+01
3.043049895719984832e+01
2.993441828388156978e+01
2.937122035585782953e+01
2.897701438820945441e+01
2.840300310382704296e+01
2.783667033731684626e+01
2.732219337813704740e+01
2.692643651258752158e+01
2.647093705891485982e+01
2.574126433963940030e+01
2.504233843583621422e+01
2.430696438991943964e+01
2.357371883067785845e+01
2.294375669488694314e+01
2.234725398904923566e+01
2.166596224693712713e+01
2.104901719536793081e+01
2.047606720804663283e+01
1.978759507143217888e+01
1.900685177870101938e+01
1.819034282819830395e+01
1.732199090154823296e+01
1.639402036052571887e+01
1.522837335898172206e+01
1.411542593020107361e+01
1.290443614155183383e+01
1.150649021962304452e+01
9.972482542168657815e+00
8.116601044335936876e+00
6.542071937085697897e+00
4.869751540316696214e+00
3.083323024517932609e+00
1.189478001014596886e+00
0.000000000000000000e+00
0.000000000000000000e+00
0.000000000000000000e+00
0.000000000000000000e+00
0.000000000000000000e+00
0.000000000000000000e+00
0.000000000000000000e+00
0.000000000000000000e+00
0.000000000000000000e+00
0.000000000000000000e+00
0.000000000000000000e+00
0.000000000000000000e+00
0.000000000000000000e+00
0.000000000000000000e+00
0.000000000000000000e+00
0.000000000000000000e+00
0.000000000000000000e+00
0.000000000000000000e+00
0.000000000000000000e+00
0.000000000000000000e+00
0.000000000000000000e+00
0.000000000000000000e+00
0.000000000000000000e+00
0.000000000000000000e+00
0.000000000000000000e+00
0.000000000000000000e+00
0.000000000000000000e+00
0.000000000000000000e+00
8.769790479179647713e-01
3.006007892646788804e+00
5.091508824218205831e+00
7.143989849982159690e+00
9.092218812671616135e+00
1.092572567928383798e+01
1.259872001133722819e+01
1.412266579824816226e+01
1.548591076672289546e+01
1.670760553713374463e+01
1.779154869857756438e+01
1.874627637400125835e+01
1.961626192975343841e+01
2.038552547123976311e+01
2.108629888830924060e+01
2.175173643511142529e+01
2.234948798854896168e+01
2.291908432201229218e+01
2.346870224893082479e+01
2.397462598780401777e+01
2.443726505464418963e+01
2.484395043315636187e+01
2.521801218362319830e+01
2.553702734214026293e+01
2.579258972614006495e+01
2.606512402377972748e+01
2.619091664765232963e+01
2.628845267451826828e+01
2.634908589780349786e+01
2.639061238310416257e+01
2.642363949866975403e+01
2.646973554714232435e+01
2.649755354827745535e+01
2.654554317684367959e+01
2.659963970042630876e+01
2.662525868066832757e+01
2.660444582135736624e+01
2.652475197441398436e+01
2.632763540552472392e+01
2.600686547042631247e+01
2.552660776139484966e+01
2.487444954448749002e+01
2.402993894164731614e+01
2.302429090120566357e+01
2.187909572812662162e+01
2.060770902298858331e+01
1.940829088939925384e+01
1.826439668460771770e+01
1.724950659293085309e+01
1.639175770807977273e+01
1.576923488285978081e+01
1.536041429712580708e+01
1.521216362634743646e+01
1.529955320124800977e+01
1.560613123084179676e+01
1.614129947371738893e+01
1.688731481650279065e+01
1.781788679479960180e+01
1.884157466049914120e+01
1.998542942996674299e+01
2.114720782421655798e+01
2.233424024005340769e+01
2.357909390212250500e+01
2.534095036908151144e+01
2.656591412980213462e+01
2.764745090544754547e+01
2.865738022952098873e+01
2.960353907119978345e+01
3.045565516029872910e+01
3.136361168558580204e+01
3.203251405315477740e+01
3.266345262142368711e+01
3.317834100790668117e+01
3.359638112171663238e+01
3.393135677164994490e+01
3.434432690967752677e+01
3.451254817181056467e+01
3.464521161833614826e+01
3.471186124895740477e+01
3.461994752324965674e+01
3.450230631913402846e+01
3.428674602334371002e+01
3.400940354391605069e+01
3.364958000993129161e+01
3.314813621373644992e+01
3.270663885678546023e+01
3.244916709259481280e+01
3.200104606850234745e+01
3.153513235427776351e+01
3.111217609754380220e+01
3.056534055266565275e+01
2.991961297142816534e+01
2.926165434924164543e+01
2.912258907952661602e+01
2.844359042153888240e+01
2.784982845662796080e+01
2.712249453881838335e+01
2.647812120499997590e+01
2.558015147126272737e+01
2.467322986854352962e+01
2.368040100093870137e+01
2.262705586575995653e+01
2.150120472616046996e+01
2.022520966018593214e+01
1.900849610593648364e+01
1.770879959331856668e+01
1.619906927848981937e+01
1.465715137120746014e+01
1.306010665980151231e+01
1.119673267809938189e+01
9.383938776839196194e+00
7.486949160854137197e+00
5.480966930957304584e+00
2.611812265694192892e+00
3.272368130399321839e-01
0.000000000000000000e+00
0.000000000000000000e+00
0.000000000000000000e+00
0.000000000000000000e+00
0.000000000000000000e+00
0.000000000000000000e+00
0.000000000000000000e+00
0.000000000000000000e+00
0.000000000000000000e+00
0.000000000000000000e+00
0.000000000000000000e+00
0.000000000000000000e+00
0.000000000000000000e+00
0.000000000000000000e+00
0.000000000000000000e+00
0.000000000000000000e+00
0.000000000000000000e+00
0.000000000000000000e+00
0.000000000000000000e+00
0.000000000000000000e+00
0.000000000000000000e+00
0.000000000000000000e+00
0.000000000000000000e+00
0.000000000000000000e+00
0.000000000000000000e+00
1.312489442286385088e+00
3.234903190000841366e+00
5.177389268758755492e+00
7.095004104245548504e+00
8.942493369595656105e+00
1.071421511088016665e+01
1.238048617608603763e+01
1.394451058928912346e+01
1.537987069600004020e+01
1.667501923589694712e+01
1.784809190111030475e+01
1.886337734812249423e+01
1.975967386125581982e+01
2.049776714271791889e+01
2.113763981375914014e+01
2.171603444620430423e+01
2.223672224907601702e+01
2.271744037582356768e+01
2.317814996267388494e+01
2.362766406454956680e+01
2.407079344154365685e+01
2.451583394446593545e+01
2.494876326713132286e+01
2.538844852629810589e+01
2.578528983422643250e+01
2.615805278819360069e+01
2.649490983897262097e+01
2.681405040639497983e+01
2.709783904906975849e+01
2.736129664426870534e+01
2.758777487916710314e+01
2.780817624349477413e+01
2.801105381863221311e+01
2.823387260185595693e+01
2.843141809007866527e+01
2.852781823235781644e+01
2.851829048608970751e+01
2.834231614671236343e+01
2.793447897599873642e+01
2.726344943269527477e+01
2.629183538169222345e+01
2.502517487971822163e+01
2.349788916136651906e+01
2.175071956560596220e+01
1.991769937356815134e+01
1.811605678537735997e+01
1.646885040841061354e+01
1.507691997920717064e+01
1.402768685148235228e+01
1.337446733956221046e+01
1.313104261754946656e+01
1.328932437063509830e+01
1.379894385841173055e+01
1.458152070697165925e+01
1.556820662789394660e+01
1.675284131804707854e+01
1.805411057401363450e+01
1.934737111018494105e+01
2.062204005914171034e+01
2.188678675688912989e+01
2.310948964016316509e+01
2.436359037636819380e+01
2.548937222121666224e+01
2.658737197411899800e+01
2.767884886328181437e+01
2.885438057277945845e+01
3.000796032277277448e+01
3.096455924400092030e+01
3.186434520261232350e+01
3.268392379432869177e+01
3.342082003216368946e+01
3.406634402230930192e+01
3.463549750778522451e+01
3.512731790194094117e+01
3.563655729822033180e+01
3.610401894874364359e+01
3.639275908839794482e+01
3.651361909510738002e+01
3.647637787630113593e+01
3.631723345764007860e+01
3.606801900488726886e+01
3.566621958049881158e+01
3.521641848722041601e+01
3.470324223839830324e+01
3.414522402597926032e+01
3.352848670783983920e+01
3.300289857764001766e+01
3.239896020353415196e+01
3.213092195737011281e+01
3.155585687474181356e+01
3.095348165012337915e+01
3.042633766059269718e+01
2.986249818479626228e+01
2.932811732303306584e+01
2.873749710351244957e+01
2.794345613144670537e+01
2.724174254058540967e+01
2.639634378986114882e+01
2.557156199299566524e+01
2.469914549636132861e+01
2.376407337269163023e+01
2.282717228710178858e+01
2.180254612487231114e+01
2.071868769688333600e+01
1.953934931616834092e+01
1.828108971428545715e+01
1.677971207133055032e+01
1.524364978063734810e+01
1.319023179081009722e+01
1.124333144169368204e+01
9.187385600354517123e+00
6.893584606667495507e+00
4.425316124762705527e+00
1.757213227064193806e+00
0.000000000000000000e+00
0.000000000000000000e+00
0.000000000000000000e+00
0.000000000000000000e+00
0.000000000000000000e+00
0.000000000000000000e+00
0.000000000000000000e+00
0.000000000000000000e+00
0.000000000000000000e+00
0.000000000000000000e+00
0.000000000000000000e+00
0.000000000000000000e+00
0.000000000000000000e+00
0.000000000000000000e+00
0.000000000000000000e+00
0.000000000000000000e+00
0.000000000000000000e+00
0.000000000000000000e+00
0.000000000000000000e+00
0.000000000000000000e+00
0.000000000000000000e+00
0.000000000000000000e+00
0.000000000000000000e+00
0.000000000000000000e+00
7.285190264653573777e-01
2.380819452362051614e+00
4.043438648999909013e+00
5.664605539470024098e+00
7.236856078169655149e+00
8.735200496854073293e+00
1.018072227409135166e+01
1.157003175596378597e+01
1.289335067484302044e+01
1.415225105761952307e+01
1.534998762736463007e+01
1.648396388587551442e+01
1.755810317476612070e+01
1.856530017412617539e+01
1.950597142214570567e+01
2.039099438399263420e+01
2.120670369743311312e+01
2.193673127371551956e+01
2.255805721498735394e+01
2.307951471663121623e+01
2.348682170113630718e+01
2.379351468287416083e+01
2.405964287835134030e+01
2.438869736660662113e+01
2.460420089100796659e+01
2.457685369642046780e+01
2.450606091048591750e+01
2.444476967872185469e+01
2.437350839828742721e+01
2.433516487538772566e+01
2.434438103899201522e+01
2.441350005216562025e+01
2.454051393068402120e+01
2.470905377415814286e+01
2.490539944430834396e+01
2.509320686018455859e+01
2.523398067914235909e+01
2.528758930609779298e+01
2.520595150758057201e+01
2.495566504157204335e+01
2.448087265896062092e+01
2.379619309301376262e+01
2.290575399901378972e+01
2.169528977034626394e+01
2.031483736347234981e+01
1.909411396134420613e+01
1.793506288509351521e+01
1.691094566205149619e+01
1.613893223357090179e+01
1.561149365616243578e+01
1.541324767005455243e+01
1.551151720888294960e+01
1.586262521120688973e+01
1.644394072723249778e+01
1.723410256310353006e+01
1.823647911747573502e+01
1.929864006298037893e+01
2.045693423744880590e+01
2.160358654293420955e+01
2.275534786783363472e+01
2.396183020661333174e+01
2.510930560268419143e+01
2.615108478682644488e+01
2.742096300774005613e+01
2.851188624676566974e+01
2.945510011262738459e+01
3.023398858109526444e+01
3.093735477592603189e+01
3.154032743652879489e+01
3.212822482867200335e+01
3.268698133961106578e+01
3.300824257807296647e+01
3.337924057746671735e+01
3.357078953814282585e+01
3.376359485793118154e+01
3.401965364364381372e+01
3.402557938330986076e+01
3.396399137151214376e+01
3.381491038369659918e+01
3.364130873828525381e+01
3.349596562181366011e+01
3.328578924951006002e+01
3.313442073629252604e+01
3.278265664372686672e+01
3.240786009294473047e+01
3.222492912968703394e+01
3.212438854331189475e+01
3.184297974133712117e+01
3.158999643006622549e+01
3.124321250227964697e+01
3.079888166405712724e+01
3.046099795081084949e+01
2.994506936571643863e+01
2.943252000691946435e+01
2.878426971902587184e+01
2.795641105125791626e+01
2.711422750822002925e+01
2.628213305349615325e+01
2.542560246359028753e+01
2.447686236917097347e+01
2.336830547690535909e+01
2.224913169358681841e+01
2.098632409439906255e+01
1.980720495620855459e+01
1.852384186399787680e+01
1.700870571765879546e+01
1.519811270618214394e+01
1.353585449626898907e+01
1.165379594468728541e+01
9.655682134561324403e+00
7.525809530148752202e+00
5.085667443589553471e+00
2.622888228554204559e+00
6.763918213158214010e-02
0.000000000000000000e+00
0.000000000000000000e+00
0.000000000000000000e+00
0.000000000000000000e+00
0.000000000000000000e+00
0.000000000000000000e+00
0.000000000000000000e+00
0.000000000000000000e+00
0.000000000000000000e+00
0.000000000000000000e+00
0.000000000000000000e+00
0.000000000000000000e+00
0.000000000000000000e+00
0.000000000000000000e+00
0.000000000000000000e+00
0.000000000000000000e+00
0.000000000000000000e+00
0.000000000000000000e+00
0.000000000000000000e+00
0.000000000000000000e+00
0.000000000000000000e+00
0.000000000000000000e+00
0.000000000000000000e+00
0.000000000000000000e+00
0.000000000000000000e+00
1.598762616767400280e+00
3.316776881773343177e+00
5.022882068273062828e+00
6.676715819381801253e+00
8.256674803684859398e+00
9.733577474082697023e+00
1.111017842959865476e+01
1.234044238646672653e+01
1.348111223080358201e+01
1.450729269388727438e+01
1.543555069113159028e+01
1.625274045388002264e+01
1.697420109105555142e+01
1.763629077277150614e+01
1.817727680772861021e+01
1.872213704165289982e+01
1.917920530784476441e+01
1.958186412896382222e+01
1.993151951045804537e+01
2.020851676072314618e+01
2.047899112566176427e+01
2.068713260016894750e+01
2.088331979139127270e+01
2.104227884978499219e+01
2.119797368359076017e+01
2.134455585664356647e+01
2.150541503024081180e+01
2.167645547727801514e+01
2.186881876984410056e+01
2.208756883841802221e+01
2.233367646660075323e+01
2.262427453597975102e+01
2.287654424249305052e+01
2.316395912713561600e+01
2.332468690130856714e+01
2.340018787435062819e+01
2.329073979382854986e+01
2.298344502311843485e+01
2.250495992079046204e+01
2.173800144872281948e+01
2.072147904615109226e+01
1.951858010040179181e+01
1.816951547625593477e+01
1.678003003412743510e+01
1.542943474984602226e+01
1.426551322486977824e+01
1.328319134002297908e+01
1.259392381210433598e+01
1.221090006969673603e+01
1.215740235081871212e+01
1.239584407423069834e+01
1.287028340796472037e+01
1.358419302077595603e+01
1.445433744557601585e+01
1.548429413270776678e+01
1.652284921970830922e+01
1.774117374141322401e+01
1.890775313656486389e+01
1.996947484298404163e+01
2.105059980777251383e+01
2.211186970484113701e+01
2.311966863751258927e+01
2.407647088863615181e+01
2.504718186107365341e+01
2.599519025646154802e+01
2.680119870487550315e+01
2.757710235972193757e+01
2.837886697581659234e+01
2.910305651833749252e+01
3.012474597863069548e+01
3.061713148871194790e+01
3.099175429930918568e+01
3.137482624629488726e+01
3.163351101297598689e+01
3.200687845502697826e+01
3.203746598691440539e+01
3.204168575425175192e+01
3.184864390481048702e+01
3.161858897605794283e+01
3.133872687921708788e+01
3.100330598775241242e+01
3.062954511078347153e+01
3.025460211287034085e+01
2.982045114580915524e+01
2.960693642639968459e+01
2.942857560244879167e+01
2.910230896172238602e+01
2.861850384740063902e+01
2.825011690321756674e+01
2.750351969840302857e+01
2.684386407320848278e+01
2.613431559288761363e+01
2.534954654582389821e+01
2.453790928095426693e+01
2.345500196236268664e+01
2.249295691997270552e+01
2.142636217973178248e+01
2.041175071273892172e+01
1.937275161571685800e+01
1.825305405713469753e+01
1.712431015342791696e+01
1.591416414038523186e+01
1.461227171188474472e+01
1.322906198846602344e+01
1.157264871787467442e+01
9.537190185384046615e+00
7.533926122372848866e+00
5.444009684548291261e+00
2.877668436145256692e+00
5.521266728865917850e-01
0.000000000000000000e+00
0.000000000000000000e+00
0.000000000000000000e+00
0.000000000000000000e+00
0.000000000000000000e+00
0.000000000000000000e+00
0.000000000000000000e+00
0.000000000000000000e+00
0.000000000000000000e+00
0.000000000000000000e+00
0.000000000000000000e+00
0.000000000000000000e+00
0.000000000000000000e+00
0.000000000000000000e+00
0.000000000000000000e+00
0.000000000000000000e+00
0.000000000000000000e+00
0.000000000000000000e+00
0.000000000000000000e+00
0.000000000000000000e+00
0.000000000000000000e+00
0.000000000000000000e+00
0.000000000000000000e+00
0.000000000000000000e+00
9.822360389917129675e-01
2.697427759740039122e+00
4.393293551950502973e+00
6.074071797777671478e+00
7.708908678034467776e+00
9.233236906981536762e+00
1.068718421203903901e+01
1.200844657745132515e+01
1.323578680556501119e+01
1.444394412548822260e+01
1.556989674953486613e+01
1.663157795098098291e+01
1.764029995659836203e+01
1.860178169374253798e+01
1.955052357320880319e+01
2.045663406238787019e+01
2.134772144146369399e+01
2.225142473562497614e+01
2.314011406073385757e+01
2.398429363489621480e+01
2.477420049896822718e+01
2.547890495313865955e+01
2.610804378392741398e+01
2.667866759527193210e+01
2.712653011880440346e+01
2.758317084842208544e+01
2.780899199492963803e+01
2.794286462776274504e+01
2.795378417913828173e+01
2.790738087680354695e+01
2.785274851938408602e+01
2.778916581732590529e+01
2.771930732672425535e+01
2.770952493131068906e+01
2.772579492503233212e+01
2.778895490538561219e+01
2.788189938404279644e+01
2.796950086862595697e+01
2.802582174955392702e+01
2.799000965372541216e+01
2.781380745382903896e+01
2.742589665211328054e+01
2.680215932148794522e+01
2.586122041661075954e+01
2.467882932205920099e+01
2.314064411158141610e+01
2.154236755431808348e+01
1.989090427767605007e+01
1.832764289195820950e+01
1.691741798073120506e+01
1.571446126263397325e+01
1.483121593449594222e+01
1.429447379179149280e+01
1.409348883601593982e+01
1.423608805347450357e+01
1.469906139801408962e+01
1.538625397934728589e+01
1.625440006114301283e+01
1.735407470188374290e+01
1.856732911736909486e+01
1.971894067214269342e+01
2.081881231385238706e+01
2.188589501685914485e+01
2.312570494211765038e+01
2.427992510571321461e+01
2.538866016607740050e+01
2.654435815075935068e+01
2.744473325717755330e+01
2.829739163569395899e+01
2.905174994602438332e+01
2.970002239804476929e+01
3.028110629687529354e+01
3.076859685424338053e+01
3.118176385735274891e+01
3.155821666954743421e+01
3.178015645408272860e+01
3.187675878595771906e+01
3.202454513505397671e+01
3.195092439955974584e+01
3.194768637808022049e+01
3.166052999708551496e+01
3.143294617584041362e+01
3.116274929523713766e+01
3.065367943407848728e+01
3.008226345961143267e+01
2.947519287734543880e+01
2.879500191319361591e+01
2.819027473975259213e+01
2.755031637526586863e+01
2.696891286451572967e+01
2.631896562496159575e+01
2.563669609962598273e+01
2.501329820106372992e+01
2.450870214105285783e+01
2.375679531057626548e+01
2.309884090976832027e+01
2.248875002182531446e+01
2.178280302327115336e+01
2.098251653910979542e+01
1.993689871520535917e+01
1.900148742462710771e+01
1.796126145184163647e+01
1.685922841827704133e+01
1.581391194527444100e+01
1.471851587404967177e+01
1.354477738249534724e+01
1.232063260832900831e+01
1.100278438330356323e+01
9.627492690382801754e+00
8.108962574320198513e+00
6.542866018693169750e+00
4.860753820775444822e+00
3.001949911930897663e+00
7.142364311826782108e-01
0.000000000000000000e+00
0.000000000000000000e+00
0.000000000000000000e+00
0.000000000000000000e+00
0.000000000000000000e+00
0.000000000000000000e+00
0.000000000000000000e+00
0.000000000000000000e+00
0.000000000000000000e+00
0.000000000000000000e+00
0.000000000000000000e+00
0.000000000000000000e+00
0.000000000000000000e+00
0.000000000000000000e+00
0.000000000000000000e+00
0.000000000000000000e+00
0.000000000000000000e+00
0.000000000000000000e+00
0.000000000000000000e+00
0.000000000000000000e+00
0.000000000000000000e+00
0.000000000000000000e+00
0.000000000000000000e+00
0.000000000000000000e+00
0.000000000000000000e+00
0.000000000000000000e+00
0.000000000000000000e+00
0.000000000000000000e+00
0.000000000000000000e+00
0.000000000000000000e+00
1.780713574393677723e+00
3.839125266666263858e+00
5.879441411568908649e+00
7.849315388041460118e+00
9.712615560280578819e+00
1.150017984898254575e+01
1.316966646170724609e+01
1.473497903422631161e+01
1.613961650616758092e+01
1.744500162855377212e+01
1.860809862204957454e+01
1.967279459166583422e+01
2.061668523975000511e+01
2.147279589964277591e+01
2.221029321193218564e+01
2.288167360983043253e+01
2.347545907688544276e+01
2.398329457131126219e+01
2.442267240538747330e+01
2.478172262281108829e+01
2.507276911817769260e+01
2.530980681677093358e+01
2.564359543647518791e+01
2.583400420519032181e+01
2.602773522063888834e+01
2.615403784611206106e+01
2.629530569182196231e+01
2.640954117149793490e+01
2.655903951439355026e+01
2.674161657884873478e+01
2.695361699514648990e+01
2.717847418436823759e+01
2.740297010512117737e+01
2.759485161709825007e+01
2.774660606137788932e+01
2.776906645852191957e+01
2.763260995262246666e+01
2.728362712158637038e+01
2.670482772433568996e+01
2.586803776446798508e+01
2.479821383245317179e+01
2.348499603284291481e+01
2.193598510590589257e+01
2.039964402726257475e+01
1.881855614259852061e+01
1.741698496652378836e+01
1.621106633528705387e+01
1.531595894513013789e+01
1.472641343635822153e+01
1.444492620939989891e+01
1.448221431099406509e+01
1.481791592830620630e+01
1.542398681156277895e+01
1.624131572504287035e+01
1.721216360777440713e+01
1.838034192235131670e+01
1.961273533681805148e+01
2.086895728914097958e+01
2.208096796174428533e+01
2.334157286594022551e+01
2.461700451728449579e+01
2.590212186951956141e+01
2.694169449142965078e+01
2.802855960063661911e+01
2.897450006373875908e+01
3.001379122941085598e+01
3.091188797100029717e+01
3.169487312117017908e+01
3.229136281700197486e+01
3.283664694768204839e+01
3.324436189406737441e+01
3.363471322327634283e+01
3.397302756053354500e+01
3.412721708211721250e+01
3.429200473988117892e+01
3.445779599821064920e+01
3.433792324030455489e+01
3.413011211831860692e+01
3.391311215904968890e+01
3.424767545697687865e+01
3.388646486355583676e+01
3.350612876272699481e+01
3.306907500837355229e+01
3.253071157233019761e+01
3.198941668193518950e+01
3.140719071275516683e+01
3.084827099417286789e+01
3.027663284938576638e+01
2.966581344618678173e+01
2.899224675738107848e+01
2.830255668502574906e+01
2.759615510753425838e+01
2.709365262374333483e+01
2.641859362512108333e+01
2.565361505818397347e+01
2.471824342951448727e+01
2.381582359188571729e+01
2.292319864768062132e+01
2.187115793767140559e+01
2.033206583750177288e+01
1.916828890945772557e+01
1.789946918196472936e+01
1.663181248132305257e+01
1.534703353274952775e+01
1.399443665703624973e+01
1.253473040623761570e+01
1.087624244218610592e+01
9.097998806301200503e+00
7.263475373756768327e+00
5.317191375619299443e+00
3.248976698107971295e+00
1.016148643578738575e+00
0.000000000000000000e+00
0.000000000000000000e+00
0.000000000000000000e+00
0.000000000000000000e+00
0.000000000000000000e+00
0.000000000000000000e+00
0.000000000000000000e+00
0.000000000000000000e+00
0.000000000000000000e+00
0.000000000000000000e+00
0.000000000000000000e+00
0.000000000000000000e+00
0.000000000000000000e+00
0.000000000000000000e+00
0.000000000000000000e+00
0.000000000000000000e+00
0.000000000000000000e+00
0.000000000000000000e+00
0.000000000000000000e+00
0.000000000000000000e+00
0.000000000000000000e+00
0.000000000000000000e+00
0.000000000000000000e+00
0.000000000000000000e+00
1.034706951929512536e-01
2.025580599434018136e+00
3.937533246382665553e+00
5.824057945814217874e+00
7.659635945471490182e+00
9.440407413795593783e+00
1.113968745014411255e+01
1.272386920064911919e+01
1.417615846110651034e+01
1.556345029077989039e+01
1.683085491160600355e+01
1.800065524058911848e+01
1.907049592709775609e+01
1.999294130483667686e+01
2.090031191646598074e+01
2.173139605755605075e+01
2.253409587099184819e+01
2.328211991215556154e+01
2.399168482179985062e+01
2.467391953597590515e+01
2.534382769383285705e+01
2.591938832857798758e+01
2.639750174930159332e+01
2.679796449964716487e+01
2.712386948859770541e+01
2.737144746931220141e+01
2.758384905291557132e+01
2.765790998635891995e+01
2.767539617102409721e+01
2.765739905312718250e+01
2.764914679300729006e+01
2.766228745973360859e+01
2.771425423248372510e+01
2.781343585377728189e+01
2.795609895538551726e+01
2.810674626905047546e+01
2.823304174979608305e+01
2.827471780180894356e+01
2.816615120928240401e+01
2.784632531499175911e+01
2.726664428684435038e+01
2.638841007580990805e+01
2.529514684217128107e+01
2.400787099554663939e+01
2.257077514599158263e+01
2.105265588350315653e+01
1.949069797220414202e+01
1.817033421810806715e+01
1.702569286302483675e+01
1.615700014070322865e+01
1.560649224356848030e+01
1.541025372474963540e+01
1.554340933240446354e+01
1.601114688641622408e+01
1.671737687611650003e+01
1.758439634493085180e+01
1.857973395835039554e+01
1.967140063941496919e+01
2.079031875368671223e+01
2.204455662727124832e+01
2.317162621420651547e+01
2.419778436729074755e+01
2.512368451687119730e+01
2.597242272556639620e+01
2.678976644230424498e+01
2.752457207415544715e+01
2.818255573992196616e+01
2.885928352385604967e+01
2.937187687697533178e+01
2.982711992534636636e+01
3.022517461404657624e+01
3.061143652432334150e+01
3.080730135695267791e+01
3.088714491486703650e+01
3.085980265021792235e+01
3.069979164599240207e+01
3.040726616949366701e+01
3.010516848785230337e+01
2.974513598156170957e+01
2.910196567944525015e+01
2.847178748434901863e+01
2.778422312166129160e+01
2.718046984417200918e+01
2.654228556866604549e+01
2.582245366334538517e+01
2.523915026604687739e+01
2.450270420574378960e+01
2.375726628920271821e+01
2.294420213669282305e+01
2.219737782562139827e+01
2.144886093081236567e+01
2.060059923741752286e+01
1.974470454439020983e+01
1.888469601891723570e+01
1.804835558177723343e+01
1.717471564991523891e+01
1.630472223344244753e+01
1.541518285136395505e+01
1.451992179296428276e+01
1.366923114120674043e+01
1.284842581664639560e+01
1.185721322531596300e+01
1.084566743702303171e+01
9.735760224296640786e+00
8.643381350861970347e+00
7.360373628723724693e+00
6.157169566780392955e+00
4.824263593188064192e+00
3.556233518275530692e+00
2.119409261127950916e+00
5.660251052277115447e-01
0.000000000000000000e+00
0.000000000000000000e+00
0.000000000000000000e+00
0.000000000000000000e+00
0.000000000000000000e+00
0.000000000000000000e+00
0.000000000000000000e+00
0.000000000000000000e+00
0.000000000000000000e+00
0.000000000000000000e+00
0.000000000000000000e+00
0.000000000000000000e+00
0.000000000000000000e+00
0.000000000000000000e+00
0.000000000000000000e+00
0.000000000000000000e+00
0.000000000000000000e+00
0.000000000000000000e+00
0.000000000000000000e+00
0.000000000000000000e+00
0.000000000000000000e+00
0.000000000000000000e+00
0.000000000000000000e+00
0.000000000000000000e+00
0.000000000000000000e+00
0.000000000000000000e+00
0.000000000000000000e+00
0.000000000000000000e+00
0.000000000000000000e+00
0.000000000000000000e+00
5.832762738818869641e-01
2.822521298677337143e+00
5.084158048069801872e+00
7.326892556285706348e+00
9.523121203834927329e+00
1.163360109979070600e+01
1.361567339587607961e+01
1.546416771214058805e+01
1.710879482876980617e+01
1.862976247732913393e+01
1.999927060040359450e+01
2.121605853742769909e+01
2.226295096533303308e+01
2.316519400962808461e+01
2.391753646211690310e+01
2.455313176857806567e+01
2.507208277384393469e+01
2.550713263311533296e+01
2.585792953930099003e+01
2.616701250981559213e+01
2.641752351855313918e+01
2.664629518094136529e+01
2.686459103297839945e+01
2.705026629154774653e+01
2.732684635869732404e+01
2.750287758835114005e+01
2.761373989501139548e+01
2.773787193789288708e+01
2.781780073386575225e+01
2.789643827513748420e+01
2.797298163568253315e+01
2.805763930510892834e+01
2.813926375940211599e+01
2.825756650555231886e+01
2.836369981401528761e+01
2.846552144486595992e+01
2.855722686307602842e+01
2.858881775829395977e+01
2.855674392495575020e+01
2.837275497331717133e+01
2.803497795209908361e+01
2.744299020377811971e+01
2.659818884520378290e+01
2.550409940150588639e+01
2.410856590568987556e+01
2.265360911875634997e+01
2.116463519551779626e+01
1.966353656688199436e+01
1.829935221125199263e+01
1.714857357880681832e+01
1.626663806109870336e+01
1.569461105170437420e+01
1.548092070366429596e+01
1.558256467689771796e+01
1.599368063272939189e+01
1.666470114285449000e+01
1.752329631323487291e+01
1.855849847940027786e+01
1.969224981236187944e+01
2.085634440938075329e+01
2.199464057741396061e+01
2.315440922286701309e+01
2.434690952789286200e+01
2.547368860158290005e+01
2.664903133629312748e+01
2.801111711287890316e+01
2.903939593054507995e+01
3.011788465907552848e+01
3.112050349755777745e+01
3.198978441500606351e+01
3.311916846752126986e+01
3.386421971672165654e+01
3.456082645732353598e+01
3.516042171363346114e+01
3.569737256027175221e+01
3.638508419495405377e+01
3.687291970850342437e+01
3.747503827323726000e+01
3.760935518379070430e+01
3.777395825864976331e+01
3.773327256938164709e+01
3.759791204354845462e+01
3.733933251768375783e+01
3.700177205338518860e+01
3.664202094779987107e+01
3.620162500940637074e+01
3.574023455902337076e+01
3.522549308885336217e+01
3.470727025269007271e+01
3.421328461698346501e+01
3.362085115831151683e+01
3.315835361186278618e+01
3.283836312448464412e+01
3.241086701101917100e+01
3.196358113541377932e+01
3.133020005031353961e+01
3.075456825305362329e+01
2.986283008543956896e+01
2.928128158761459332e+01
2.849118142523674990e+01
2.780895122256328733e+01
2.708538658406121158e+01
2.643081632725518659e+01
2.559481347716649680e+01
2.461910587945205364e+01
2.335767049485477287e+01
2.214921241491520831e+01
2.075157004562432661e+01
1.920665039540883257e+01
1.750259649687269814e+01
1.549972622810085277e+01
1.331755491103274203e+01
1.054400316772856172e+01
7.869071308367233897e+00
5.066319618004210490e+00
2.176446679437765930e+00
0.000000000000000000e+00
0.000000000000000000e+00
0.000000000000000000e+00
0.000000000000000000e+00
0.000000000000000000e+00
0.000000000000000000e+00
0.000000000000000000e+00
0.000000000000000000e+00
0.000000000000000000e+00
0.000000000000000000e+00
0.000000000000000000e+00
0.000000000000000000e+00
0.000000000000000000e+00
0.000000000000000000e+00
0.000000000000000000e+00
0.000000000000000000e+00
0.000000000000000000e+00
0.000000000000000000e+00
0.000000000000000000e+00
0.000000000000000000e+00
0.000000000000000000e+00
0.000000000000000000e+00
6.249797351745387669e-02
1.631569354703625407e+00
3.212503853176380098e+00
4.821309740628691998e+00
6.424561683478042795e+00
8.010089478136208641e+00
9.582400122682436461e+00
1.109731563424937661e+01
1.257604591189057608e+01
1.399116476492350003e+01
1.535809165047064795e+01
1.671692247992098146e+01
1.797357090323490780e+01
1.920232090598437580e+01
2.041868237136629816e+01
2.155751032175983539e+01
2.263817807718074349e+01
2.358755015006430256e+01
2.440981506208867557e+01
2.508043537434952697e+01
2.559108460255529849e+01
2.593489579836942482e+01
2.613038205691883320e+01
2.615614913479979720e+01
2.606959020979541108e+01
2.588855977442985079e+01
2.567653451213890392e+01
2.549929962318362087e+01
2.535611770400340603e+01
2.531451155788726837e+01
2.539164525853669829e+01
2.557144585496132549e+01
2.588184076367969055e+01
2.625843596411480263e+01
2.659498933828668044e+01
2.695119621924709108e+01
2.712830677985394345e+01
2.714971381716556209e+01
2.687464398098529728e+01
2.630130821671573926e+01
2.539316080211814963e+01
2.414990128015917747e+01
2.259727615596984762e+01
2.086131599443109508e+01
1.907231657810858749e+01
1.734324931760746225e+01
1.578513026823178045e+01
1.451407396521918081e+01
1.364480075911609802e+01
1.319000460595104407e+01
1.314445381804501700e+01
1.347613484353494329e+01
1.411372671925376565e+01
1.499477576000754198e+01
1.602991366622569558e+01
1.721302351866548364e+01
1.850388645399304366e+01
1.988785980934640918e+01
2.103761308172241229e+01
2.215947742894952910e+01
2.322676866660223283e+01
2.425331159432074557e+01
2.521631367638866195e+01
2.630498722368933073e+01
2.728051967027904823e+01
2.818320376934570959e+01
2.912609315824428791e+01
2.994027470920401157e+01
3.069325124438050878e+01
3.133064391375154045e+01
3.193071396595561851e+01
3.239077287888044054e+01
3.280567077060911174e+01
3.310912352388427138e+01
3.332361807054183345e+01
3.352846529160121491e+01
3.346493103483853560e+01
3.333181119192884267e+01
3.342504622265182235e+01
3.321257886850520435e+01
3.286893230803649857e+01
3.242996575480229637e+01
3.193503488736758555e+01
3.134920305397962181e+01
3.079287203256062710e+01
3.022573343127447743e+01
2.954033426804254603e+01
2.889999634703478648e+01
2.814201625223233805e+01
2.734812672395177913e+01
2.656325437075923901e+01
2.584666671604987442e+01
2.503624947920335586e+01
2.414255212656755134e+01
2.319832866408552619e+01
2.214246828941947598e+01
2.115019732153076504e+01
2.009318422659704595e+01
1.889382709030534002e+01
1.773726738534915270e+01
1.663321882267399232e+01
1.552861016799393923e+01
1.439818676216868987e+01
1.316110185311357306e+01
1.183305557026378985e+01
1.042560442482888838e+01
8.867786911427026908e+00
7.236412478317124197e+00
5.494960971827952179e+00
3.719504225531321318e+00
1.775668259127249016e+00
0.000000000000000000e+00
0.000000000000000000e+00
0.000000000000000000e+00
0.000000000000000000e+00
0.000000000000000000e+00
0.000000000000000000e+00
0.000000000000000000e+00
0.000000000000000000e+00
0.000000000000000000e+00
0.000000000000000000e+00
0.000000000000000000e+00
0.000000000000000000e+00
0.000000000000000000e+00
0.000000000000000000e+00
0.000000000000000000e+00
0.000000000000000000e+00
0.000000000000000000e+00
0.000000000000000000e+00
0.000000000000000000e+00
0.000000000000000000e+00
0.000000000000000000e+00
0.000000000000000000e+00
0.000000000000000000e+00
0.000000000000000000e+00
0.000000000000000000e+00
0.000000000000000000e+00
7.114328580422190074e-01
2.744348229685424911e+00
4.743129129659898524e+00
6.741461513672702743e+00
8.646012720368416282e+00
1.043369032441527899e+01
1.205991594400272859e+01
1.352883011383929990e+01
1.484077781050713440e+01
1.598016845924811413e+01
1.694178767246951267e+01
1.775795319332637234e+01
1.845472776634863976e+01
1.907079595163866870e+01
1.963178095590678041e+01
2.015471042103796862e+01
2.065752203172781520e+01
2.115447490236337913e+01
2.166373896661910337e+01
2.222997598078258363e+01
2.281135206701246787e+01
2.335066798044805125e+01
2.386351145630155202e+01
2.430173885490910379e+01
2.466987012616538522e+01
2.497431766623828153e+01
2.518808705877459886e+01
2.534815209491614496e+01
2.538578967389620189e+01
2.540224953829777021e+01
2.537762457025615603e+01
2.536712377592273882e+01
2.534712837907592586e+01
2.531332596182030414e+01
2.525706226105553043e+01
2.515556118730691892e+01
2.497339880467498219e+01
2.464424962485101744e+01
2.414648067478822213e+01
2.341458108696160423e+01
2.245763785822286707e+01
2.133111697343252189e+01
2.007486268650328753e+01
1.880231765256580800e+01
1.756537850706953563e+01
1.646815526907139926e+01
1.554089104384905617e+01
1.487621785310648193e+01
1.452889542392608568e+01
1.447244379073033649e+01
1.473850330578592072e+01
1.524075056117549565e+01
1.599374318399163464e+01
1.691730964750129829e+01
1.812692909481452119e+01
1.933763387078908735e+01
2.064379422405986020e+01
2.189536841720290283e+01
2.307154068087907461e+01
2.426760869163787504e+01
2.542546110378756907e+01
2.657029983401905682e+01
2.764689205650576653e+01
2.868947193778480198e+01
2.967598109306739218e+01
3.061724004151486866e+01
3.155791805174039411e+01
3.241284388695583374e+01
3.316332153892187051e+01
3.387006504688672948e+01
3.447494401797272445e+01
3.498996915852280409e+01
3.547639601876614535e+01
3.585041791987150361e+01
3.604925989462883251e+01
3.616902945552574522e+01
3.650212492589854918e+01
3.693138792006467241e+01
3.664344765378506708e+01
3.626338500783639773e+01
3.588207023205873014e+01
3.532037975625102177e+01
3.464525623493440776e+01
3.393108153399824545e+01
3.306038441780874848e+01
3.217842565169330982e+01
3.127795527416272137e+01
3.038142479385734518e+01
2.935052832650745813e+01
2.843807042771048543e+01
2.745179993557037790e+01
2.638370917313033814e+01
2.528263269055725004e+01
2.417028173342733410e+01
2.297475436454861608e+01
2.174213149303353632e+01
2.026505719222645041e+01
1.871212151910534871e+01
1.748664362274986317e+01
1.619774886102964828e+01
1.474312900070189691e+01
1.337391132491427470e+01
1.201420516386366799e+01
1.053601505767807822e+01
9.128298110278704414e+00
7.595949163397756720e+00
5.865310397958213073e+00
3.963884933372264996e+00
2.129521949343087694e+00
0.000000000000000000e+00
0.000000000000000000e+00
0.000000000000000000e+00
0.000000000000000000e+00
0.000000000000000000e+00
0.000000000000000000e+00
0.000000000000000000e+00
0.000000000000000000e+00
0.000000000000000000e+00
0.000000000000000000e+00
0.000000000000000000e+00
0.000000000000000000e+00
0.000000000000000000e+00
0.000000000000000000e+00
0.000000000000000000e+00
0.000000000000000000e+00
0.000000000000000000e+00
0.000000000000000000e+00
0.000000000000000000e+00
0.000000000000000000e+00
0.000000000000000000e+00
0.000000000000000000e+00
0.000000000000000000e+00
0.000000000000000000e+00
0.000000000000000000e+00
0.000000000000000000e+00
0.000000000000000000e+00
0.000000000000000000e+00
5.780346914984751255e-02
2.141961879562475968e+00
4.233166545356167099e+00
6.312699776600731560e+00
8.318598238146808654e+00
1.013607048741677552e+01
1.184181071032938881e+01
1.340135521585762035e+01
1.483524081422773477e+01
1.608773966603047967e+01
1.719543311783332484e+01
1.814699283276664588e+01
1.898310790308849860e+01
1.976994048570540841e+01
2.049381562396994738e+01
2.116282370246760536e+01
2.178561844796372782e+01
2.238933670591805480e+01
2.296177033830552361e+01
2.351638838429137479e+01
2.403250049195695226e+01
2.455934617646350659e+01
2.496191121492540432e+01
2.528094273621214683e+01
2.553689369865533365e+01
2.569767215125969173e+01
2.578525452074948987e+01
2.604269034657189863e+01
2.608407315500078028e+01
2.609273425468460417e+01
2.605145011122669985e+01
2.602981948070298301e+01
2.604793417386607146e+01
2.605836869243035636e+01
2.604408233499838232e+01
2.599071685301538182e+01
2.582398759379928777e+01
2.550050084258398897e+01
2.497890540978974983e+01
2.418830216303663150e+01
2.312932478814921922e+01
2.177802170109920610e+01
2.024781068655235572e+01
1.859747584266845521e+01
1.692197683837561684e+01
1.536151711317677737e+01
1.403374750060855369e+01
1.282186379467875703e+01
1.207171831025883613e+01
1.198113347817017882e+01
1.218564275694828147e+01
1.279669315837235288e+01
1.368756966269602060e+01
1.473234992258985976e+01
1.592876242089740302e+01
1.720416506118106881e+01
1.851753623226592183e+01
1.986348249960831680e+01
2.112535868373103654e+01
2.240610202229422399e+01
2.354765703842569025e+01
2.462200169819343287e+01
2.565305079583432146e+01
2.666461927542658827e+01
2.785719137382832855e+01
2.893140043946308992e+01
2.997905512166260067e+01
3.091832034386269612e+01
3.172122595505396347e+01
3.244737494376047238e+01
3.320502293977120445e+01
3.380536163113476533e+01
3.425117591836639974e+01
3.466205795683180213e+01
3.491732411419299353e+01
3.508615851257021490e+01
3.517160449632119423e+01
3.508957320481162157e+01
3.494981692109701044e+01
3.469719848330591105e+01
3.450078934985977241e+01
3.407153783600204378e+01
3.356799197752970088e+01
3.300805118269550320e+01
3.241315000228560450e+01
3.172272618078422113e+01
3.097700137930481290e+01
3.026392449580444577e+01
2.950652213566179682e+01
2.866994572197949864e+01
2.783277841394321683e+01
2.693424406861875298e+01
2.609049695809910929e+01
2.520922050611661547e+01
2.433614756210550212e+01
2.340684018336214933e+01
2.241271407172398611e+01
2.140773056113189909e+01
2.038502770623597371e+01
1.930147699463055488e+01
1.801259469050191342e+01
1.688343084241587633e+01
1.569944387998589264e+01
1.447842333309998963e+01
1.302906244232326038e+01
1.153809895320497247e+01
9.985097969737472212e+00
8.238930202510609035e+00
6.585715488657669425e+00
4.809884837186695350e+00
2.812249204523386226e+00
8.021344847398200750e-01
0.000000000000000000e+00
0.000000000000000000e+00
0.000000000000000000e+00
0.000000000000000000e+00
0.000000000000000000e+00
0.000000000000000000e+00
0.000000000000000000e+00
0.000000000000000000e+00
0.000000000000000000e+00
0.000000000000000000e+00
0.000000000000000000e+00
0.000000000000000000e+00
0.000000000000000000e+00
0.000000000000000000e+00
0.000000000000000000e+00
0.000000000000000000e+00
0.000000000000000000e+00
0.000000000000000000e+00
0.000000000000000000e+00
0.000000000000000000e+00
0.000000000000000000e+00
0.000000000000000000e+00
0.000000000000000000e+00
0.000000000000000000e+00
0.000000000000000000e+00
0.000000000000000000e+00
0.000000000000000000e+00
6.490356815509792376e-01
2.317795406369319355e+00
4.011169682274931425e+00
5.703906138098865597e+00
7.371908453562333818e+00
8.985819245255335375e+00
1.053397033940863992e+01
1.199291432979639715e+01
1.335588238407588335e+01
1.462639312871988118e+01
1.581229000604134072e+01
1.691535019865708023e+01
1.792427917021543493e+01
1.884221873973607941e+01
1.967836512844506558e+01
2.044010465667168930e+01
2.114872176030118922e+01
2.180028440659179978e+01
2.239889840781322761e+01
2.294408911795286699e+01
2.341826423027809057e+01
2.383139752658636112e+01
2.418401942698261564e+01
2.450961693247313278e+01
2.474331020880887166e+01
2.491437157383101209e+01
2.503224017507655574e+01
2.512964819899698909e+01
2.522096253632557605e+01
2.532137439712082383e+01
2.540818657205845099e+01
2.556213669350251649e+01
2.572232664111953682e+01
2.592702225687670747e+01
2.617992807774056985e+01
2.634391089069384861e+01
2.641997241913890093e+01
2.632247644819497268e+01
2.598314469080282407e+01
2.540777969514952872e+01
2.450955555057009150e+01
2.331308522883782075e+01
2.179052353470455472e+01
2.001499240379589395e+01
1.810344524311453185e+01
1.620292392218964750e+01
1.438320961645715990e+01
1.281732973753349114e+01
1.157036615118625278e+01
1.069497428621826529e+01
1.029262498999046826e+01
1.027901665744372650e+01
1.067975226121684429e+01
1.136597799719829816e+01
1.223824491297473926e+01
1.330795897118819227e+01
1.447634826587571411e+01
1.567539988813671670e+01
1.683621702829564626e+01
1.794369469670575157e+01
1.909548306842760823e+01
2.011591248159071199e+01
2.098365758405722659e+01
2.182557555584322628e+01
2.255922454685752143e+01
2.324645129839194624e+01
2.394979642006278553e+01
2.457915339810475430e+01
2.520274214729250772e+01
2.581061162682043530e+01
2.638721265077342082e+01
2.684120818159298238e+01
2.718990781118437283e+01
