1.579576644597948665e+01
8.498498975988932891e-01
1.614976383125996673e+00
2.331328612344950368e+00
2.863714155673851014e+00
3.433571593423046853e+00
3.931401050961748300e+00
4.214411926904089611e+00
4.605666357997332483e+00
4.699610046039270017e+00
4.423213951062324512e+00
4.806423939895822173e+00
6.029778420816926499e+00
7.219856104110543349e+00
7.773133976900800768e+00
8.536868920983344822e+00
9.221917151371810561e+00
9.677081055630820217e+00
1.017440701024079885e+01
1.023136050114027817e+01
1.003093670015529071e+01
1.001690516453682811e+01
1.034270239814771841e+01
1.009729792341935095e+01
9.915654240572674638e+00
1.008497988331687267e+01
1.044729091651100816e+01
1.115124623970812934e+01
1.258382147166687837e+01
1.652287936447937966e+01
2.247462794669833031e+01
2.616360377267729476e+01
2.891458420250340211e+01
3.158610046957921469e+01
3.416898702822847156e+01
3.627055877917894122e+01
3.758672622662825091e+01
3.841576148986308681e+01
3.825434014599987620e+01
3.704525747405526204e+01
3.514582250029442889e+01
3.187529821125953333e+01
2.759454898678852430e+01
2.072002919370966367e+01
1.167308281037571760e+01
7.394614662252152471e+00
4.699387281070759315e+00
3.150337198479741474e+00
2.001912423928448703e+00
9.152770060222588100e-01
4.407562980489814208e-01
1.942897285196192314e-01
1.003055818159843682e-01
7.883535305176359032e-02
0.000000000000000000e+00
0.000000000000000000e+00
0.000000000000000000e+00
0.000000000000000000e+00
0.000000000000000000e+00
0.000000000000000000e+00
8.543492709357103365e-01
1.423456275129065141e+00
1.835868700964304878e+00
2.429271043841932709e+00
2.767305479648515032e+00
3.762705552642265694e+00
4.750238794902974071e+00
5.780049932285772130e+00
7.217224350749695816e+00
9.521966542730968541e+00
1.458611523099944307e+01
1.741461956711429337e+01
1.951722499441672554e+01
2.115177025783255260e+01
2.247185094166458086e+01
2.395156827279778966e+01
2.537545162895268902e+01
2.615370464821337393e+01
2.694239577354902337e+01
2.775528880796065323e+01
2.788679801624046561e+01
2.822362586077578328e+01
2.886125912579577957e+01
2.937660997363333593e+01
2.976431230525063043e+01
3.055341260787475477e+01
3.102112214777003629e+01
3.151194595987074720e+01
3.201167894465209685e+01
3.265918131448064798e+01
3.322429780473185446e+01
3.374686359433496108e+01
3.409334902349349505e+01
3.462337517015583188e+01
3.518717237645169860e+01
3.565344256999861727e+01
3.590605859549882695e+01
3.683216907613896041e+01
3.775450338344728607e+01
3.872778587913858672e+01
3.975240501902654700e+01
4.104972675976828356e+01
4.230468724838324590e+01
4.371646407025900061e+01
4.558207561036903144e+01
4.697646015816986420e+01
4.840116908190179856e+01
4.989668614988217854e+01
5.048635979765656145e+01
5.040954897703345949e+01
4.987185286175584054e+01
4.847215209247231371e+01
4.631242173351267866e+01
4.301757595077472729e+01
3.893042272390690783e+01
3.267016353197683998e+01
1.931641264828967763e+01
1.282387414824354899e+01
8.753098028580559742e+00
5.424013120240993580e+00
3.795678314331178527e+00
2.535281731365541802e+00
1.627470357265510259e+00
9.306287635135817027e-01
3.186317637536433267e-01
0.000000000000000000e+00
0.000000000000000000e+00
0.000000000000000000e+00
0.000000000000000000e+00
0.000000000000000000e+00
0.000000000000000000e+00
0.000000000000000000e+00
0.000000000000000000e+00
0.000000000000000000e+00
0.000000000000000000e+00
0.000000000000000000e+00
0.000000000000000000e+00
0.000000000000000000e+00
0.000000000000000000e+00
0.000000000000000000e+00
0.000000000000000000e+00
0.000000000000000000e+00
0.000000000000000000e+00
0.000000000000000000e+00
0.000000000000000000e+00
0.000000000000000000e+00
3.278142199957887470e-01
1.949488509538113590e+00
3.674461823924926041e+00
5.884641442856873184e+00
8.351414220754319828e+00
1.466581216040792768e+01
1.743803158670706210e+01
1.896506944915214632e+01
2.014925595116788770e+01
2.100012593634956559e+01
2.192838912691172126e+01
2.113420809582898841e+01
1.996925892528068402e+01
1.740738743231367636e+01
1.258129222206424203e+01
1.056957383465471523e+01
9.734071580176003380e+00
9.698294101920772903e+00
1.059073633355492028e+01
1.287554713680779805e+01
1.978647747753885255e+01
2.420480790319208353e+01
2.766080309050821384e+01
3.080876208581412357e+01
3.422243558177546419e+01
3.646759140568048707e+01
3.805446803978220061e+01
3.915680741964011702e+01
3.928984210283083911e+01
3.855631808113178494e+01
3.688262544107505647e+01
3.459649499769987813e+01
3.139854104406082769e+01
2.705870425040675187e+01
1.738864106847488245e+01
1.136678421036841868e+01
7.871509766207579695e+00
5.172483070098832236e+00
3.277840669488767844e+00
1.769547861961231483e+00
4.115828216149939323e-01
0.000000000000000000e+00
0.000000000000000000e+00
0.000000000000000000e+00
0.000000000000000000e+00
0.000000000000000000e+00
0.000000000000000000e+00
0.000000000000000000e+00
0.000000000000000000e+00
0.000000000000000000e+00
0.000000000000000000e+00
0.000000000000000000e+00
0.000000000000000000e+00
6.216254845673163665e-01
1.596517089740744799e+00
3.030119742651172565e+00
4.687932365405354851e+00
7.006493920538050091e+00
1.206416470511257089e+01
1.522614557772950583e+01
1.730901943015706479e+01
1.891791759972357667e+01
2.040840912828972975e+01
2.156866772416163514e+01
2.259619977326254414e+01
2.342053881069171339e+01
2.395572207235045781e+01
2.462185773066862282e+01
2.520106693726205549e+01
2.579979885461926870e+01
2.627266294208899566e+01
2.671022159887164804e+01
2.706562439371732509e+01
2.766933428461342004e+01
2.797990018828426884e+01
2.821813998989131989e+01
2.843412875653617888e+01
2.870741096942718329e+01
2.902005853826756976e+01
2.941865824718742317e+01
2.968235728445906929e+01
3.026760783399476651e+01
3.104880403962838287e+01
3.154420916743083225e+01
3.198488193198121365e+01
3.247795796295787341e+01
3.311953551348989322e+01
3.389012713137150712e+01
3.476788447475446020e+01
3.589337197580211836e+01
3.713085312634005675e+01
3.867830454682844277e+01
4.033870197547891223e+01
4.206259108062324259e+01
4.467629021720813398e+01
4.659765099805048294e+01
4.814795675560141319e+01
4.950082211444031799e+01
5.023703501676053662e+01
5.055527840902836090e+01
5.005186771677213642e+01
4.894017623707096476e+01
4.673662282213744845e+01
4.390111494820502003e+01
4.024996263544992559e+01
3.571488035041832632e+01
2.322144334317510328e+01
1.569657656681339830e+01
1.114358719524944341e+01
7.609649788727280928e+00
5.042865450480963574e+00
3.155956325417766273e+00
1.911403852884522081e+00
9.297644758349310479e-01
0.000000000000000000e+00
0.000000000000000000e+00
0.000000000000000000e+00
0.000000000000000000e+00
0.000000000000000000e+00
0.000000000000000000e+00
0.000000000000000000e+00
0.000000000000000000e+00
0.000000000000000000e+00
0.000000000000000000e+00
0.000000000000000000e+00
0.000000000000000000e+00
0.000000000000000000e+00
0.000000000000000000e+00
0.000000000000000000e+00
0.000000000000000000e+00
0.000000000000000000e+00
2.493072012766717194e-01
6.572657497659601944e-01
1.411398378520693164e+00
1.927751621335834109e+00
2.393386287265285350e+00
3.153320496814840723e+00
3.852262974156146491e+00
4.351182796061004332e+00
4.765696038779962507e+00
5.093124674076069169e+00
5.644115102311362264e+00
6.084408475683064310e+00
6.518600200670480405e+00
7.023890256639850449e+00
7.673802780850519589e+00
8.860207866978569768e+00
9.849483432841548591e+00
1.007162270456034037e+01
1.012376647879764491e+01
1.039723410503891898e+01
1.001703235816403392e+01
1.003015543402004539e+01
1.019487418254782263e+01
1.252941879765573319e+01
1.446726620633487848e+01
1.929978771439792240e+01
2.442363004873898191e+01
2.794833496825771135e+01
3.115093317689718333e+01
3.424667120689038313e+01
3.697950268300817811e+01
3.908816308695514863e+01
4.061860868802479985e+01
4.131641973039615579e+01
4.102610220092220317e+01
3.953815802473363306e+01
3.677976336225836462e+01
3.341993253227742855e+01
2.851746245098176402e+01
1.757659350791184139e+01
1.079998874702739720e+01
6.940001440152123280e+00
4.222832830966763318e+00
4.966161084549867155e-01
0.000000000000000000e+00
0.000000000000000000e+00
0.000000000000000000e+00
0.000000000000000000e+00
0.000000000000000000e+00
0.000000000000000000e+00
0.000000000000000000e+00
0.000000000000000000e+00
0.000000000000000000e+00
0.000000000000000000e+00
0.000000000000000000e+00
0.000000000000000000e+00
0.000000000000000000e+00
0.000000000000000000e+00
6.902268290777182624e-01
1.865665678260279847e+00
3.389561528643339816e+00
5.264411221140720798e+00
8.154216343594137939e+00
1.401953476872941096e+01
1.667295222454535519e+01
1.858869857833535733e+01
2.013676447233362055e+01
2.136382437915674259e+01
2.248085887048474873e+01
2.352643502342004922e+01
2.502040949020187455e+01
2.586840005809158427e+01
2.634195403304570959e+01
2.685621022391168822e+01
2.710444070516629012e+01
2.719136312975589931e+01
2.724353339268584762e+01
2.733419375278605656e+01
2.738681772772497425e+01
2.776482973713877200e+01
2.841337793562275138e+01
2.875192783656064321e+01
2.903454046375998487e+01
2.969658100472329210e+01
3.050571903716582511e+01
3.106583639775723071e+01
3.184738056944346241e+01
3.255000155392249184e+01
3.330230463828539200e+01
3.403098591674425677e+01
3.452327074080996283e+01
3.519306354146432625e+01
3.608423760846007156e+01
3.700379472568832995e+01
3.818215434695141397e+01
3.945063710632241794e+01
4.074488487216677157e+01
4.212609086664216562e+01
4.360601221838572172e+01
4.503244678811280721e+01
4.594362904357024746e+01
4.721600872752448907e+01
4.836099982155097621e+01
4.912933593871515825e+01
4.888658465613237780e+01
4.900611160222806717e+01
4.831568978346860632e+01
4.696614225384421815e+01
4.502548901983650609e+01
4.274530320864751332e+01
3.924805711936384256e+01
3.510555199974080409e+01
2.552920828962357547e+01
1.728709504944565367e+01
1.302878131812464702e+01
9.964509529895330786e+00
7.693785488273949369e+00
6.490454336717448314e+00
6.867272728894569411e+00
5.617932672307370368e+00
4.661454018957572387e+00
3.505902323426226985e+00
2.456700589620083974e+00
1.299167802953936857e+00
3.866866743799679540e-01
0.000000000000000000e+00
0.000000000000000000e+00
0.000000000000000000e+00
0.000000000000000000e+00
0.000000000000000000e+00
0.000000000000000000e+00
0.000000000000000000e+00
0.000000000000000000e+00
0.000000000000000000e+00
0.000000000000000000e+00
2.290785556129906197e-01
1.125946710714319288e+00
1.361146518891708013e+00
0.000000000000000000e+00
0.000000000000000000e+00
0.000000000000000000e+00
2.530585092804393810e-02
3.966677472052964060e-01
6.441933405222945996e-01
6.781998548154770656e-01
1.057879716120896596e+00
1.513621322858361928e+00
2.162068387922752244e+00
2.719994846695058754e+00
3.489233611035990279e+00
4.455740647247454334e+00
6.376840432475114895e+00
7.349620209903427792e+00
8.531738677142200800e+00
9.459518069257628170e+00
1.042814047041971293e+01
1.228807705042454756e+01
1.278208674142902979e+01
1.305008779075519953e+01
1.372433102892658141e+01
1.626255047147868282e+01
1.644643694468710038e+01
1.826165886065724209e+01
2.160790591588940757e+01
2.387100424378058250e+01
2.785514129732250055e+01
3.064727475636048837e+01
3.293897510482604218e+01
3.515906179471496529e+01
3.730180443871936546e+01
3.910412615713182305e+01
4.026415758503657116e+01
4.120482797464963909e+01
4.158236238387625860e+01
4.130185651250391032e+01
4.040642486054959903e+01
3.843837376333253530e+01
3.628601454088945388e+01
3.345089523180728719e+01
2.935473819457791222e+01
1.863172973913995634e+01
1.430311191730577569e+01
1.063430427378419019e+01
7.863000233435734287e+00
5.786608651727597419e+00
1.625580499729958994e+00
0.000000000000000000e+00
0.000000000000000000e+00
0.000000000000000000e+00
0.000000000000000000e+00
0.000000000000000000e+00
0.000000000000000000e+00
0.000000000000000000e+00
0.000000000000000000e+00
0.000000000000000000e+00
0.000000000000000000e+00
0.000000000000000000e+00
7.276312109209372991e-01
1.568528732675495085e+00
2.360778306042498720e+00
3.348848476477900071e+00
4.464595998416555744e+00
5.930100706998456594e+00
7.691057413530151265e+00
1.005865896566451312e+01
1.475943536706240522e+01
1.673682098335673629e+01
1.813581427247569877e+01
1.898273581218292705e+01
1.997584055941457493e+01
2.073458794706948538e+01
2.146608190411392769e+01
2.216923288639916834e+01
2.312164477904570958e+01
2.376946762353001930e+01
2.428572337558896166e+01
2.465864612774482723e+01
2.525328219068613578e+01
2.563172619988381840e+01
2.579600885798688381e+01
2.596935221902237245e+01
2.635104938133751773e+01
2.685739271410504259e+01
2.750064697343357878e+01
2.825013582828944791e+01
2.900953328466545855e+01
2.978733605233009030e+01
3.062115847872569674e+01
3.143234300900024891e+01
3.230776614627058763e+01
3.347591779995333638e+01
3.430848027632222852e+01
3.514915049139526104e+01
3.569725390449478652e+01
3.644573792977566029e+01
3.747151107776976886e+01
3.862235964421748236e+01
3.969316227635832917e+01
4.090560022924065464e+01
4.244824444082169634e+01
4.435211665354527355e+01
4.610229050504432280e+01
4.729147228072807252e+01
4.860583694951736788e+01
4.971022183599058764e+01
4.992771569405348941e+01
4.963514585992050598e+01
4.869282782705469970e+01
4.778938950197673563e+01
4.565585682023581171e+01
4.265899887369405974e+01
3.884299815125436339e+01
3.370300490467441534e+01
2.124251820063416218e+01
1.563237768002156258e+01
1.178806915566955027e+01
8.954647651393749186e+00
6.780600983122565317e+00
5.220938917912689270e+00
4.379213139869361449e+00
3.441675443911222487e+00
2.599265140672426533e+00
1.955739200414671863e+00
1.118919716805271136e+00
1.078518137547552769e-01
0.000000000000000000e+00
0.000000000000000000e+00
0.000000000000000000e+00
0.000000000000000000e+00
0.000000000000000000e+00
0.000000000000000000e+00
0.000000000000000000e+00
0.000000000000000000e+00
0.000000000000000000e+00
0.000000000000000000e+00
0.000000000000000000e+00
0.000000000000000000e+00
0.000000000000000000e+00
0.000000000000000000e+00
0.000000000000000000e+00
1.246838867158640340e+00
2.582568431371136786e+00
3.376452322416169327e+00
3.907701683166491691e+00
4.216317832825296819e+00
4.292612367807529417e+00
4.296769639115686878e+00
4.301106868413343776e+00
4.374444987221517422e+00
5.431192126096461514e+00
5.799680612857422091e+00
6.030370955224873875e+00
6.393839319192275994e+00
7.156858616134137208e+00
7.764288028186375534e+00
8.167280284936511592e+00
8.873911223635957413e+00
9.340031248657048479e+00
1.027882606101979590e+01
1.060308867525583665e+01
1.059264070690910842e+01
1.099029950109975573e+01
1.249819773252828448e+01
1.817536848503138103e+01
2.266279436190702867e+01
2.664007425730352452e+01
3.014369773333395131e+01
3.349040751843753583e+01
3.645970496458204479e+01
3.871049310466140270e+01
4.057392485267013882e+01
4.171509770073860324e+01
4.198663052950447394e+01
4.099337271604179733e+01
3.898952949973573823e+01
3.617024932564438444e+01
3.201388297327916632e+01
2.619806798530891001e+01
1.349949050177133358e+01
7.828770513913738682e+00
4.471131929067827748e+00
2.096017910791737826e+00
4.697249102896474682e-01
0.000000000000000000e+00
0.000000000000000000e+00
0.000000000000000000e+00
0.000000000000000000e+00
0.000000000000000000e+00
0.000000000000000000e+00
0.000000000000000000e+00
0.000000000000000000e+00
0.000000000000000000e+00
0.000000000000000000e+00
0.000000000000000000e+00
0.000000000000000000e+00
0.000000000000000000e+00
0.000000000000000000e+00
0.000000000000000000e+00
1.239208436909597033e+00
2.601614811870391897e+00
3.807176671633662579e+00
5.365895979272006677e+00
7.191758556971483252e+00
9.595803500094813643e+00
1.473346455688816548e+01
1.783004454407740980e+01
2.032360197626505638e+01
2.249201644070764061e+01
2.388232477473326298e+01
2.516109614761429114e+01
2.638999480871345682e+01
2.726128161619734058e+01
2.778593570883781894e+01
2.812792358459812547e+01
2.832396394602554324e+01
2.860990400788300292e+01
2.868305900011639409e+01
2.859602203491446915e+01
2.776652475844661438e+01
2.766905889635837923e+01
2.781768798857861213e+01
2.810757893669318719e+01
2.850008316343353698e+01
2.896566437199442134e+01
2.952745785768030373e+01
3.017020399511851991e+01
3.043284188873626306e+01
3.046517797775616998e+01
3.078946687367695745e+01
3.115586043636087510e+01
3.129472854564883377e+01
3.193396736783278556e+01
3.281736153168031223e+01
3.406810947868476802e+01
3.551949683600410879e+01
3.672118148665563808e+01
3.822199944897289470e+01
4.002213162567506544e+01
4.164550544274981547e+01
4.341674485885590684e+01
4.502483968079719290e+01
4.646207077893204485e+01
4.757724677302655181e+01
4.821856613630732369e+01
4.858130867690222487e+01
4.818611446877525140e+01
4.741534781895047956e+01
4.636615469137855428e+01
4.391458033264953542e+01
4.032695181360080028e+01
3.586535707713221655e+01
2.919713915785828462e+01
1.738416280493723320e+01
1.231724858536446732e+01
8.857184372012893547e+00
6.562068425808734951e+00
4.643250193009451188e+00
3.413172154336117536e+00
2.993348937058489589e+00
2.596852992359430345e+00
2.081609861911100090e+00
1.685710105271031267e+00
1.244061383828404033e+00
8.487800940788554627e-01
4.731701980185372136e-01
0.000000000000000000e+00
0.000000000000000000e+00
0.000000000000000000e+00
0.000000000000000000e+00
0.000000000000000000e+00
0.000000000000000000e+00
0.000000000000000000e+00
0.000000000000000000e+00
0.000000000000000000e+00
0.000000000000000000e+00
0.000000000000000000e+00
0.000000000000000000e+00
0.000000000000000000e+00
0.000000000000000000e+00
0.000000000000000000e+00
0.000000000000000000e+00
0.000000000000000000e+00
0.000000000000000000e+00
5.545157548058929908e-01
1.548459127534798752e+00
2.947699258941825828e+00
4.488702953201526569e+00
6.275270067742296121e+00
8.687575464638525702e+00
1.157672094385513084e+01
1.528319024496520839e+01
1.778588157855170948e+01
1.937181277190049400e+01
1.906328168629823239e+01
1.855645614927827225e+01
1.551813979138356991e+01
1.343927967585073091e+01
1.215253810444853322e+01
1.150960591838731162e+01
1.116215004417682799e+01
1.132144676985559073e+01
1.243667104912907817e+01
1.514244342218385242e+01
2.187845305171134669e+01
2.551467233991255057e+01
2.879561465243680729e+01
3.170380270464059080e+01
3.466493672490457811e+01
3.643048083114591407e+01
3.764181504233759767e+01
3.815151020159159145e+01
3.733863074902488677e+01
3.545632365519883678e+01
3.357114309415558040e+01
3.041234982430685818e+01
2.607979588990532704e+01
1.658702628828467951e+01
1.110373880526761603e+01
7.685372958925964504e+00
5.000637165196359035e+00
3.357987119493134998e+00
2.566411869961988224e+00
1.345111615526822568e+00
5.172470242243880634e-01
1.751942628698373028e-01
0.000000000000000000e+00
0.000000000000000000e+00
0.000000000000000000e+00
0.000000000000000000e+00
0.000000000000000000e+00
4.260770957818849070e-01
9.791406651144347606e-01
1.634912047788054323e+00
2.304162815471393344e+00
3.263417369680004398e+00
4.441932313761730811e+00
6.056815661748126800e+00
7.347922719104508893e+00
8.774478080392466239e+00
1.100586488735996582e+01
1.525247034683478731e+01
1.702303786126531548e+01
1.849861672266624169e+01
1.934683024221363112e+01
1.981821303551473790e+01
2.044330091750444467e+01
2.096844888151861142e+01
2.175578745143003445e+01
2.213968825301655841e+01
2.293405418317689737e+01
2.319270329683671150e+01
2.360401373700990746e+01
2.395657535245335623e+01
2.457012639306952195e+01
2.552213135321295567e+01
2.600444865003835559e+01
2.674534585873210801e+01
2.774653650086948886e+01
2.860576093109153462e+01
2.951187843336479588e+01
3.035388403082501796e+01
3.090855092556589057e+01
3.139022082984071460e+01
3.217839354078844138e+01
3.298211470751154906e+01
3.363185883417081357e+01
3.417956551932289955e+01
3.457204160241811763e+01
3.525181219897147855e+01
3.569853404071523073e+01
3.658035212485423671e+01
3.771183499106695081e+01
3.887719953321881405e+01
4.025259217820953950e+01
4.072389977582643183e+01
4.245338701440903151e+01
4.339680408194026739e+01
4.442824616783362046e+01
4.570965332206039022e+01
4.645752693832035618e+01
4.726127787656993462e+01
4.762607919454895722e+01
4.750654241667162125e+01
4.678163907127433419e+01
4.597348510442242286e+01
4.469204710127883828e+01
4.225654372549067261e+01
3.903026860741093174e+01
3.484029120523835843e+01
2.833236787870089657e+01
1.811592309789794086e+01
1.386285812480979729e+01
1.096205221287410403e+01
8.717983995264924957e+00
7.496704389686363434e+00
6.554567154171933474e+00
5.541591993627926982e+00
4.469277085695563478e+00
3.513983924909700463e+00
2.666830191776706549e+00
1.770827711817180905e+00
8.417514510843835396e-01
6.026648314279903218e-03
0.000000000000000000e+00
0.000000000000000000e+00
0.000000000000000000e+00
0.000000000000000000e+00
0.000000000000000000e+00
0.000000000000000000e+00
0.000000000000000000e+00
0.000000000000000000e+00
0.000000000000000000e+00
0.000000000000000000e+00
2.576092235162330546e-01
4.246238911375739278e-01
1.949891211451717510e-01
5.147037686752344854e-01
6.989643167181204264e-01
1.277133474965090887e+00
1.787251656636554831e+00
2.546539205333185230e+00
3.439900163316110593e+00
4.105739787409705244e+00
5.377699231146245928e+00
6.163244798091893628e+00
6.977519095009865779e+00
7.548780163790693720e+00
7.966582165229686652e+00
9.394251448924880066e+00
1.046141859297461707e+01
1.050756106112488730e+01
1.093020126705971506e+01
1.118689176930654128e+01
1.142280678101247560e+01
1.126728908929625206e+01
1.114787200762076225e+01
1.139087713032139781e+01
1.210634138630202550e+01
1.344780259909539311e+01
1.632724502523573662e+01
2.313998253225609147e+01
2.697379163646257183e+01
3.003967257089809095e+01
3.288112585268545018e+01
3.547790337239581504e+01
3.790577128605961832e+01
3.935638581017077797e+01
4.011832572669591457e+01
3.972683208898415330e+01
3.808997985689661903e+01
3.615655560692538018e+01
3.280145650095904131e+01
2.864336329987007801e+01
2.175877242283808854e+01
1.196079210307715179e+01
7.876275524131226113e+00
5.052017785095870295e+00
2.825886295370925616e+00
1.291183848737898821e+00
2.102492346746629437e-01
0.000000000000000000e+00
0.000000000000000000e+00
0.000000000000000000e+00
0.000000000000000000e+00
0.000000000000000000e+00
0.000000000000000000e+00
0.000000000000000000e+00
0.000000000000000000e+00
0.000000000000000000e+00
4.163900960246724736e-02
4.856414958969619278e-01
1.078045694931426102e+00
1.818426195116377375e+00
2.841114590175387811e+00
3.882756162884660966e+00
5.206347732801559047e+00
6.734680176283813324e+00
8.703357947287827301e+00
1.111027954765162917e+01
1.631232668026054000e+01
1.856213967969397061e+01
2.033078550588395217e+01
2.149612056123246617e+01
2.270143803367004409e+01
2.335438449690122553e+01
2.406030574154171120e+01
2.384737809083227944e+01
2.363305321490965127e+01
2.413941204280004982e+01
2.466694025268618518e+01
2.509350413462445317e+01
2.582394623916739462e+01
2.643187829313102810e+01
2.702818749558154110e+01
2.764144168345745811e+01
2.842184506226556095e+01
2.920873747909785223e+01
2.980713507284288966e+01
3.034022945951419459e+01
3.085793720646559990e+01
3.141938330527190004e+01
3.175317652527926171e+01
3.221761255270374846e+01
3.246473954791470362e+01
3.313422022417454116e+01
3.356068870042903285e+01
3.437830439367078128e+01
3.547690697698553919e+01
3.632858403560982197e+01
3.765868873793062477e+01
3.917802114796672441e+01
4.045095122733292925e+01
4.192045371721562930e+01
4.327450962396594036e+01
4.461822958515546844e+01
4.559696183713265327e+01
4.664349942642567726e+01
4.691205176891357809e+01
4.746338025018162909e+01
4.681398094655411057e+01
4.520263644264381497e+01
4.319522170295632435e+01
4.024879162804491273e+01
3.644723763232779845e+01
3.168748992535974551e+01
2.059097916148915886e+01
1.624953177231738977e+01
1.260312966918454691e+01
9.963839313679082821e+00
7.798917756440676641e+00
6.275507186472747634e+00
5.121871820001537401e+00
4.640552597748744290e+00
4.146558506683614809e+00
3.837152196579642904e+00
3.638408589874856602e+00
3.022555440727014542e+00
2.516490733365147392e+00
1.766749302202406113e+00
1.231253827776214393e+00
9.837436780887252041e-01
7.038576759701893337e-01
6.562683511199161046e-01
6.609978105568288242e-01
5.608274471282506113e-01
0.000000000000000000e+00
0.000000000000000000e+00
0.000000000000000000e+00
0.000000000000000000e+00
3.131432657019752597e-01
5.964256702277452860e-01
6.396494765328437637e-01
5.024233123223398323e-02
0.000000000000000000e+00
0.000000000000000000e+00
0.000000000000000000e+00
0.000000000000000000e+00
0.000000000000000000e+00
0.000000000000000000e+00
0.000000000000000000e+00
1.096531022058973015e-01
1.762615387718825311e+00
3.187846055714621762e+00
4.870605318399324091e+00
6.646086782407953919e+00
8.801097552396033308e+00
1.144271178632492791e+01
1.541292502954805954e+01
1.718678577155539955e+01
1.786715302162832586e+01
1.843164221205272213e+01
1.814726960655407950e+01
1.542198594268770506e+01
1.386747818353765638e+01
1.310421001638019334e+01
1.302541607164497073e+01
1.400059342999923828e+01
1.926913225590227796e+01
2.294262626583331866e+01
2.648638795258387546e+01
2.977594792720493899e+01
3.316781651656751961e+01
3.583265078661503367e+01
3.824240611265478407e+01
3.977320100835547123e+01
4.066395970279937444e+01
4.065659891261498871e+01
3.954112519129601111e+01
3.752141372513138151e+01
3.427226791804051231e+01
3.000299068939357738e+01
2.386330485859672024e+01
1.310493585643052583e+01
8.072897949797143369e+00
5.142466629310349369e+00
2.948121466953060654e+00
1.549642277151581204e+00
2.805801486879717643e-01
0.000000000000000000e+00
0.000000000000000000e+00
0.000000000000000000e+00
0.000000000000000000e+00
0.000000000000000000e+00
0.000000000000000000e+00
0.000000000000000000e+00
0.000000000000000000e+00
0.000000000000000000e+00
0.000000000000000000e+00
0.000000000000000000e+00
2.350916445915998132e-01
1.508904732428888007e+00
2.647127830770821255e+00
3.631027873708521536e+00
5.478135554641573535e+00
7.866184497583159185e+00
1.321077846957367896e+01
1.560354741193616235e+01
1.735550087741455627e+01
1.862432207281227647e+01
1.966525575195421638e+01
2.054012272125932625e+01
2.133374191672298181e+01
2.199239567662603179e+01
2.258121755198155611e+01
2.312246555741952037e+01
2.371425295150600121e+01
2.455056908333746790e+01
2.600229304997795055e+01
2.684480229235386517e+01
2.718330309450242765e+01
2.737863378898241251e+01
2.778602475773035962e+01
2.820598859295711947e+01
2.877436567025704051e+01
3.033972568520303881e+01
3.084856226722006411e+01
3.159048524301658389e+01
3.235377454711263567e+01
3.297577788529143561e+01
3.365113047751247422e+01
3.430052098591882270e+01
3.496419002437499302e+01
3.558912992723562496e+01
3.628645398129022936e+01
3.698322090917882576e+01
3.779512912022159554e+01
3.864007985638976805e+01
3.923109417161094825e+01
4.007735279686943386e+01
4.161273264034242914e+01
4.313828496959150982e+01
4.484460141214969298e+01
4.636941943959958223e+01
4.804542055082514906e+01
4.775925872807830785e+01
4.891759939339659979e+01
4.981132112994509953e+01
5.005918120017931017e+01
5.015661817641167630e+01
4.997047022325147481e+01
4.865737245913369691e+01
4.732554390155655710e+01
4.457659337922957832e+01
4.069740372057375311e+01
3.568437140817031406e+01
2.276005345713376471e+01
1.633260378217597264e+01
1.179700421218650774e+01
8.751272077388184911e+00
6.471145909099882410e+00
5.287601897036710241e+00
4.123643410616594451e+00
3.412850482509638184e+00
2.726635953441142846e+00
2.128728165766077041e+00
1.622090509844760220e+00
8.863889368554236370e-01
0.000000000000000000e+00
0.000000000000000000e+00
0.000000000000000000e+00
0.000000000000000000e+00
0.000000000000000000e+00
0.000000000000000000e+00
0.000000000000000000e+00
0.000000000000000000e+00
0.000000000000000000e+00
0.000000000000000000e+00
0.000000000000000000e+00
0.000000000000000000e+00
0.000000000000000000e+00
0.000000000000000000e+00
0.000000000000000000e+00
0.000000000000000000e+00
0.000000000000000000e+00
0.000000000000000000e+00
0.000000000000000000e+00
1.962522740590979531e-01
1.092794275272106486e+00
1.975464233187412599e+00
2.985083655403740099e+00
3.676065884853795040e+00
3.954430452875872692e+00
4.799994210689991547e+00
5.552004898588219994e+00
6.495738808107645035e+00
7.457627769137081586e+00
8.046390512395312555e+00
8.776755986015771782e+00
9.634536196154755316e+00
9.993802812112441813e+00
1.020253104136328837e+01
9.639525798704386972e+00
9.856160140917040735e+00
9.713438686834717117e+00
9.861283734903397047e+00
1.045192659989875672e+01
1.180393545765942065e+01
1.521412357938037374e+01
2.151993532173922219e+01
2.520608863428693880e+01
2.850884643555413334e+01
3.198588188317064862e+01
3.463409464497003398e+01
3.692341680939350113e+01
3.840590995618145342e+01
3.926588178891687875e+01
3.936233641792543381e+01
3.854870120611992945e+01
3.671240210079088939e+01
3.397607498566977569e+01
3.025080206394645899e+01
2.575202782374041277e+01
1.549112114880288260e+01
9.317916813171425616e+00
5.673513967460640295e+00
2.996555002607764528e+00
9.671576116134827927e-01
0.000000000000000000e+00
0.000000000000000000e+00
0.000000000000000000e+00
0.000000000000000000e+00
0.000000000000000000e+00
0.000000000000000000e+00
0.000000000000000000e+00
0.000000000000000000e+00
0.000000000000000000e+00
0.000000000000000000e+00
0.000000000000000000e+00
0.000000000000000000e+00
0.000000000000000000e+00
0.000000000000000000e+00
4.564835842031966795e-01
1.038325842106591290e+00
2.288851162685858753e+00
3.691261408275780198e+00
5.640288103085927318e+00
8.512166052391950899e+00
1.336516668209062075e+01
1.534097464353893692e+01
1.719264436790484751e+01
1.888490161664714861e+01
2.010772099545626190e+01
2.083489710588865407e+01
2.149696746742858977e+01
2.215920839708057244e+01
2.263563100380572379e+01
2.312929791267855606e+01
2.364264991326431087e+01
2.425115331685416464e+01
2.488878682105048057e+01
2.557399686854515863e+01
2.620257739241967698e+01
2.697186322420917648e+01
2.775399948763920932e+01
2.833319287553169374e+01
2.890976772423865171e+01
2.936318684933304723e+01
2.994281126508838398e+01
3.053060878756500429e+01
3.111097923393901254e+01
3.132643330082695599e+01
3.177445849437863501e+01
3.242621472431225271e+01
3.314361406991744730e+01
3.377992131392051078e+01
3.465676604170890585e+01
3.555657923531606457e+01
3.665993165200656279e+01
3.764099179279053686e+01
3.884362937849790853e+01
3.995384423941391816e+01
4.141130175585725937e+01
4.251474188652393593e+01
4.411664150914150895e+01
4.606350171307057906e+01
4.718607171892783470e+01
4.811519206420628336e+01
4.849127249622439706e+01
4.832109911979717509e+01
4.757233794406168670e+01
4.641966120143192853e+01
4.448072117920331436e+01
4.177533777796902825e+01
3.797259187810958991e+01
3.245365547468202294e+01
1.965785765535157736e+01
1.412385705385060142e+01
1.013851134445333102e+01
7.236158398214045384e+00
4.969289257464937215e+00
3.298194602657510188e+00
2.254319780890148728e+00
1.553274581789005460e+00
1.275655113265077745e+00
4.200369346405361526e-01
0.000000000000000000e+00
0.000000000000000000e+00
0.000000000000000000e+00
0.000000000000000000e+00
0.000000000000000000e+00
0.000000000000000000e+00
0.000000000000000000e+00
0.000000000000000000e+00
0.000000000000000000e+00
0.000000000000000000e+00
0.000000000000000000e+00
0.000000000000000000e+00
0.000000000000000000e+00
0.000000000000000000e+00
0.000000000000000000e+00
0.000000000000000000e+00
0.000000000000000000e+00
3.461369407758310146e-01
2.826616097850420672e-02
1.074826354339348811e-01
5.914000047011795935e-01
9.416776640783632857e-01
1.343931648207964180e+00
1.887314705627628264e+00
2.627232511701894868e+00
3.367050368165917629e+00
4.302962371897448790e+00
5.913524404804492818e+00
7.621790165243049309e+00
9.351935542898544895e+00
1.112963722375219966e+01
1.319111540823651296e+01
1.580950749436110137e+01
1.589732935108637690e+01
1.366985027577423040e+01
1.200578670571434969e+01
1.076836469461305867e+01
9.657172226586883568e+00
9.488101590026740695e+00
1.058259521596210817e+01
1.316242551144988404e+01
1.938363339560912735e+01
2.307610793711760877e+01
2.630068599868835122e+01
2.938509486906797719e+01
3.212778124787801204e+01
3.444122884170349153e+01
3.596104538744994983e+01
3.662914327868714537e+01
3.669937798162374065e+01
3.587347111520028875e+01
3.412186882098590957e+01
3.145436635419470761e+01
2.803732892794763742e+01
2.314902358841996488e+01
1.265843743826988366e+01
7.413829240150719535e+00
4.167518429366086963e+00
1.513182663045663734e+00
0.000000000000000000e+00
0.000000000000000000e+00
0.000000000000000000e+00
0.000000000000000000e+00
0.000000000000000000e+00
3.036702162834918894e-01
9.245733957556145910e-01
1.409814873014015646e+00
1.713199390779920783e+00
2.203150778888971928e+00
2.669595420737249647e+00
3.249590079745858340e+00
3.951129256913882948e+00
4.821518613460381353e+00
5.874948329321960649e+00
7.303869545199054514e+00
9.051072944498958606e+00
1.192909156052389363e+01
1.753757615045548235e+01
2.010643534859488213e+01
2.193732115937300264e+01
2.274134604798290127e+01
2.250548296425948536e+01
2.351351300616054374e+01
2.424108965160728602e+01
2.462856403491602819e+01
2.425960359669134192e+01
2.507937570661340132e+01
2.571306624988191558e+01
2.604098976768688445e+01
2.645527541667915372e+01
2.744439314712795763e+01
2.777732830648191253e+01
2.845989586820625661e+01
2.898191133732034785e+01
2.915326458041443303e+01
2.947161436581217231e+01
3.035541546283791803e+01
3.074011188126982930e+01
3.160114826893614648e+01
3.199962433866268441e+01
3.243731813863860225e+01
3.296539951060508855e+01
3.342745396976440020e+01
3.386890575480535404e+01
3.438183912540145570e+01
3.486624870490682326e+01
3.531272067384846736e+01
3.580984152311862090e+01
3.649409170407285785e+01
3.716335148462282234e+01
3.767101825196750298e+01
3.859711734953746287e+01
3.941738193375005750e+01
4.043465406586978617e+01
4.176149383563281958e+01
4.310615540292909031e+01
4.395990904467272031e+01
4.509923167358643070e+01
4.583121074348341040e+01
4.686940743705528689e+01
4.750467793230343716e+01
4.757751499798328609e+01
4.756849661465943058e+01
4.693049549684945276e+01
4.571365607180435120e+01
4.382686967760987073e+01
4.097552294713770493e+01
3.733961561568266774e+01
3.220605632948496577e+01
2.050306172899148294e+01
1.430907722298244877e+01
1.057262809101186463e+01
7.595373058078449091e+00
5.290890422281213645e+00
3.608360196034156253e+00
2.065911929377732825e+00
1.007885408984241948e+00
5.506717803913794285e-01
0.000000000000000000e+00
0.000000000000000000e+00
0.000000000000000000e+00
0.000000000000000000e+00
0.000000000000000000e+00
0.000000000000000000e+00
0.000000000000000000e+00
0.000000000000000000e+00
0.000000000000000000e+00
0.000000000000000000e+00
0.000000000000000000e+00
0.000000000000000000e+00
0.000000000000000000e+00
0.000000000000000000e+00
0.000000000000000000e+00
0.000000000000000000e+00
0.000000000000000000e+00
0.000000000000000000e+00
0.000000000000000000e+00
0.000000000000000000e+00
0.000000000000000000e+00
7.286905877620020178e-01
1.476350732116983089e+00
2.544961558218303832e+00
3.369147301838272490e+00
3.888206415307698727e+00
4.257472253216160851e+00
5.789090201501089439e+00
6.277008916577452524e+00
6.914837765109682621e+00
7.346804639550915894e+00
7.749607916696013454e+00
8.105118964884464816e+00
8.966517627537788471e+00
9.440762281796725830e+00
1.056708915250363390e+01
1.190158118353261862e+01
1.199187732715866517e+01
1.220727063719099803e+01
1.233654180129316558e+01
1.223965536717393832e+01
1.248433807142404106e+01
1.309852015305207829e+01
1.486351120222792055e+01
1.994166826902213074e+01
2.298883930947891940e+01
2.621566802203095392e+01
2.892536413759734160e+01
3.194719387509255881e+01
3.456993365543704755e+01
3.791480555774096217e+01
4.027498265379168885e+01
4.116496118240281987e+01
4.121470055116698461e+01
4.040693144390948532e+01
3.860908247844567853e+01
3.534849828517080539e+01
3.227370962032605917e+01
2.750746393851635219e+01
1.673103171228197539e+01
1.147451431919603770e+01
8.000041376866962040e+00
5.489036690912888261e+00
3.799539053517556830e+00
2.489757451769280650e+00
1.759456831358821027e+00
1.283703983013623429e+00
1.043453960068177366e+00
9.004811474174179153e-01
8.312887130165664828e-01
0.000000000000000000e+00
0.000000000000000000e+00
0.000000000000000000e+00
0.000000000000000000e+00
0.000000000000000000e+00
8.881496836588453903e-02
1.175017774299278450e+00
1.450656555697698913e+00
1.949590391992884086e+00
2.762941262981664536e+00
4.038090869742499756e+00
5.150083863670086970e+00
6.535204699769537662e+00
8.533860490004821386e+00
1.065257206943225832e+01
1.514102696539252157e+01
1.848700337208583733e+01
2.067987976790067606e+01
2.267475739756012487e+01
2.384880658438619250e+01
2.480835238830637479e+01
2.572451646648397272e+01
2.650423973014365231e+01
2.674897676038468930e+01
2.667060442860771374e+01
2.616863807981249934e+01
2.547731508527390787e+01
2.520491844480491395e+01
2.478729510675833225e+01
2.465427583523763388e+01
2.430882337752276001e+01
2.445962458930145900e+01
2.479516001432773109e+01
2.470646052965548378e+01
2.497952443236008335e+01
2.546136503159286946e+01
2.602062749245306605e+01
2.629606995169532269e+01
2.622022144756823181e+01
2.721878761759979781e+01
2.830498240262341625e+01
2.912415239706260905e+01
2.935100916130425119e+01
3.087222449674719016e+01
3.264993136342406643e+01
3.465909443952218538e+01
3.684816313375960561e+01
3.905201687172711189e+01
4.122678207842054121e+01
4.334339728927974988e+01
4.593878326270866808e+01
4.769582448136510067e+01
4.915866586216404954e+01
4.995538320992221060e+01
5.037693915784777232e+01
4.983391262862070903e+01
4.834905394241532406e+01
4.608472717515891048e+01
4.290595054376130690e+01
3.884363894675446716e+01
3.368411822672475608e+01
2.524124531481646727e+01
1.441965265406836672e+01
1.018735688927353955e+01
7.358678723434322499e+00
5.493791650910582192e+00
6.335115259333210069e+00
6.623245899539433879e+00
6.122794122892525337e+00
5.733469458128027441e+00
5.214843196681840709e+00
4.640231648024188971e+00
4.021116287813562451e+00
3.394806460405863646e+00
2.604659640918663754e+00
1.964275603520415636e+00
1.496435369294890627e+00
1.123349260660592819e+00
9.096619791352118511e-01
7.815331160670195842e-01
7.277434694528128745e-01
7.657830014909867700e-01
7.439536653270106825e-01
6.927447243130808729e-01
7.804722770090357642e-01
8.945212007137763877e-01
0.000000000000000000e+00
0.000000000000000000e+00
0.000000000000000000e+00
0.000000000000000000e+00
0.000000000000000000e+00
0.000000000000000000e+00
0.000000000000000000e+00
1.287675600512253826e+00
3.175274665859541212e+00
5.558620992382303783e+00
8.446972987319300685e+00
1.260476822496268667e+01
1.817212686918817255e+01
2.005081411451435258e+01
2.161654896228502309e+01
2.179722237907237314e+01
2.126092650411395013e+01
1.896718544462263267e+01
1.315635661238744447e+01
1.139592830484859221e+01
9.782229388710447893e+00
8.594004322257006834e+00
8.180128714065720175e+00
8.791818849098742561e+00
1.087125312715247283e+01
1.560603701835414014e+01
2.438591550071112835e+01
2.920813904806368910e+01
3.344500513244512518e+01
3.673910015747292590e+01
3.936151785052492613e+01
4.107165965734432689e+01
4.208258545712216403e+01
4.202717572888286668e+01
4.044849955956347287e+01
3.848199811035465956e+01
3.514275733620554831e+01
3.053580063340040596e+01
2.332271030991242355e+01
1.199189853339840894e+01
7.229909552487439051e+00
4.431483041730327699e+00
2.633254556359549525e+00
1.472615892188049003e+00
5.644646704194240527e-01
2.091654373660132293e-01
1.755370291860245402e-01
1.202729889227436288e-01
0.000000000000000000e+00
1.446011819173786961e-02
1.478083063877617676e-01
3.724739473739324680e-01
5.909905492040863351e-01
6.789893633904160453e-01
8.072756684923820814e-01
2.064569166736061057e-01
0.000000000000000000e+00
4.145189432669909024e-01
7.382711272171844641e-01
1.721463756219492325e+00
4.020728870942125610e+00
5.739289956727919417e+00
7.479780615023610579e+00
9.762035667257366711e+00
1.479398003899652281e+01
1.742764715458232416e+01
1.920064058862811862e+01
2.065247311046937284e+01
2.181080383794349231e+01
2.283339025749448226e+01
2.373559167146648008e+01
2.467389825356916688e+01
2.545886629876751783e+01
2.639923097655247375e+01
2.727876061969963928e+01
2.802832418509191115e+01
2.884378215157328640e+01
2.944926934784630390e+01
3.003268869955136466e+01
3.018227511061041213e+01
2.966544783917990458e+01
2.965092856909280172e+01
2.998802728668498574e+01
3.046626650910869571e+01
3.152578864548085846e+01
3.201614173956786402e+01
3.242348791669309094e+01
3.286774927580910344e+01
3.334151550767018080e+01
3.387256428899356564e+01
3.446570823294886310e+01
3.504298142683492046e+01
3.559169300744122921e+01
3.629678062854109299e+01
3.710342514107133383e+01
3.827033226678677380e+01
3.942501088563047063e+01
4.064496226295722181e+01
4.203717232728098452e+01
4.336033370936132769e+01
4.451055084885021529e+01
4.528302030495183317e+01
4.573009721651827419e+01
4.563791442572141932e+01
4.455998181011261039e+01
4.359818115399682625e+01
4.254629323663107243e+01
4.089502984189090284e+01
3.858237067553692157e+01
3.592742452430961464e+01
3.193852265125639178e+01
2.332349870004768633e+01
1.754270021844212124e+01
1.426709109285839361e+01
1.196056040844617030e+01
1.067910244641926809e+01
9.537527767917968191e+00
8.237638892684039149e+00
6.867347217035526974e+00
5.408257591144725929e+00
3.980126260511632985e+00
2.536123976393431789e+00
1.160871962942869651e+00
0.000000000000000000e+00
0.000000000000000000e+00
0.000000000000000000e+00
0.000000000000000000e+00
0.000000000000000000e+00
0.000000000000000000e+00
0.000000000000000000e+00
0.000000000000000000e+00
0.000000000000000000e+00
0.000000000000000000e+00
0.000000000000000000e+00
4.410077622255119678e-01
7.706455266645000357e-01
9.731021038955702807e-01
1.435365030859586444e+00
1.978266159530873924e+00
2.561501625887444344e+00
2.843240579025900328e+00
3.018449109780101836e+00
2.812148388007910782e+00
2.639254633479735102e+00
2.431347044953796388e+00
2.207553333461316658e+00
2.330092401803892432e+00
3.402131330979120349e+00
5.377398854881385581e+00
6.298600001668341442e+00
7.612842935512929010e+00
9.074862327361024938e+00
1.069142834155465138e+01
1.264187384100240585e+01
1.480810904205197076e+01
1.732607762606480151e+01
1.781989439667228226e+01
1.775730480171235115e+01
1.778903790342819846e+01
1.886373381334152555e+01
2.041732124152166961e+01
2.292354564477071222e+01
2.533551470715019605e+01
2.797197351930329745e+01
3.045215467127165354e+01
3.284686561080673073e+01
3.488869955235705334e+01
3.615737026871919113e+01
3.603654784129174971e+01
3.647875519605656791e+01
3.557950152136849198e+01
3.370602867023132632e+01
3.102898688418829565e+01
2.698669576773857415e+01
2.065286603158386214e+01
1.153187505249963785e+01
7.676768415493110176e+00
5.160295492161012021e+00
3.253015211066160539e+00
1.504292127654577982e+00
4.024108513163380252e-01
0.000000000000000000e+00
0.000000000000000000e+00
0.000000000000000000e+00
0.000000000000000000e+00
0.000000000000000000e+00
0.000000000000000000e+00
0.000000000000000000e+00
0.000000000000000000e+00
0.000000000000000000e+00
0.000000000000000000e+00
0.000000000000000000e+00
0.000000000000000000e+00
0.000000000000000000e+00
0.000000000000000000e+00
0.000000000000000000e+00
0.000000000000000000e+00
5.983448881241630879e-01
2.150637021263436033e+00
4.204684711831424337e+00
7.320723154898596263e+00
1.305815064277342330e+01
1.515198142421799332e+01
1.706132620545221812e+01
1.853686837295295931e+01
2.009498131888479477e+01
2.178181306652632543e+01
2.308280274259977460e+01
2.423885626109177593e+01
2.516737383170106312e+01
2.615786247457370450e+01
2.782081550864177899e+01
2.979713897749246598e+01
3.090747621708831616e+01
3.143796272172606976e+01
3.191943509991576633e+01
3.280717055846539409e+01
3.336188172189129375e+01
3.394867854487526415e+01
3.460543950929184831e+01
3.508856834875130914e+01
3.568832183886402731e+01
3.611546518348379209e+01
3.657467846476883011e+01
3.695246578802193227e+01
3.733085675968347772e+01
3.766208972497688734e+01
3.816002989216941899e+01
3.876149120940671366e+01
3.962982667742315357e+01
4.065368591594035053e+01
4.148904509526997231e+01
4.174963070941977605e+01
4.262498958580955133e+01
4.451143355038660587e+01
4.638934482121790381e+01
4.755603804232529797e+01
4.845452362625190545e+01
4.874487226322538902e+01
4.845529866974552391e+01
4.791976854674967257e+01
4.653795954180936434e+01
4.469417074982509774e+01
4.212178887576416031e+01
3.915982528682649644e+01
3.581494637388239255e+01
3.130355138636675960e+01
2.087367781106559406e+01
1.684733553369640902e+01
1.450110770184774545e+01
1.306929525535823444e+01
1.193748075343410520e+01
1.207382708684997397e+01
1.161155357461173487e+01
1.060236617944816651e+01
9.352483269939218857e+00
8.048024112629899918e+00
6.659811079063912231e+00
5.271171156867000107e+00
3.877302014026687615e+00
2.475634592168981740e+00
1.186358886721874839e+00
1.816765773538353557e-01
0.000000000000000000e+00
0.000000000000000000e+00
0.000000000000000000e+00
0.000000000000000000e+00
0.000000000000000000e+00
0.000000000000000000e+00
0.000000000000000000e+00
1.252790689390481660e-01
7.688729775287139745e-01
0.000000000000000000e+00
0.000000000000000000e+00
0.000000000000000000e+00
3.915685100559862519e-02
4.531734496153458913e-01
1.078371108805575851e+00
1.117611579878422301e+00
1.232821846082444051e+00
1.480899673236570457e+00
1.727047213956743432e+00
2.107136224188984830e+00
2.665089437650492776e+00
3.426166160596631816e+00
4.446698756514141593e+00
6.105186667354416841e+00
7.834789313739484840e+00
9.599003335569801010e+00
1.191930134720739964e+01
1.501966235847545050e+01
1.594120100296859377e+01
1.619263663890797034e+01
1.595311158495538884e+01
1.545921543974805346e+01
1.415100616554133239e+01
1.603777730277730029e+01
1.874108480606356864e+01
2.156058358779392847e+01
2.434208950528142879e+01
2.738292323717558929e+01
3.055320798113501013e+01
3.339291482817487378e+01
3.609456265418977949e+01
3.810582793574384652e+01
3.952449863447276357e+01
3.991168553845469802e+01
3.941608229463099633e+01
3.793362100114579505e+01
3.511235578077890551e+01
3.149510090890702685e+01
2.592660503377521408e+01
1.397637417613901434e+01
7.943870534089367830e+00
3.924665280456160588e+00
1.342777149565256067e+00
0.000000000000000000e+00
0.000000000000000000e+00
0.000000000000000000e+00
0.000000000000000000e+00
0.000000000000000000e+00
0.000000000000000000e+00
0.000000000000000000e+00
0.000000000000000000e+00
0.000000000000000000e+00
0.000000000000000000e+00
0.000000000000000000e+00
0.000000000000000000e+00
0.000000000000000000e+00
0.000000000000000000e+00
0.000000000000000000e+00
0.000000000000000000e+00
0.000000000000000000e+00
7.874121830365274910e-01
2.103208714060974760e+00
3.922504210021088955e+00
5.637662329594682831e+00
7.736106634631669365e+00
1.069442329965693617e+01
1.627064398067806650e+01
1.871638375205273874e+01
2.047369097576079611e+01
2.181580102842386282e+01
2.292805830915751741e+01
2.363259032155173855e+01
2.435169553257508568e+01
2.518024575000269039e+01
2.649634066902134322e+01
2.698632652752510808e+01
2.731100786206996034e+01
2.773594553088674175e+01
2.826078392555285745e+01
2.856299090304272070e+01
2.892299498844465688e+01
2.910165937932513458e+01
2.918638581538846566e+01
2.939820401207715150e+01
2.987790676284671321e+01
3.032471502270238162e+01
3.067884993950517725e+01
3.092402462850073164e+01
3.144237768430306801e+01
3.179450968857040749e+01
3.240871196518966002e+01
3.297743203397852341e+01
3.369044555214910019e+01
3.434413623433324148e+01
3.390290272855467890e+01
3.484351527770046175e+01
3.587856650956387483e+01
3.684477451707363116e+01
3.782956958376580303e+01
3.914545056097558984e+01
4.060889519941953552e+01
4.205976012184908086e+01
4.344389772312270281e+01
4.475815754574428951e+01
4.596103641766247705e+01
4.662880362438078663e+01
4.653366838101261749e+01
4.632008964699314646e+01
4.555076709463518370e+01
4.384312943737728574e+01
4.121127705084445836e+01
3.751647159606116588e+01
3.214132170221486007e+01
2.002939750615649572e+01
1.344652627458591354e+01
9.494614353322056388e+00
6.436035777316155837e+00
4.885130259280117571e+00
3.335929665202645999e+00
2.568296990669924007e+00
2.129966696795349002e+00
1.947812049020869019e+00
2.210238069706135455e+00
2.688130901502051806e+00
2.296427422930844564e+00
1.842177911520862743e+00
1.263477148824554419e+00
4.488976497082113326e-01
0.000000000000000000e+00
0.000000000000000000e+00
0.000000000000000000e+00
0.000000000000000000e+00
0.000000000000000000e+00
0.000000000000000000e+00
0.000000000000000000e+00
0.000000000000000000e+00
0.000000000000000000e+00
0.000000000000000000e+00
0.000000000000000000e+00
0.000000000000000000e+00
0.000000000000000000e+00
4.123091801481701957e-01
3.257349824078166201e-01
0.000000000000000000e+00
0.000000000000000000e+00
0.000000000000000000e+00
3.976059235109217216e-01
9.452742842885121233e-01
2.103261542993650757e+00
3.390638087017218805e+00
4.353351184437214805e+00
5.604439754873961732e+00
6.944514615339426378e+00
7.949207616918934960e+00
9.243517514105025867e+00
1.000942088295737875e+01
1.066409751214557389e+01
1.055546813342088441e+01
1.146522317409050729e+01
1.104307356895249015e+01
1.069465561894810790e+01
1.038092226084858538e+01
1.047734449839353132e+01
1.142794912128356977e+01
1.397389500987355149e+01
2.073997864950169046e+01
2.497719767872073504e+01
2.872110900066667938e+01
3.222702687571923974e+01
3.559647359688857904e+01
3.857331184819891945e+01
4.087083577289918424e+01
4.230911001537171501e+01
4.296268814332734820e+01
4.252211140722756966e+01
4.151032803682585381e+01
3.924999804458652619e+01
3.578882560736206386e+01
2.981984244285602514e+01
1.952738401085057163e+01
1.065311928994127832e+01
6.713150491872013959e+00
3.945321068733323777e+00
2.175137190923265962e+00
9.058616105918666506e-01
3.744122734950661169e-01
5.057682289970983902e-01
5.663891244608079134e-01
1.058907408125135952e+00
9.697809975495585988e-01
1.448612125319985289e+00
1.627399395449936392e+00
1.951847543280741171e+00
2.183408417569760562e+00
2.317467643206162720e+00
2.361080531397594662e+00
1.939456227365016883e+00
2.280306519430693957e+00
2.919698050089530206e+00
3.699261526452696014e+00
4.743181614478220176e+00
