1.239692921738900466e+01
2.555580761540279155e+01
2.481842970703106488e+01
2.404836722518627923e+01
2.346226595842995266e+01
2.291740258547724451e+01
2.256090486860878030e+01
2.241232021318385392e+01
2.211666842574054570e+01
2.183301674844078377e+01
2.169144507311600378e+01
2.140041549760437434e+01
2.121423610907172019e+01
2.075292065066658509e+01
2.026437228680324409e+01
1.985422249516237869e+01
1.954239936666368038e+01
1.923310474108374635e+01
1.908144332926612208e+01
1.913925382710308298e+01
1.939335975029780457e+01
1.990133396050574177e+01
2.037081654526881280e+01
2.080886174629639740e+01
2.128037632354515907e+01
2.147994417911487020e+01
2.142734255947805622e+01
2.086255142926122019e+01
1.964213039750001144e+01
1.631195172797190551e+01
1.091296258490376303e+01
7.614730658520758588e+00
4.741808238145900134e+00
2.030230809180729512e+00
0.000000000000000000e+00
0.000000000000000000e+00
0.000000000000000000e+00
0.000000000000000000e+00
0.000000000000000000e+00
0.000000000000000000e+00
0.000000000000000000e+00
1.555406598407237162e+00
4.975436150645569988e+00
1.116400612233072032e+01
1.923908082403004727e+01
2.272031562022190698e+01
2.484631012161370123e+01
2.640579635747354459e+01
2.739050183407718109e+01
2.804302015722589658e+01
2.856871751192493036e+01
2.873298592052863398e+01
2.929868525822017133e+01
2.948454037834174812e+01
2.966189359341059983e+01
2.995117838330125437e+01
3.017687133951870138e+01
3.016905048201245165e+01
3.033752449205172752e+01
3.076063071794022008e+01
3.070790193113563760e+01
3.095963216969202136e+01
3.062773400089001541e+01
3.082564333900873521e+01
3.039004906910703241e+01
2.969791478314293798e+01
2.868882279716522987e+01
2.762950742033380891e+01
2.627190836162188958e+01
2.432411027424258521e+01
2.006871375422856829e+01
1.770304577748590802e+01
1.650522255335269151e+01
1.513610156048710564e+01
1.432116877732257265e+01
1.349638116607215466e+01
1.280633430252044036e+01
1.221096492313651538e+01
1.176392891972461285e+01
1.097008846650466474e+01
1.057552081295333757e+01
9.953345862915842446e+00
9.518373646226590878e+00
8.706674288876008916e+00
8.146534508569168054e+00
7.893427718120541670e+00
7.723863927675425067e+00
7.526956684437371869e+00
7.147865276215221719e+00
6.957563968809924226e+00
6.464748285244946047e+00
6.226542687708610302e+00
5.371707700245297978e+00
4.794495810785819323e+00
4.437443270349866964e+00
3.501985190252690394e+00
2.629646323356049642e+00
1.640207167816372547e+00
4.767687687998938273e-01
0.000000000000000000e+00
0.000000000000000000e+00
0.000000000000000000e+00
0.000000000000000000e+00
0.000000000000000000e+00
0.000000000000000000e+00
0.000000000000000000e+00
0.000000000000000000e+00
0.000000000000000000e+00
0.000000000000000000e+00
0.000000000000000000e+00
0.000000000000000000e+00
0.000000000000000000e+00
0.000000000000000000e+00
0.000000000000000000e+00
0.000000000000000000e+00
1.795494431294742288e+00
1.050793407138743873e+01
1.502899738219763570e+01
1.806019501493834767e+01
2.079839254414939376e+01
2.297598037667437509e+01
2.481792080302026449e+01
2.626160496546317091e+01
2.743864495473727061e+01
2.826386769155521250e+01
2.892932518487295468e+01
2.938769109327105866e+01
2.981247374981256826e+01
3.028603332865194631e+01
3.083224888046265377e+01
3.142056043275421473e+01
3.192228093354179208e+01
3.215146357735347493e+01
3.245813367660971238e+01
3.261356178927857030e+01
3.268224654356038883e+01
3.271384034949652886e+01
3.245671750120627053e+01
3.219461673408669355e+01
3.177161020248913204e+01
3.125871796609558473e+01
3.061453454056958989e+01
2.985704040868214904e+01
2.887938489623192240e+01
2.795168320671492168e+01
2.682132076573013180e+01
2.566236094390975353e+01
2.427534367466430609e+01
2.259510784181022203e+01
2.051285575968064023e+01
1.811888064054157255e+01
1.254096342201852465e+01
1.019252364910744113e+01
8.805214149526658929e+00
8.127195533152171691e+00
7.977342926828345782e+00
8.282897882172255422e+00
9.176658032573666191e+00
1.059614707072465833e+01
1.318040161070073246e+01
1.777250378532842134e+01
1.963279349670461826e+01
2.063235850112658198e+01
2.094741709867307122e+01
2.043497496524544133e+01
1.869772018040316652e+01
1.293695064014841023e+01
8.972037528392487360e+00
5.976645229129138315e+00
3.128481269502416673e+00
5.594639716852356504e-01
0.000000000000000000e+00
0.000000000000000000e+00
0.000000000000000000e+00
0.000000000000000000e+00
0.000000000000000000e+00
0.000000000000000000e+00
0.000000000000000000e+00
2.729992339831655457e+00
6.851174757829213924e+00
1.532507714965417023e+01
2.071280753433381250e+01
2.374738668471334790e+01
2.596174080128259476e+01
2.742909242490653199e+01
2.845412812211989362e+01
2.902968464333589438e+01
2.938293442483799822e+01
2.945734511703612313e+01
2.944654473222699309e+01
2.929870439922992631e+01
2.903258548067733713e+01
2.894427845432170798e+01
2.869432022199892174e+01
2.858238510613392691e+01
2.862964626929576895e+01
2.863200593319378839e+01
2.814944365540308979e+01
2.765233407728390347e+01
2.665154223336480399e+01
2.572274005172407385e+01
2.453179877638063999e+01
2.322912254968379742e+01
2.118490883886938647e+01
1.666431714300632905e+01
1.517085662568333326e+01
1.389243707716605059e+01
1.256797099989897148e+01
1.188156131321828113e+01
1.118451348482111030e+01
1.038937066452040447e+01
9.771923709041903550e+00
9.377533439864411235e+00
9.349597346088458494e+00
9.136384693435637416e+00
8.887292636273883772e+00
8.798975977452085928e+00
8.549486456174934190e+00
8.958071451303485588e+00
9.020937751563657514e+00
9.101952361069562514e+00
9.404307593329697568e+00
9.407947965706153326e+00
9.313242321765645926e+00
9.276433452093035825e+00
8.431375288132329615e+00
7.866992129744035722e+00
7.370764110258555490e+00
6.786822661909295284e+00
6.253576584250956749e+00
5.724201563028685769e+00
5.135168863067862688e+00
4.405417888436473639e+00
3.236084669357121690e+00
1.988296103139143511e+00
7.613156273771144456e-01
0.000000000000000000e+00
0.000000000000000000e+00
0.000000000000000000e+00
0.000000000000000000e+00
0.000000000000000000e+00
0.000000000000000000e+00
0.000000000000000000e+00
0.000000000000000000e+00
0.000000000000000000e+00
0.000000000000000000e+00
0.000000000000000000e+00
0.000000000000000000e+00
0.000000000000000000e+00
0.000000000000000000e+00
0.000000000000000000e+00
8.379213248640874356e-01
9.274253368010720422e+00
1.446344922490180274e+01
1.778475761754662798e+01
2.062276366865071608e+01
2.296164743172924716e+01
2.495246236492767622e+01
2.651133063448078886e+01
2.775086126599146041e+01
2.871911514155468481e+01
2.927646359859856062e+01
2.969968653336757924e+01
3.009450370361653526e+01
3.034557458641655714e+01
3.065610195820186945e+01
3.079955604517103041e+01
3.101665558622277530e+01
3.116184325789132359e+01
3.104537756128190651e+01
3.091260933953474677e+01
3.060982129124142048e+01
3.021207461222644852e+01
2.959951800848336845e+01
2.896033144103350310e+01
2.823712504707541271e+01
2.744998821300752212e+01
2.656975026757222835e+01
2.581452805902056014e+01
2.504605292693305429e+01
2.429830682582434420e+01
2.374020010967863925e+01
2.319736668526906698e+01
2.276798452964986552e+01
2.235726283734625142e+01
2.213377702151403881e+01
2.200963614932436485e+01
2.187193753201233193e+01
2.153897733679639970e+01
2.114792843537831502e+01
2.075882218403462787e+01
2.044202193882538410e+01
2.024426551889628811e+01
2.008979324473138917e+01
2.007729168509994366e+01
2.018888888881334154e+01
2.041887484840724554e+01
2.074096911599256288e+01
2.096787898924715066e+01
2.091570637563815183e+01
2.040148659999078617e+01
1.906050259682183068e+01
1.477325046070094139e+01
1.021945960607806292e+01
7.081627365863515600e+00
4.054294500695463377e+00
1.291129154209375685e+00
0.000000000000000000e+00
0.000000000000000000e+00
0.000000000000000000e+00
0.000000000000000000e+00
0.000000000000000000e+00
0.000000000000000000e+00
0.000000000000000000e+00
1.401941287269610203e+00
5.674561260755372594e+00
1.506817675183356897e+01
2.110200756207433415e+01
2.432166339039279279e+01
2.663290512047961300e+01
2.816486249855758572e+01
2.915453020537845674e+01
2.966439788800099109e+01
2.974715699055168727e+01
2.988271272466616679e+01
2.965907913093982984e+01
3.002708540556700356e+01
2.962055122823434417e+01
2.938306408114119606e+01
2.925574208274199961e+01
2.911154128655396178e+01
2.899096021583062921e+01
2.879669363398441462e+01
2.839349960809235185e+01
2.809162700041736471e+01
2.759424200549679185e+01
2.699696699444205805e+01
2.564297687853027696e+01
2.391894317610401544e+01
2.144087809420480895e+01
1.616762600816394624e+01
1.378589397930507587e+01
1.210703075605208312e+01
1.079739825252823593e+01
9.669371513154622733e+00
8.756846964642642561e+00
8.767019236936175020e+00
8.511943628104488013e+00
8.536021340836832394e+00
8.898726992644419909e+00
9.765334489306528809e+00
1.052264153604554586e+01
1.045660957316141015e+01
1.049573558098344250e+01
1.039746676798097091e+01
1.026592527069862548e+01
1.040180736043930132e+01
1.058060384956197986e+01
1.043551560738109707e+01
1.044472793737896943e+01
1.056352109898960734e+01
1.031784495005199709e+01
9.821914394706119822e+00
9.271812367033657409e+00
8.657113505834219680e+00
7.961468306804334816e+00
6.663586008107621694e+00
5.672053374636620404e+00
4.552416936621176191e+00
3.030631130659714678e+00
1.315725631410392893e+00
0.000000000000000000e+00
0.000000000000000000e+00
0.000000000000000000e+00
0.000000000000000000e+00
0.000000000000000000e+00
0.000000000000000000e+00
0.000000000000000000e+00
0.000000000000000000e+00
0.000000000000000000e+00
0.000000000000000000e+00
0.000000000000000000e+00
0.000000000000000000e+00
0.000000000000000000e+00
0.000000000000000000e+00
0.000000000000000000e+00
0.000000000000000000e+00
0.000000000000000000e+00
6.742054759048508039e-01
6.980756379474697404e+00
1.236702977505985679e+01
1.530309404738502543e+01
1.770607091120816534e+01
1.980318684637806115e+01
2.160272702541239553e+01
2.317104202186854778e+01
2.452076415450556368e+01
2.581728932798248266e+01
2.702561398425994810e+01
2.811081339978496985e+01
2.923367895647491110e+01
3.030579144659541413e+01
3.128924592648997205e+01
3.217018968120823530e+01
3.279526691430417173e+01
3.323113100564957278e+01
3.335416518527947005e+01
3.330743580511980184e+01
3.299099042619113220e+01
3.247315567541542691e+01
3.174094596021040005e+01
3.088883741793097215e+01
2.996161621105196815e+01
2.902503692438656202e+01
2.813399723709961009e+01
2.726779840781350117e+01
2.657040880591594956e+01
2.591950488481584713e+01
2.538607904131670168e+01
2.498698689440821497e+01
2.457879568890384192e+01
2.421539885634037859e+01
2.389348335001949053e+01
2.350423978630248811e+01
2.305034462974294485e+01
2.248402268001636273e+01
2.190377798253106789e+01
2.124203683651331076e+01
2.051114308589977497e+01
1.996051728909093015e+01
1.911225640230662393e+01
1.833821251805709807e+01
1.764602622375819507e+01
1.710141478342846710e+01
1.678506208477811157e+01
1.675474268692650881e+01
1.681104384261417195e+01
1.691308611493762015e+01
1.681733333233045613e+01
1.604414101185173891e+01
1.341441399044971305e+01
1.166684138546616545e+01
9.807141163336240197e+00
7.862527868980119905e+00
5.876722184053497777e+00
3.917101018154744985e+00
2.051071349025294310e+00
4.101368598848386116e-01
0.000000000000000000e+00
0.000000000000000000e+00
0.000000000000000000e+00
0.000000000000000000e+00
0.000000000000000000e+00
1.134451788332306865e-01
2.056602142752836926e+00
4.580728223331143489e+00
8.151105015283246047e+00
1.623512094839457731e+01
2.008351317848632434e+01
2.273277041958387557e+01
2.481420741208112091e+01
2.654541397585832030e+01
2.780822219426400821e+01
2.886416695183722325e+01
2.952837188989543904e+01
2.996393606227256612e+01
3.038710344424290710e+01
3.233754090992609775e+01
3.260254106115201722e+01
3.247211630302566476e+01
3.222090906491676066e+01
3.190143480573387436e+01
3.144331795237432203e+01
3.132133438862650721e+01
3.062595390950293961e+01
2.998105028185060661e+01
2.915144554209644667e+01
2.818298752415119068e+01
2.710726314172381990e+01
2.638708728869461240e+01
2.493062622920242433e+01
2.299058510718991144e+01
1.912407287300479197e+01
1.745613737137346888e+01
1.643121742040182198e+01
1.557047170109997936e+01
1.487790321095031132e+01
1.422274324561135828e+01
1.337133190122043658e+01
1.291253522045215263e+01
1.320274664787052465e+01
1.304369326298133913e+01
1.296658160001054405e+01
1.314831085896610041e+01
1.306335625507574427e+01
1.277635914738885603e+01
1.254086374665441639e+01
1.399499089487431291e+01
1.381655822422428237e+01
1.393625257809865126e+01
1.366858627604266907e+01
1.369780555932425159e+01
1.299237580826561000e+01
1.234620027049844637e+01
1.155467323182209860e+01
1.073069396020361488e+01
9.860161042078170013e+00
8.715283405520782622e+00
7.950960398338471791e+00
7.117975457127332817e+00
5.809921581594881701e+00
4.581115525161390423e+00
3.366269553675316217e+00
1.534453954081936189e+00
1.175204291221181307e-01
0.000000000000000000e+00
0.000000000000000000e+00
0.000000000000000000e+00
0.000000000000000000e+00
0.000000000000000000e+00
0.000000000000000000e+00
0.000000000000000000e+00
0.000000000000000000e+00
0.000000000000000000e+00
0.000000000000000000e+00
0.000000000000000000e+00
0.000000000000000000e+00
0.000000000000000000e+00
0.000000000000000000e+00
1.862826128582624197e+00
1.074361093093138031e+01
1.483548596977266243e+01
1.779727944627935088e+01
2.012989816350970429e+01
2.205105580100719820e+01
2.361739843658300941e+01
2.490342754283944160e+01
2.595927200371111709e+01
2.686084283674043149e+01
2.765435599371247832e+01
2.839319103080878293e+01
2.909806328065703340e+01
2.973135618654965739e+01
3.039710413510224996e+01
3.104764374050639475e+01
3.157981012193929260e+01
3.201084910655823279e+01
3.224889111213360593e+01
3.221157730188448198e+01
3.195874705505269020e+01
3.147863430015415531e+01
3.086823632165219777e+01
3.010225871118925767e+01
2.922421920615893853e+01
2.833480530934950536e+01
2.736718267956665329e+01
2.645719473481068107e+01
2.550153480454161325e+01
2.466409126268327867e+01
2.404005483377972041e+01
2.358184513454927966e+01
2.328532272882720022e+01
2.313326793005746040e+01
2.308100397231989120e+01
2.307561304808377045e+01
2.309549649571550134e+01
2.306620749168983053e+01
2.304177523418466578e+01
2.286998943149301411e+01
2.263237568844114733e+01
2.230999156710510789e+01
2.199012681912392964e+01
2.164407856008194742e+01
2.135245395007483182e+01
2.106310125903679520e+01
2.085399415130290635e+01
2.061842004705824749e+01
2.037554969876891420e+01
1.982134807228331397e+01
1.844424770563421490e+01
1.353185544489251946e+01
9.864330438315628058e+00
6.714294972138851847e+00
3.720734096019196802e+00
8.059903622436793702e-01
0.000000000000000000e+00
0.000000000000000000e+00
0.000000000000000000e+00
0.000000000000000000e+00
0.000000000000000000e+00
0.000000000000000000e+00
0.000000000000000000e+00
0.000000000000000000e+00
1.353084319192067397e+00
6.293660876615096988e+00
1.697162502051374489e+01
2.191149060692608330e+01
2.494634007438341783e+01
2.700547459950324836e+01
2.851132746477861701e+01
2.959180154584192479e+01
3.012932638382461903e+01
3.032750151854348175e+01
3.039473843488617177e+01
3.034947591964993308e+01
3.050826361719598978e+01
3.039977545085590904e+01
3.034919074238255021e+01
3.039526301041136236e+01
3.080095616142661186e+01
3.120358040174714986e+01
3.105488924965286301e+01
3.078156768514460850e+01
3.034424891762689569e+01
2.973920891437605363e+01
2.898426855463641871e+01
2.811564750135717006e+01
2.717470920051968974e+01
2.640147074303396835e+01
2.560141905420142905e+01
2.408285932358472792e+01
1.972398023131958666e+01
1.725941059559572821e+01
1.573673444789723419e+01
1.457938898620207979e+01
1.348627374088318831e+01
1.266028486325215496e+01
1.201443922293850619e+01
1.151869699850206885e+01
1.108740093803993609e+01
1.111852795380320913e+01
1.102806057443890353e+01
1.206479000959559045e+01
1.217220509978713494e+01
1.219000285390543148e+01
1.240928016689536584e+01
1.247115553197201798e+01
1.257236705801865817e+01
1.245634173424868685e+01
1.169654651939988987e+01
1.123204518742818081e+01
1.037139172715447266e+01
9.645531470169157018e+00
8.884858629438216582e+00
8.045107146006902354e+00
7.350093941368226247e+00
6.520601814754513725e+00
5.678196873164754521e+00
4.700305019456412658e+00
3.692812095385988869e+00
2.149757656492488955e+00
8.136923160716671433e-01
0.000000000000000000e+00
0.000000000000000000e+00
0.000000000000000000e+00
0.000000000000000000e+00
0.000000000000000000e+00
0.000000000000000000e+00
0.000000000000000000e+00
0.000000000000000000e+00
0.000000000000000000e+00
0.000000000000000000e+00
0.000000000000000000e+00
0.000000000000000000e+00
0.000000000000000000e+00
0.000000000000000000e+00
0.000000000000000000e+00
0.000000000000000000e+00
4.895728360914942456e+00
1.319766435003722016e+01
1.669222091539899822e+01
1.889402277905728766e+01
2.104278692891101343e+01
2.270519934573575682e+01
2.405314300667226135e+01
2.516000698298073956e+01
2.610756165754480307e+01
2.679593584610526946e+01
2.736903248372741615e+01
2.786017211102120683e+01
2.835439514928430782e+01
2.874150677747699589e+01
2.916328998985301624e+01
2.945356425851138482e+01
2.972142878553178136e+01
2.984541516069002398e+01
2.983454918570197378e+01
2.967242005565609375e+01
2.945109582095625811e+01
2.922729861258219231e+01
2.896663193693333227e+01
2.870813341904321447e+01
2.844302445631118559e+01
2.817401102580044636e+01
2.787789977140157660e+01
2.754559182662372407e+01
2.713626481285118075e+01
2.669946329145891895e+01
2.615413263051702231e+01
2.549475112690830159e+01
2.460675026214950734e+01
2.357995024218782021e+01
2.232617569183777562e+01
2.096563220737041888e+01
1.958340477224474796e+01
1.853631077856924136e+01
1.676585737340940341e+01
1.355869704987526347e+01
1.266894131685283043e+01
1.252945960005884096e+01
1.287183869490938370e+01
1.378202784483138998e+01
1.673328940439244761e+01
1.865366095862090035e+01
1.995834340931490658e+01
2.082276391622935563e+01
2.128731566280552912e+01
2.121438825629640945e+01
2.039942431478013773e+01
1.838235744953048112e+01
1.268925336744826637e+01
9.651972799350982513e+00
6.882169173554784969e+00
4.505702256725934163e+00
2.415208906113861964e+00
3.515548693055368101e-01
0.000000000000000000e+00
0.000000000000000000e+00
0.000000000000000000e+00
0.000000000000000000e+00
1.175522772950420514e+00
3.713520875850258030e+00
7.556625646535547247e+00
1.617844549376822627e+01
2.120748176041108479e+01
2.415389430051421016e+01
2.636620811387036767e+01
2.810696341937940446e+01
2.925779472867502662e+01
3.009475979237024745e+01
3.050777170137258310e+01
3.069516288616471655e+01
3.094052463477176929e+01
3.100170131447779198e+01
3.078335638435176946e+01
3.140297718333620480e+01
3.158242250222347280e+01
3.146729207234119485e+01
3.096778081305613384e+01
3.040672756106464902e+01
2.965763951083455652e+01
2.904533593718260676e+01
2.845866725085595306e+01
2.731876129953907650e+01
2.641225653088172010e+01
2.506493616800077717e+01
2.351129996872886352e+01
2.037409064743441078e+01
1.883348542492121425e+01
1.800286493192550807e+01
1.734185699936210767e+01
1.696942591989733629e+01
1.691656039363653008e+01
1.684941451264606727e+01
1.707345592506774068e+01
1.674107643185043770e+01
1.637126120665710260e+01
1.660855179622535616e+01
1.708921881965594025e+01
1.699867539670658445e+01
1.697771479689568253e+01
1.666782794962906777e+01
1.604555581335180392e+01
1.580927843058259263e+01
1.505246869947588806e+01
1.441937484160978578e+01
1.346633953338342060e+01
1.213772898038670434e+01
1.092859183323005290e+01
9.981889210754996355e+00
9.150853208785580506e+00
8.266500880807525320e+00
7.065666248831530716e+00
6.041879938975381670e+00
4.726387159129048499e+00
3.861049013299178156e+00
2.817392665460306311e+00
1.262878085026180486e+00
0.000000000000000000e+00
0.000000000000000000e+00
0.000000000000000000e+00
0.000000000000000000e+00
0.000000000000000000e+00
0.000000000000000000e+00
0.000000000000000000e+00
0.000000000000000000e+00
0.000000000000000000e+00
0.000000000000000000e+00
0.000000000000000000e+00
0.000000000000000000e+00
0.000000000000000000e+00
0.000000000000000000e+00
0.000000000000000000e+00
0.000000000000000000e+00
0.000000000000000000e+00
0.000000000000000000e+00
4.693889364206285997e+00
1.204513490762885475e+01
1.539009502522897854e+01
1.762019827042733056e+01
1.950184577530104946e+01
2.098539961292836864e+01
2.226682054907931629e+01
2.338285675011486830e+01
2.447839759501163215e+01
2.550520575955956915e+01
2.642924338974365028e+01
2.728025590260831379e+01
2.810948834975244637e+01
2.882819829392794730e+01
2.955520096125322738e+01
3.009878943028621379e+01
3.039935314911644326e+01
3.054616923750363355e+01
3.047800919816261711e+01
3.024013078424939849e+01
2.977747883481023905e+01
2.923856754713740713e+01
2.846600512999922827e+01
2.774963161542529022e+01
2.695869228720826882e+01
2.623756624634748746e+01
2.544828834927568906e+01
2.471392822523346311e+01
2.403446929727273229e+01
2.326182720108826629e+01
2.269419948684675958e+01
2.208998567576116301e+01
2.146023506966535876e+01
2.086387119353087272e+01
2.016655399871968157e+01
1.964814801454388160e+01
1.907447416364886550e+01
1.868070286421668413e+01
1.835353222153694830e+01
1.823892618044488145e+01
1.826954772137420235e+01
1.846598523554947135e+01
1.876711928293246956e+01
1.910709819583582103e+01
1.948189546171455433e+01
1.981885396201316851e+01
2.014886419378585458e+01
2.015478488962008186e+01
1.997217400331188131e+01
1.901101402820045649e+01
1.663415033691301304e+01
1.105691109416986784e+01
7.817403365431424334e+00
5.201363765112827053e+00
2.532845892887258366e+00
2.304390432037390912e-01
0.000000000000000000e+00
0.000000000000000000e+00
0.000000000000000000e+00
0.000000000000000000e+00
0.000000000000000000e+00
0.000000000000000000e+00
1.600109282341215078e+00
4.917238739678401416e+00
1.043190746808793534e+01
1.902829466073174203e+01
2.252434499070682961e+01
2.482871934549353199e+01
2.650098100608683893e+01
2.772048090198665449e+01
2.837737552934790486e+01
2.915570454211080786e+01
2.953414380367116010e+01
2.947725889848106817e+01
2.946058270283574032e+01
2.945019155384836651e+01
2.934844472790290837e+01
2.920654109985344604e+01
2.919015962639165096e+01
2.921442904722913170e+01
2.885794456131305097e+01
2.851781772975423479e+01
2.831580768941191550e+01
2.800975758469138199e+01
2.870311896849493394e+01
2.791965470124979731e+01
2.683304185761054939e+01
2.595103574877429153e+01
2.463603056114717305e+01
2.357357522241607839e+01
1.920716221555386483e+01
1.763176742612626668e+01
1.624944476836203222e+01
1.536045388108924215e+01
1.466795784481102238e+01
1.414859714256399670e+01
1.371443018321534524e+01
1.346485591811714855e+01
1.312037912672150242e+01
1.354598426431437019e+01
1.410762576029271997e+01
1.426720739647791980e+01
1.396736599294211345e+01
1.411875252099586220e+01
1.315094139633549375e+01
1.259900855353438232e+01
1.199452529807194523e+01
1.133260308109975156e+01
1.072400020842446722e+01
9.461599635765931993e+00
8.719694807116296076e+00
7.826565993813570543e+00
7.212932564943795199e+00
6.663262032435534721e+00
5.946004046386315522e+00
5.315955525985385677e+00
4.504033858077860941e+00
3.557016336708519688e+00
2.483279345177789921e+00
8.277101516027505212e-01
0.000000000000000000e+00
0.000000000000000000e+00
0.000000000000000000e+00
0.000000000000000000e+00
0.000000000000000000e+00
0.000000000000000000e+00
0.000000000000000000e+00
0.000000000000000000e+00
0.000000000000000000e+00
0.000000000000000000e+00
0.000000000000000000e+00
0.000000000000000000e+00
0.000000000000000000e+00
0.000000000000000000e+00
0.000000000000000000e+00
2.874618812638205068e+00
1.210473733364545978e+01
1.601446632888913868e+01
1.892288609688366208e+01
2.108934910240961358e+01
2.296982821236183270e+01
2.441357639863417717e+01
2.565617609044159764e+01
2.659156524434240865e+01
2.746172371224508169e+01
2.816962701951568349e+01
2.880901041666013995e+01
2.935022790794164393e+01
2.986594367492324409e+01
3.028298605447240632e+01
3.067607376533595342e+01
3.092397808600907894e+01
3.105750513233999754e+01
3.103638669220411117e+01
3.069144342730090358e+01
3.027093920223062895e+01
2.958009122652654455e+01
2.887660072754262686e+01
2.836194056894773396e+01
2.793803128891763521e+01
2.757778410007471592e+01
2.736220271235846724e+01
2.720922168342205438e+01
2.720858238854360067e+01
2.718334539923656834e+01
2.717865274092792660e+01
2.721639905454910746e+01
2.719548014284191595e+01
2.699385729223375918e+01
2.664123422758316551e+01
2.600077944110490691e+01
2.523050666748299875e+01
2.431300768378614308e+01
2.322670966247734370e+01
2.223066165318872933e+01
2.077615603321427429e+01
1.899252501914308411e+01
1.663775755818448943e+01
1.338934719994323075e+01
1.267689758568696590e+01
1.259033828812108524e+01
1.297339955432830827e+01
1.410843157932491820e+01
1.696188316219813430e+01
1.853996274475163375e+01
1.929036010943197610e+01
1.936175281993396524e+01
1.848516807891545000e+01
1.395601401103019867e+01
1.080517109017828048e+01
7.705606525271807783e+00
4.926577726924895373e+00
1.986863764135017529e+00
0.000000000000000000e+00
0.000000000000000000e+00
0.000000000000000000e+00
0.000000000000000000e+00
0.000000000000000000e+00
0.000000000000000000e+00
0.000000000000000000e+00
0.000000000000000000e+00
2.715837977663563496e+00
7.432996030662819997e+00
1.684627467015880598e+01
2.122038612586295869e+01
2.381538399912455617e+01
2.574020553075792250e+01
2.731679848775713637e+01
2.862156839681308540e+01
2.925743349129767878e+01
2.948538658327791850e+01
2.951060964322991609e+01
3.006161867196862758e+01
3.044212215736198601e+01
3.076771437687514776e+01
3.139317631981151635e+01
3.131491336126514113e+01
3.122931293665275376e+01
3.090127830041899415e+01
3.037514289273708812e+01
2.968410630661332306e+01
2.885599550885702769e+01
2.782597670142963864e+01
2.685031575646075908e+01
2.530854554588156091e+01
2.328460151465703021e+01
1.898449330656223566e+01
1.704271059893081386e+01
1.616671044634281529e+01
1.507400990686307196e+01
1.453815254950596092e+01
1.427089592551784136e+01
1.349241573287415363e+01
1.277735425795502167e+01
1.211149362821633169e+01
1.140311890760217750e+01
1.104201572691586719e+01
1.070877056344812317e+01
1.064633445000725764e+01
1.047189475381509105e+01
1.025696540049456473e+01
1.028621374378489328e+01
1.070787672448847871e+01
1.038416055177989250e+01
1.035406942092819982e+01
1.049582797462529626e+01
1.034887673205768088e+01
9.970389803398695960e+00
8.879295172385559098e+00
8.258092240025360908e+00
7.412702947691299116e+00
6.539114425610453196e+00
5.966582958854974805e+00
5.396340672618308076e+00
4.683643431079110186e+00
3.942959149863305868e+00
2.985691877415861839e+00
1.988824919279454484e+00
6.518727143537672575e-01
0.000000000000000000e+00
0.000000000000000000e+00
0.000000000000000000e+00
0.000000000000000000e+00
0.000000000000000000e+00
0.000000000000000000e+00
0.000000000000000000e+00
0.000000000000000000e+00
0.000000000000000000e+00
0.000000000000000000e+00
0.000000000000000000e+00
0.000000000000000000e+00
0.000000000000000000e+00
0.000000000000000000e+00
0.000000000000000000e+00
0.000000000000000000e+00
1.307625593360385086e+00
8.837980239974607244e+00
1.269292961835094324e+01
1.555104059893085200e+01
1.777345055013286412e+01
1.982031022756471117e+01
2.150947202598596775e+01
2.299323254451188348e+01
2.408951196395149807e+01
2.503738500318371507e+01
2.582042628311770827e+01
2.664335185450794441e+01
2.748612732530965985e+01
2.836316771574334084e+01
2.904848059776026759e+01
3.000243478624484439e+01
3.080591315415318476e+01
3.137924727876090003e+01
3.200688000580888115e+01
3.245725444969048823e+01
3.269990378868266845e+01
3.265836148727167654e+01
3.235041551789489489e+01
3.192546689761779888e+01
3.139787930609119826e+01
3.079740647292344491e+01
3.009132655778841681e+01
2.938848141877214459e+01
2.867644626306227096e+01
2.797300456188505180e+01
2.728162760269902165e+01
2.658327748025670800e+01
2.585037529112930699e+01
2.512765987084384633e+01
2.444587354638791865e+01
2.366737686779294592e+01
2.292153866637527315e+01
2.206859658992448203e+01
2.123874366842947126e+01
2.038447709340839253e+01
2.009092841891051862e+01
1.954388594814498603e+01
1.931571749929036486e+01
1.914603693959830366e+01
1.931336639311367165e+01
1.961596480739949655e+01
2.009463079479642289e+01
2.067296560564419039e+01
2.118723086535035804e+01
2.154429278297801531e+01
2.160471834290493476e+01
2.118832111285902897e+01
2.016826088459296784e+01
1.735028735022317292e+01
1.160701467030085254e+01
8.243362880117143021e+00
5.379222814060338642e+00
2.627832211517841188e+00
3.714270593736856974e-01
0.000000000000000000e+00
0.000000000000000000e+00
0.000000000000000000e+00
0.000000000000000000e+00
0.000000000000000000e+00
0.000000000000000000e+00
0.000000000000000000e+00
2.549495428199580971e+00
6.506560867262830783e+00
1.518969140339802948e+01
2.051292487415546262e+01
2.352876047685590777e+01
2.579705219118981319e+01
2.734822949243686452e+01
2.874752426572871400e+01
2.970761041906597200e+01
3.035376371094895021e+01
3.060902152468661441e+01
3.090013110781783467e+01
3.123502433609488804e+01
3.164526237224164618e+01
3.141759498541691897e+01
3.145139709142908302e+01
3.122041326097747671e+01
3.140837206685053928e+01
3.134006136516081042e+01
3.103451529364490113e+01
3.033939595284879331e+01
2.959635411341958289e+01
2.862205510466774072e+01
2.767709397875253785e+01
2.672697563570314117e+01
2.511476000965731359e+01
2.316099664270144842e+01
1.952412362677731394e+01
1.788126553268940810e+01
1.659649119237776205e+01
1.582484538905436899e+01
1.712285376458148534e+01
1.658570830951609310e+01
1.621403770108565467e+01
1.588033855774834358e+01
1.536965927339121052e+01
1.497618148436192342e+01
1.452747289406097941e+01
1.423940893437227651e+01
1.396156845108435718e+01
1.364328696504228766e+01
1.318890449138772958e+01
1.277248019259528888e+01
1.237391633658979195e+01
1.271334279264398326e+01
1.259025369936391492e+01
1.230308878645231196e+01
1.157937950840451080e+01
1.109400025018478608e+01
1.075208699582800165e+01
1.005679212487298280e+01
7.953958239828867960e+00
7.165731421867898021e+00
6.155255120727392892e+00
5.284132370869077278e+00
4.467731552543394713e+00
3.603727390223605553e+00
2.556035456522362637e+00
1.134121869631032453e+00
0.000000000000000000e+00
0.000000000000000000e+00
0.000000000000000000e+00
0.000000000000000000e+00
0.000000000000000000e+00
0.000000000000000000e+00
0.000000000000000000e+00
0.000000000000000000e+00
0.000000000000000000e+00
0.000000000000000000e+00
0.000000000000000000e+00
0.000000000000000000e+00
0.000000000000000000e+00
0.000000000000000000e+00
0.000000000000000000e+00
2.313405477240618957e+00
1.129494690468302309e+01
1.537205193204130182e+01
1.793478430150209135e+01
2.020077485357633762e+01
2.208618794626175585e+01
2.367815389333164688e+01
2.523337853901647421e+01
2.630536919283564856e+01
2.731008039517156760e+01
2.811505221556924994e+01
2.887019017665948795e+01
2.955128032610116406e+01
3.015681685337191809e+01
3.076376503916842253e+01
3.139274053998808611e+01
3.185396393146200822e+01
3.212127170069945237e+01
3.218039734283878772e+01
3.207882518026410423e+01
3.183015387309330535e+01
3.136661820568895109e+01
3.075258433946433101e+01
3.019050326773164272e+01
2.959554675446988981e+01
2.899294066914425017e+01
2.843635862458939556e+01
2.769920464038355234e+01
2.722469635027074375e+01
2.674208284216785714e+01
2.640395336613140387e+01
2.606049247295041837e+01
2.575613427502006658e+01
2.546583887603681973e+01
2.524572620252607891e+01
2.478795538624713402e+01
2.411895090521739249e+01
2.325457054071102903e+01
2.227278184462877419e+01
2.109356358669894860e+01
1.994757694045604524e+01
1.840084913337124561e+01
1.673345785950574083e+01
1.450392904866332344e+01
1.453957775937230856e+01
1.664697346739287198e+01
1.814304471534055097e+01
1.932698828813270708e+01
2.009550703435468932e+01
2.031261897473818934e+01
1.974061144989905969e+01
1.759474107590124703e+01
1.196219129013380211e+01
8.576955287799915340e+00
5.527069149495037692e+00
2.521340813236159661e+00
4.435429733587070711e-02
0.000000000000000000e+00
0.000000000000000000e+00
0.000000000000000000e+00
0.000000000000000000e+00
0.000000000000000000e+00
0.000000000000000000e+00
1.552928658658514482e-01
3.159507302374695570e+00
7.552972140006855462e+00
1.701030422493162320e+01
2.174376101803620998e+01
2.469234411028558185e+01
2.676213538220904553e+01
2.813690217397407523e+01
2.909117840920306364e+01
2.960951056952315241e+01
3.025998738351216488e+01
3.039359881408426745e+01
3.021156558156293315e+01
2.983679236483416020e+01
2.937140368807100899e+01
2.901976824952930301e+01
2.858919232085235151e+01
2.811634672116346678e+01
2.783966588410182297e+01
2.719522898248086307e+01
2.644726012360885647e+01
2.561424672775300593e+01
2.473260418570634300e+01
2.321498392427415070e+01
2.073701970128627892e+01
1.582894185212374616e+01
1.361903247484803359e+01
1.195262234489004527e+01
1.085462664436485980e+01
1.014224861985710469e+01
8.980092631918072499e+00
8.269913340999892171e+00
7.685248263790904311e+00
7.639939304392127539e+00
7.681869535984420239e+00
7.632733192291380142e+00
8.113763609337803828e+00
8.196065193551600458e+00
8.297581095250215810e+00
8.216569127632880054e+00
8.359037482702856181e+00
8.498918418116407025e+00
8.322877468489650710e+00
8.107872128115843680e+00
7.859756290660506295e+00
7.668182547081880074e+00
7.351695104116599211e+00
7.059135575846621435e+00
6.729774212477037665e+00
6.432213701952006701e+00
6.327962405607863161e+00
6.385022186895096041e+00
5.968285590880190838e+00
5.548915428161709684e+00
4.866766903808635192e+00
4.286763402210146623e+00
3.146075703311806748e+00
2.308683180838190907e+00
1.127178723208455580e+00
2.629922455246322954e-01
0.000000000000000000e+00
0.000000000000000000e+00
0.000000000000000000e+00
0.000000000000000000e+00
0.000000000000000000e+00
0.000000000000000000e+00
0.000000000000000000e+00
0.000000000000000000e+00
0.000000000000000000e+00
0.000000000000000000e+00
0.000000000000000000e+00
0.000000000000000000e+00
0.000000000000000000e+00
0.000000000000000000e+00
0.000000000000000000e+00
0.000000000000000000e+00
2.048530718558309704e+00
8.838812113196938824e+00
1.271588116606451990e+01
1.531404457040769707e+01
1.787393755072432455e+01
1.995920958481805840e+01
2.191912244322327652e+01
2.358538774760708634e+01
2.505236697220802355e+01
2.630371841717485637e+01
2.749213984173182013e+01
2.857018254240536237e+01
2.969034427843136470e+01
3.074456751130465904e+01
3.173853794455281019e+01
3.266408623508154818e+01
3.349994648946307052e+01
3.413390933442150299e+01
3.462799315541887069e+01
3.492669676965171277e+01
3.502429527956569189e+01
3.491272036982240934e+01
3.452846731472988751e+01
3.395452025094285631e+01
3.302279738531903774e+01
3.207816909789934812e+01
3.104002915758427505e+01
2.998228278495638932e+01
2.882560165609649161e+01
2.768705524231997472e+01
2.650218043545405067e+01
2.539795198988624136e+01
2.431334223152105523e+01
2.335233353709886828e+01
2.244162476696862996e+01
2.170337561851661334e+01
2.101439310197192611e+01
2.046501599840246755e+01
2.003671401939460850e+01
1.965018489176210181e+01
1.965042956594739465e+01
1.943850649493646898e+01
1.910578623354670924e+01
1.889818582158849836e+01
1.862932653097242763e+01
1.846910584868207295e+01
1.842254119006436497e+01
1.851898081316006994e+01
1.868459407868164490e+01
1.897603877334221778e+01
1.914957716141052302e+01
1.910719097746572004e+01
1.866414722076040178e+01
1.722671170452805001e+01
1.289642556976264487e+01
1.020519405585383055e+01
7.674963249467133153e+00
5.101113011573115585e+00
2.587385352955229312e+00
3.169343676913363161e-01
0.000000000000000000e+00
0.000000000000000000e+00
0.000000000000000000e+00
0.000000000000000000e+00
0.000000000000000000e+00
0.000000000000000000e+00
3.015665754286466216e-01
3.259005275581674965e+00
7.516240569242023994e+00
1.698314783168054731e+01
2.174693264319490638e+01
2.472696465130743348e+01
2.682309920384548363e+01
2.837218801033020199e+01
2.945631951307356999e+01
3.008246265302743438e+01
3.028762136005343564e+01
3.037227979647786924e+01
3.050031032079485271e+01
3.045344457253226622e+01
3.063926344451705219e+01
3.152111543419050932e+01
3.147610044674771501e+01
3.170550112068262649e+01
3.180224626738861815e+01
3.158698775163709982e+01
3.228336432516309173e+01
3.188950712660222564e+01
3.145928460467120757e+01
3.086021393273914981e+01
3.019812437509168745e+01
3.015173653552040633e+01
2.958857352012489628e+01
2.945630946301417907e+01
2.776275938369343521e+01
2.435562069729259349e+01
2.145882077225928697e+01
1.989345286362278742e+01
1.859423343144013785e+01
1.755738786720330324e+01
1.687448204940757535e+01
1.630224953404283994e+01
1.595841945624288805e+01
1.567633632465459925e+01
1.553852140036603657e+01
1.557197956272521111e+01
1.532394394239723567e+01
1.544415054831623024e+01
1.592849271122846488e+01
1.596847187335837326e+01
1.582401669097371588e+01
1.499188315177184627e+01
1.426875480988645073e+01
1.252929697948979992e+01
1.178049641973989026e+01
1.044899758522692679e+01
9.558962652799031900e+00
8.671268839580275056e+00
8.144969670708567477e+00
7.213749096087697765e+00
6.019460370705153274e+00
4.134281865237445786e+00
2.655809446887582581e+00
8.930462080167842487e-01
0.000000000000000000e+00
0.000000000000000000e+00
0.000000000000000000e+00
0.000000000000000000e+00
0.000000000000000000e+00
0.000000000000000000e+00
0.000000000000000000e+00
0.000000000000000000e+00
0.000000000000000000e+00
0.000000000000000000e+00
0.000000000000000000e+00
0.000000000000000000e+00
0.000000000000000000e+00
0.000000000000000000e+00
0.000000000000000000e+00
0.000000000000000000e+00
9.287066109165564853e-02
6.512208179768424365e+00
1.483317589328427388e+01
1.818549605571209682e+01
2.061293286113991385e+01
2.238329870823941192e+01
2.376121844881092926e+01
2.472837480882096983e+01
2.564343779393039924e+01
2.629694829832212122e+01
2.690937729862212535e+01
2.746658523178955491e+01
2.800683597639996947e+01
2.863037728248873037e+01
2.911102834692442443e+01
2.959657645713303609e+01
2.996360761463050437e+01
3.028715674257356127e+01
3.050054656511886719e+01
3.061779069633747241e+01
3.070838744084657179e+01
3.067946286544619028e+01
3.063512361885897661e+01
3.051613998995203403e+01
3.038559347649690423e+01
3.036726963496312948e+01
3.016799319251530065e+01
2.999986398651353170e+01
2.990481873249918010e+01
2.965979448321728640e+01
2.932363342699958153e+01
2.867042053311331173e+01
2.774103206910023189e+01
2.647411179328332054e+01
2.487685105561326182e+01
2.290029895904644519e+01
2.053549224815228058e+01
1.706432181566024653e+01
1.203376958715650957e+01
1.043522511185870272e+01
9.830328670585730677e+00
1.010078486483534554e+01
1.110054715539843073e+01
1.331301258654954545e+01
1.853088465150100461e+01
2.091548028052875097e+01
2.259806984346113623e+01
2.361952996211070044e+01
2.373751018854915174e+01
2.319316508102548013e+01
2.132742653400319455e+01
1.712423817486656574e+01
9.104489983429180811e+00
4.898953171376398963e+00
1.385548194109211817e+00
0.000000000000000000e+00
0.000000000000000000e+00
0.000000000000000000e+00
0.000000000000000000e+00
0.000000000000000000e+00
0.000000000000000000e+00
0.000000000000000000e+00
0.000000000000000000e+00
3.698350185685297387e+00
1.033242018481867142e+01
1.988473066848003157e+01
2.356525598631984053e+01
2.602027904601312969e+01
2.761165080580404663e+01
2.876075795966559312e+01
2.965838450155959549e+01
3.052204033782820858e+01
3.053210101276593136e+01
3.046791934605615992e+01
3.034287832457221867e+01
3.023885697475767742e+01
3.010075619401420965e+01
3.049772941057425157e+01
3.065965349524205408e+01
3.067716140564765226e+01
3.088719545441663072e+01
3.074214192883990648e+01
3.046621936229301753e+01
2.989279200022448180e+01
2.930186560421607211e+01
2.837469421014315785e+01
2.744262868306709890e+01
2.625605334190271734e+01
2.486002350580862696e+01
2.324286001706803262e+01
1.857039631536603963e+01
1.619031118321359486e+01
1.555777003582418416e+01
1.453796175156253057e+01
1.356088079400667112e+01
1.264470118338383919e+01
1.187780078497523917e+01
1.108108096198199277e+01
1.061347469326367410e+01
1.030235269945585230e+01
9.808969376636383686e+00
9.616409694128563501e+00
9.231578106744189327e+00
8.890942523039800705e+00
8.734709891270266979e+00
8.922850649099247633e+00
8.935429009568188974e+00
8.778844596560558600e+00
8.530783940869504534e+00
7.984036051295174019e+00
7.678324131996641100e+00
7.200888808286091347e+00
6.316091711955726495e+00
5.601868775482589768e+00
5.098218947372725296e+00
4.636362466136733751e+00
4.150961800560102333e+00
3.387886794287698677e+00
2.425103470279437623e+00
1.313506471716634039e+00
0.000000000000000000e+00
0.000000000000000000e+00
0.000000000000000000e+00
0.000000000000000000e+00
0.000000000000000000e+00
0.000000000000000000e+00
0.000000000000000000e+00
0.000000000000000000e+00
0.000000000000000000e+00
0.000000000000000000e+00
0.000000000000000000e+00
0.000000000000000000e+00
0.000000000000000000e+00
0.000000000000000000e+00
0.000000000000000000e+00
0.000000000000000000e+00
1.872408383104850582e+00
8.475997719433690847e+00
1.299991862964482081e+01
1.557936622121704495e+01
1.752047525887188684e+01
1.916767573951113590e+01
2.056252384854521864e+01
2.190239116006980780e+01
2.321923906424654760e+01
2.452983809066889265e+01
2.586907587406716758e+01
2.722375300717183677e+01
2.860591607295541650e+01
2.986089544439615295e+01
3.099269499030019404e+01
3.183664916622113239e+01
3.251786534756367786e+01
3.278854404305406689e+01
3.288264748626378520e+01
3.263551241893224386e+01
3.213721822128326977e+01
3.134195027525805344e+01
3.041803570661398481e+01
2.938967048709054808e+01
2.831059793095094435e+01
2.714059758713236192e+01
2.604338474362385369e+01
2.503658496993832472e+01
2.427076657247797797e+01
2.374735095248787786e+01
2.347639721178724770e+01
2.341154554388329956e+01
2.348631292584497388e+01
2.364790392478086289e+01
2.394594819808837727e+01
2.418343472284085038e+01
2.416500618306384496e+01
2.393505296005784544e+01
2.339309096041743530e+01
2.256999960538540151e+01
2.158157222812792853e+01
2.033858903375463001e+01
1.904961294670268401e+01
1.742707799711930505e+01
1.565445657832509241e+01
1.366928607455021449e+01
1.346548030420195374e+01
1.358756674169721457e+01
1.353823667083748461e+01
1.284282671934493791e+01
1.152569113131011491e+01
9.716992677831486347e+00
7.627806515577646884e+00
5.360233742063668316e+00
3.066444551041889177e+00
8.401855565744694720e-01
0.000000000000000000e+00
0.000000000000000000e+00
0.000000000000000000e+00
0.000000000000000000e+00
0.000000000000000000e+00
0.000000000000000000e+00
2.199589295382955445e+00
5.641399460504110230e+00
1.115351747719344644e+01
1.944252842923937052e+01
2.269495769933156026e+01
2.513878059522490460e+01
2.688838237515086860e+01
2.869024936251337721e+01
2.983131595821740234e+01
3.084164450636719224e+01
3.139586977756063035e+01
3.156559908947047433e+01
3.174928268333518133e+01
3.182648965761454107e+01
3.193406423235419567e+01
3.190799162817521051e+01
3.187790687510171139e+01
3.175601614002096440e+01
3.159281215033804813e+01
3.150260091106595084e+01
3.124661058454194773e+01
3.074092491949565797e+01
3.022085780798578369e+01
2.946890566753374330e+01
2.858601190732341379e+01
2.769124384639194503e+01
2.656649094619751139e+01
2.480441731618730472e+01
2.228103419094544790e+01
1.840486405458633001e+01
1.820009693991530497e+01
1.656199094184484011e+01
1.530244647029162941e+01
1.451245456051618277e+01
1.364944004458620164e+01
1.280687829267914601e+01
1.222360006868596116e+01
1.144473115249184048e+01
1.092256347744339884e+01
1.055653831931178033e+01
1.040141147992993886e+01
9.966827176946216227e+00
1.002463826585895568e+01
9.933025518927392383e+00
9.661997181457289585e+00
9.345059423776199026e+00
9.061009171806830409e+00
8.579088879867844852e+00
8.060540394244815943e+00
6.850800731182289383e+00
5.482106122203397547e+00
5.195670334415954272e+00
4.757335859003502421e+00
3.820485321292283132e+00
3.156263768877728637e+00
2.511697037636770879e+00
1.509141180680367178e+00
7.514179441141664029e-01
0.000000000000000000e+00
0.000000000000000000e+00
0.000000000000000000e+00
0.000000000000000000e+00
0.000000000000000000e+00
0.000000000000000000e+00
0.000000000000000000e+00
0.000000000000000000e+00
0.000000000000000000e+00
0.000000000000000000e+00
0.000000000000000000e+00
0.000000000000000000e+00
0.000000000000000000e+00
0.000000000000000000e+00
0.000000000000000000e+00
0.000000000000000000e+00
3.073676070702522800e+00
1.075505826837019008e+01
1.390755551625531261e+01
1.609625392856091608e+01
1.770325032721574132e+01
1.909983637622362451e+01
2.021370022871456129e+01
2.129061999417518436e+01
2.229397600792518830e+01
2.337981005294886927e+01
2.450540416994789439e+01
2.577353088373055456e+01
2.713934303168214512e+01
2.855061568573785991e+01
2.989130844179453206e+01
3.114381661412065583e+01
3.220250809234508438e+01
3.300046830903229989e+01
3.346066128246157945e+01
3.366395578427353286e+01
3.357096940955793940e+01
3.293162786193126124e+01
3.218151631664042611e+01
3.124929547407073827e+01
3.036472180327936599e+01
2.931899120382718493e+01
2.835475082408787628e+01
2.734058947381415550e+01
2.647993198634504708e+01
2.586315891008998591e+01
2.543697824106893535e+01
2.511198276142589592e+01
2.487191394182933024e+01
2.468769992860508466e+01
2.448342438551268074e+01
2.424536351765755171e+01
2.391735659846417050e+01
2.361032403538641944e+01
2.296493733265422321e+01
2.205606104251200605e+01
2.104798314930978620e+01
1.975321583842745454e+01
1.834130634513044100e+01
1.731802843880783982e+01
1.475252691737863842e+01
1.413750897557768127e+01
1.412235816853899806e+01
1.464394044989872157e+01
1.562434280555423882e+01
1.684549436221837482e+01
1.539711495682991682e+01
1.353594859517745697e+01
1.141350671022586027e+01
8.907186806828724102e+00
6.381571686387736975e+00
3.643980709839330867e+00
1.124393910915084227e+00
0.000000000000000000e+00
0.000000000000000000e+00
0.000000000000000000e+00
0.000000000000000000e+00
0.000000000000000000e+00
0.000000000000000000e+00
0.000000000000000000e+00
1.670514299940323522e+00
7.084433514634437934e+00
1.785182877613701535e+01
2.336800035135415143e+01
2.675881178747876277e+01
2.903718477422713207e+01
3.048748096381693884e+01
3.137614463377971319e+01
3.182022116843779713e+01
3.207897321394632684e+01
3.199582619486430346e+01
3.201118647147566065e+01
3.176266306060789546e+01
3.148087525423508026e+01
3.129074988108635580e+01
3.120863862672867839e+01
3.185426707416630876e+01
3.222428158415755917e+01
3.259953504131197377e+01
3.267496888379078968e+01
3.239503273281326301e+01
3.190860167023979344e+01
3.162960256703921047e+01
3.091582037331548705e+01
2.987802458724509336e+01
2.878789138621127819e+01
2.736958812631382187e+01
2.557724386149576645e+01
2.312480328017551301e+01
1.823089071463386190e+01
1.639108854303512786e+01
1.491531583817607043e+01
1.423916309132661873e+01
1.323210794535946278e+01
1.240225385016959336e+01
1.167190873524620720e+01
1.112647474463958375e+01
1.047744220166999796e+01
9.862605074758491241e+00
9.486845912207853004e+00
9.119001621362695431e+00
8.600826507555597189e+00
8.171169993068950532e+00
7.610633074167659551e+00
7.278717576928568356e+00
6.862026288251589001e+00
6.522868956210405855e+00
6.046543844745762897e+00
5.444090016220886064e+00
4.872026712552508521e+00
4.354208661736410413e+00
3.736081008977377493e+00
2.601727165720864043e+00
2.056748721968016724e+00
1.461458433082676756e+00
8.333937329401504002e-01
0.000000000000000000e+00
0.000000000000000000e+00
0.000000000000000000e+00
0.000000000000000000e+00
0.000000000000000000e+00
0.000000000000000000e+00
0.000000000000000000e+00
0.000000000000000000e+00
0.000000000000000000e+00
0.000000000000000000e+00
0.000000000000000000e+00
0.000000000000000000e+00
0.000000000000000000e+00
0.000000000000000000e+00
0.000000000000000000e+00
0.000000000000000000e+00
0.000000000000000000e+00
0.000000000000000000e+00
0.000000000000000000e+00
1.096507074943867899e+00
9.540060238531710368e+00
1.421405657391930788e+01
1.719465270337810026e+01
1.967520225288681246e+01
2.159314862405588897e+01
2.312963670484661449e+01
2.411205159651186847e+01
2.486250106101850577e+01
2.534579993437023759e+01
2.569102471428429624e+01
2.603572774727789962e+01
2.637799819401884704e+01
2.690466627072424899e+01
2.753087982184317184e+01
2.820892548942808986e+01
2.887064509845244942e+01
2.952084301014951961e+01
3.005744435255575908e+01
3.041634081683132962e+01
3.058425534100499732e+01
3.055717550870180332e+01
3.035101182086888727e+01
3.001721521605570331e+01
2.952937649453130575e+01
2.902188833911420573e+01
2.848031794860933630e+01
2.799779910462779142e+01
2.746622091060280368e+01
2.697461586338854289e+01
2.644588763940550891e+01
2.596447338583941900e+01
2.549338245377058954e+01
2.506765027439815796e+01
2.460321334922949177e+01
2.414526764934763037e+01
2.354545767534682454e+01
2.290448994974235220e+01
2.212876188478982797e+01
2.143313389121903256e+01
2.051811141086236034e+01
1.962378060498380350e+01
1.871204590624937225e+01
1.808240143556487922e+01
1.780980759578381978e+01
1.802362936118661452e+01
1.850436926537306093e+01
1.922753622559048736e+01
1.987270050409371436e+01
2.032724538003914461e+01
2.052731640484755005e+01
1.991402733754064869e+01
1.791630705104763877e+01
1.196752301934662910e+01
8.100792018030944064e+00
4.885384191854831748e+00
1.593605821071534923e+00
0.000000000000000000e+00
0.000000000000000000e+00
0.000000000000000000e+00
0.000000000000000000e+00
0.000000000000000000e+00
0.000000000000000000e+00
0.000000000000000000e+00
0.000000000000000000e+00
0.000000000000000000e+00
4.214924644270478638e+00
1.296860636839021375e+01
2.063782233641099850e+01
2.400651811867017926e+01
2.620840836287887043e+01
2.760641191977181563e+01
2.849680049308576457e+01
2.891610027221427259e+01
2.894836694968328672e+01
2.878159202540217620e+01
2.881642427033187204e+01
2.867779537119736588e+01
2.826780503413863954e+01
2.807047974172667537e+01
2.773358814856056398e+01
2.746427911216760620e+01
2.735426402625352793e+01
2.711732364871332379e+01
2.688513993249836531e+01
2.666576696441084238e+01
2.633738121099515084e+01
2.571783888295014719e+01
2.476532817054154734e+01
