3.776040407793018971e+01
3.773242174905237079e+01
3.753167359399076730e+01
3.737294971784240971e+01
3.734748316094878362e+01
3.718512027277493814e+01
3.684901311489183939e+01
3.649699568898926572e+01
3.617620387831946260e+01
3.572736467246803471e+01
3.528809209260791846e+01
3.476426829445979649e+01
3.422897170654083965e+01
3.363116313107888544e+01
3.301593242680092288e+01
3.232005296134988725e+01
3.165140082369835284e+01
3.089885325671505711e+01
3.016815685944353120e+01
2.936880981228018328e+01
2.837156231552365426e+01
2.738827575401475301e+01
2.647522050201617461e+01
2.540076256522868547e+01
2.400497423544512188e+01
2.253578483978544966e+01
2.112009156717325808e+01
1.949437569710447349e+01
1.748794671669807244e+01
1.554591631740305502e+01
1.329882039584945908e+01
1.109554423005606161e+01
8.600951594814587153e+00
6.131639208959327014e+00
3.752074247261896645e+00
1.499197672618114874e+00
0.000000000000000000e+00
0.000000000000000000e+00
0.000000000000000000e+00
0.000000000000000000e+00
0.000000000000000000e+00
0.000000000000000000e+00
0.000000000000000000e+00
0.000000000000000000e+00
0.000000000000000000e+00
0.000000000000000000e+00
0.000000000000000000e+00
0.000000000000000000e+00
0.000000000000000000e+00
0.000000000000000000e+00
0.000000000000000000e+00
1.436129891059378938e+00
3.077660203247653214e+00
4.813928552259411298e+00
6.643525184152051288e+00
8.556578649378593582e+00
1.053894358858959457e+01
1.254824135807157859e+01
1.458514522884189368e+01
1.659234126873592885e+01
1.854381315541369091e+01
2.035582217995450094e+01
2.204709336158223110e+01
2.359322076477061358e+01
2.493080626774729680e+01
2.612439257731285380e+01
2.714530396857119854e+01
2.800741322332837768e+01
2.874413550908371562e+01
2.937782448020013248e+01
2.994313438127766247e+01
3.045234928679337472e+01
3.092062182000860915e+01
3.136068561133447474e+01
3.175978203124775234e+01
3.210434786522873907e+01
3.235331718049788918e+01
3.252905099126663657e+01
3.258505950982173260e+01
3.250390168111356815e+01
3.229122093053582176e+01
3.196065427362707467e+01
3.152560962331908456e+01
3.103062507208136367e+01
3.050758785860167066e+01
2.997321668023481323e+01
2.949040439123975332e+01
2.907882414389984760e+01
2.876873413918391620e+01
2.857463622608866771e+01
2.850245456395414578e+01
2.856011907128959848e+01
2.873158584500480472e+01
2.899630269813458483e+01
2.926319654978112794e+01
2.951423170626568648e+01
2.972049203759257807e+01
2.976182605066670916e+01
2.957876526807224948e+01
2.920232053875277600e+01
2.842723049142164982e+01
2.730998839843079651e+01
2.590114039976798566e+01
2.423572774071666203e+01
2.243984438285238525e+01
2.062410547205155353e+01
1.893912146773404359e+01
1.750917599952790127e+01
1.644575804902694571e+01
1.582486427406957752e+01
1.576462539359086179e+01
1.602114642273515344e+01
1.665142425246725111e+01
1.756648491766907227e+01
1.872084716486981648e+01
2.001592462264052941e+01
2.134198034015749812e+01
2.271292185074858594e+01
2.426170752867848535e+01
2.559583349728790580e+01
2.689835132950986463e+01
2.805725403586674460e+01
2.907514948917302178e+01
3.002878483153795131e+01
3.093361309106838419e+01
3.179490407705203836e+01
3.263219561332271468e+01
3.339758920947350873e+01
3.414249700363817652e+01
3.484631095345098828e+01
3.542644895209986089e+01
3.594809664269295268e+01
3.643679790554725173e+01
3.679470740458787503e+01
3.706695612287261810e+01
3.723954344705661157e+01
3.734276082374098849e+01
3.743372914081276548e+01
3.735922715116395665e+01
3.714662793769766580e+01
3.688541057943248092e+01
3.670572743762743784e+01
3.654407199385013882e+01
3.637580424245174981e+01
3.597854849755813689e+01
3.559739977314419690e+01
3.513505113861907603e+01
3.463776688333674514e+01
3.409252543939474833e+01
3.351668388867041415e+01
3.288586326982073160e+01
3.227164697530312765e+01
3.158995861619521861e+01
3.093066091451600030e+01
3.024374534684586280e+01
2.949065904043229125e+01
2.871495002709575672e+01
2.786144923680515362e+01
2.703419723853224355e+01
2.616401505787600357e+01
2.523947993548965840e+01
2.421898956968203365e+01
2.313518821780028745e+01
2.179251286635908258e+01
2.058313623261560465e+01
1.918331699024059134e+01
1.764963715951900980e+01
1.597412810924808291e+01
1.413171384648575568e+01
1.207533863853950251e+01
9.918270131312164395e+00
7.679342581044814153e+00
5.318069959472648378e+00
2.953943841660311875e+00
6.357278468165347141e-01
0.000000000000000000e+00
0.000000000000000000e+00
0.000000000000000000e+00
0.000000000000000000e+00
0.000000000000000000e+00
0.000000000000000000e+00
0.000000000000000000e+00
0.000000000000000000e+00
0.000000000000000000e+00
0.000000000000000000e+00
0.000000000000000000e+00
0.000000000000000000e+00
0.000000000000000000e+00
0.000000000000000000e+00
6.931026304713885922e-02
1.738599252445628629e+00
3.530238968342565453e+00
5.394308450941533550e+00
7.389824211699246526e+00
9.456344721773669804e+00
1.158047823794284525e+01
1.370548430940301898e+01
1.581511937885370678e+01
1.787590007442609519e+01
1.983146083404191984e+01
2.168857714417332261e+01
2.333992507543331385e+01
2.485984027718787814e+01
2.619963050863210086e+01
2.735253579106221267e+01
2.833414849094859989e+01
2.914782860477937021e+01
2.988598640462224409e+01
3.054222254659444502e+01
3.114436790226332263e+01
3.169706370675437768e+01
3.222799622974008571e+01
3.273936555792061398e+01
3.321295499104667215e+01
3.365602944916621198e+01
3.403762616260610230e+01
3.435889488740084374e+01
3.459771741959444569e+01
3.473942309615058832e+01
3.476958037707141358e+01
3.468873684043137473e+01
3.453283950155502424e+01
3.431569819603240035e+01
3.403067237791074717e+01
3.372898767922512064e+01
3.342847452304458500e+01
3.316758603514988835e+01
3.297778804747411385e+01
3.287288123333389933e+01
3.284622813061715618e+01
3.291697924343608861e+01
3.303937334344877996e+01
3.314713966208217499e+01
3.321076809913221695e+01
3.318380217662775777e+01
3.296837500127339382e+01
3.253165688901805197e+01
3.179749560344046699e+01
3.074771472334241551e+01
2.938722142619979749e+01
2.775622160068224531e+01
2.590932106365608689e+01
2.394314678136992214e+01
2.199310702896836744e+01
2.018907217524861153e+01
1.864084767067198456e+01
1.743006560226354651e+01
1.664205955075857091e+01
1.624834587970007149e+01
1.627106094309959516e+01
1.663285777599502069e+01
1.728993066730385664e+01
1.834066904294687461e+01
1.963486484955415889e+01
2.086726226083598945e+01
2.223121407583318643e+01
2.353661928427095518e+01
2.478963291887647102e+01
2.601832956523155715e+01
2.710146001315820996e+01
2.824129694371663035e+01
2.924630097781843219e+01
3.020817629791398673e+01
3.114892163110320666e+01
3.203740247345243120e+01
3.289480802428971629e+01
3.369820371760039990e+01
3.461089919441014473e+01
3.531184478650850878e+01
3.603226980606500263e+01
3.659377417005483579e+01
3.707631433968748524e+01
3.746498563602554555e+01
3.770911942594376143e+01
3.808726300967335732e+01
3.824650730150918321e+01
3.838941641495033252e+01
3.848211875649649016e+01
3.891688147564639877e+01
3.889422066936118938e+01
3.874065221572433870e+01
3.860047211485556318e+01
3.836807726617475822e+01
3.810318824754296685e+01
3.784624069209960595e+01
3.759556419664214388e+01
3.730224587692893579e+01
3.688968288483502533e+01
3.660662909502018181e+01
3.624289336479558443e+01
3.590690086877531684e+01
3.554929401122743116e+01
3.516354343620824352e+01
3.472418886459678333e+01
3.415022117360656750e+01
3.352111409587662649e+01
3.281598402987054897e+01
3.197878156018360585e+01
3.059429699064362040e+01
2.941166238796580501e+01
2.824121724929239718e+01
2.678587028537210202e+01
2.533173110568847619e+01
2.364833494145441151e+01
2.170072264249905913e+01
1.945511339259524064e+01
1.713194260011694681e+01
1.465051821140311006e+01
1.196080928777869623e+01
9.175982406461100638e+00
6.506010097796776748e+00
3.984871575627677132e+00
1.624240689778560842e+00
0.000000000000000000e+00
0.000000000000000000e+00
0.000000000000000000e+00
0.000000000000000000e+00
0.000000000000000000e+00
0.000000000000000000e+00
0.000000000000000000e+00
0.000000000000000000e+00
0.000000000000000000e+00
0.000000000000000000e+00
0.000000000000000000e+00
1.240417047375357518e+00
3.034807316298688828e+00
4.941973741413676180e+00
6.943982212015838762e+00
8.999758455938824397e+00
1.106633466611023842e+01
1.312233509897830430e+01
1.513310007769071319e+01
1.705410568247770087e+01
1.887974130316775145e+01
2.057570249396182760e+01
2.210169203106211100e+01
2.348300867409900050e+01
2.470510128962532193e+01
2.577811836952749047e+01
2.674580547182991097e+01
2.756915597289784259e+01
2.830847619802881354e+01
2.895513293024076518e+01
2.955283930090688216e+01
3.008770746300999122e+01
3.057483558145545643e+01
3.102104869097442474e+01
3.141249642576110546e+01
3.174221020752005629e+01
3.201260273313447868e+01
3.220228155667768988e+01
3.229590705402051043e+01
3.228835432465638178e+01
3.217364864124258617e+01
3.196153374204633479e+01
3.166735475729677773e+01
3.130758530729027100e+01
3.091110851783598790e+01
3.051672903378663193e+01
3.015200717349744863e+01
2.983581607854799245e+01
2.959641116867313926e+01
2.946694954703858826e+01
2.942669085940924845e+01
2.952267482781864061e+01
2.972488161114615224e+01
2.994416072853901767e+01
3.021411062236716916e+01
3.050662028269662329e+01
3.081151886333788070e+01
3.108774146760764268e+01
3.120046362812759710e+01
3.117029039769080612e+01
3.094952252776412394e+01
3.050114856987185874e+01
2.978345698527731500e+01
2.880647746341398019e+01
2.757092668706089356e+01
2.613222270691397497e+01
2.454492013602968470e+01
2.293555516449178810e+01
2.137086030622396748e+01
1.997090364871845480e+01
1.883052382565021787e+01
1.800525633347921683e+01
1.749118651940045766e+01
1.736822299917944079e+01
1.758255545705538836e+01
1.808661334953577793e+01
1.884528747485186884e+01
1.981178554255216184e+01
2.089139174078260908e+01
2.206226367127196397e+01
2.324101264244349352e+01
2.440823635143593862e+01
2.554403044003494472e+01
2.662739466047774783e+01
2.770674786906976905e+01
2.882723088788252497e+01
2.976612998021599310e+01
3.076594451525596696e+01
3.163699438505971884e+01
3.253986535874678054e+01
3.326571936873343560e+01
3.402751680928675881e+01
3.464863661872492884e+01
3.520214855588281466e+01
3.599795921930506637e+01
3.658148566360148379e+01
3.697617568735247318e+01
3.721783123168614793e+01
3.742918925953686227e+01
3.773299308614991077e+01
3.798549180451853857e+01
3.804310153137927131e+01
3.823314581038990667e+01
3.826106020364780846e+01
3.850016905074821238e+01
3.842431743690403323e+01
3.848429087205727228e+01
3.852011657731883076e+01
3.840882150559360753e+01
3.828417784123615775e+01
3.822481641122713825e+01
3.807724612254660457e+01
3.796209427440449957e+01
3.774879707027958631e+01
3.740768151255004881e+01
3.702778511887381541e+01
3.669569472267098575e+01
3.633806966089455415e+01
3.606830076912617500e+01
3.544972345662666413e+01
3.476920666609454713e+01
3.412945498970812253e+01
3.327105357658805218e+01
3.249523553226270423e+01
3.135573249502334292e+01
3.043502804141142093e+01
2.927901896982233154e+01
2.795267009706310191e+01
2.673740755855405382e+01
2.532724478669604196e+01
2.360642161410129347e+01
2.176911385002773258e+01
1.962397348248858009e+01
1.740610634174450766e+01
1.495111020795760659e+01
1.227799373315339615e+01
9.475192539881806653e+00
6.691133937801064135e+00
3.345153883366136949e+00
7.955908442380142942e-01
0.000000000000000000e+00
0.000000000000000000e+00
0.000000000000000000e+00
0.000000000000000000e+00
0.000000000000000000e+00
0.000000000000000000e+00
0.000000000000000000e+00
0.000000000000000000e+00
0.000000000000000000e+00
0.000000000000000000e+00
0.000000000000000000e+00
0.000000000000000000e+00
0.000000000000000000e+00
0.000000000000000000e+00
0.000000000000000000e+00
1.202254213198861610e+00
2.835007579967991020e+00
4.613179031923368534e+00
6.503498538070259904e+00
8.527896679847344785e+00
1.065026269547395543e+01
1.283367455980913796e+01
1.505049038294509955e+01
1.726186109397641033e+01
1.940052226643096844e+01
2.146903080038126177e+01
2.340580496500400898e+01
2.517611966972960147e+01
2.676700433623539865e+01
2.816167751737475555e+01
2.938017189381234928e+01
3.037449909310508644e+01
3.111229226707477125e+01
3.186396152331903053e+01
3.245779030905386975e+01
3.296518998004545864e+01
3.337019929872867863e+01
3.367277010003457605e+01
3.385575331446994340e+01
3.390223561289703724e+01
3.380835870862056680e+01
3.359037313097961430e+01
3.325523791021145570e+01
3.280982549733166564e+01
3.227595149964850663e+01
3.169711058212046240e+01
3.112052254620850533e+01
3.054787921202985856e+01
3.006960137454472104e+01
2.962411339163658752e+01
2.927233974652296666e+01
2.903898358555098369e+01
2.892265760148069020e+01
2.890944855516907808e+01
2.897930017963625460e+01
2.909315244962475688e+01
2.925204157616861522e+01
2.929488247463559247e+01
2.925461385225105460e+01
2.905405775777386523e+01
2.867611720697597733e+01
2.809144073920405305e+01
2.730601054406731265e+01
2.634587556164633781e+01
2.522064637188293545e+01
2.399707938492498016e+01
2.274900223092085128e+01
2.156756095579388699e+01
2.046131123866656054e+01
1.958068255228466725e+01
1.894180386626917212e+01
1.854732261829501283e+01
1.840540438615352770e+01
1.851344758379243416e+01
1.883112047560961599e+01
1.935276614955266083e+01
1.998264373456070331e+01
2.079830268162853102e+01
2.175008729483405290e+01
2.276165238395671153e+01
2.379380745538563247e+01
2.483987081543498476e+01
2.594072982867010069e+01
2.720945928799741864e+01
2.823137202366945075e+01
2.920161664785047151e+01
3.027154295483590829e+01
3.144447840343767098e+01
3.223974898705741765e+01
3.299602346742303638e+01
3.370887433521368592e+01
3.436109474146545040e+01
3.494820047530408402e+01
3.569654365174002209e+01
3.624050081064163464e+01
3.681159989165824697e+01
3.725495455859331884e+01
3.792095128190364051e+01
3.832884322309995184e+01
3.870417683790979169e+01
3.902942830714209066e+01
3.935210938037702277e+01
3.966707157282331764e+01
3.996713195143578901e+01
4.019445254526779365e+01
4.042355797415616081e+01
4.053914192666626093e+01
4.061665753562670744e+01
4.077821799282354931e+01
4.090017488327141137e+01
4.099710319162556971e+01
4.126238821021006942e+01
4.153850763935680845e+01
4.144912592019106512e+01
4.146312121369902570e+01
4.130999339372806389e+01
4.120820955919362660e+01
4.080893383557852161e+01
4.044856589081283005e+01
4.006406324171505418e+01
3.963452801057800912e+01
3.909991007759253989e+01
3.845438928813864976e+01
3.765839447792587436e+01
3.686222325654546239e+01
3.593545319457580689e+01
3.491205630311039698e+01
3.363701162615353013e+01
3.223076250931111986e+01
3.063980110119995004e+01
2.882288434899334817e+01
2.652224819918508558e+01
2.372168877532196518e+01
2.117308350975841336e+01
1.823144447276854407e+01
1.548258532412509147e+01
1.246844419961276351e+01
9.761058203505092123e+00
7.224055479751308795e+00
4.992757735162677513e+00
3.041091999210023378e+00
1.456917034908234987e+00
2.736976288511046573e-01
0.000000000000000000e+00
0.000000000000000000e+00
0.000000000000000000e+00
0.000000000000000000e+00
3.553766014061299303e-03
8.520124483572524277e-01
1.916481375625510131e+00
3.135598466164286613e+00
4.494774001500452698e+00
5.969057301959343143e+00
7.538016437574298401e+00
9.161417871955825021e+00
1.082827303848575795e+01
1.258022447286353795e+01
1.438367448888865319e+01
1.620738781838380405e+01
1.798320204795207644e+01
1.978063684974000580e+01
2.155773473537771068e+01
2.327695771519206858e+01
2.488531010228319218e+01
2.639639599205666087e+01
2.781951942293747493e+01
2.912868050679290022e+01
3.031197968400283216e+01
3.139610960793403649e+01
3.234283334615887640e+01
3.318135732760870127e+01
3.390400338334667651e+01
3.448842609653191715e+01
3.493477436850518814e+01
3.524029891755992594e+01
3.539129424784353972e+01
3.541017790509432928e+01
3.527632675307663135e+01
3.500186302124958360e+01
3.461506435825223349e+01
3.414257809546938205e+01
3.363663501323294014e+01
3.307395545342937027e+01
3.253182488367705361e+01
3.202469579180385040e+01
3.159253963510875707e+01
3.124344965449161293e+01
3.099770367578119235e+01
3.084826957984965645e+01
3.078640027064386686e+01
3.081276795591645623e+01
3.085805709298109889e+01
3.097068460352533137e+01
3.103268295924727482e+01
3.106952841918472430e+01
3.100708779394622283e+01
3.080332071449545950e+01
3.043643749012250055e+01
2.989106506026627841e+01
2.912623390214433883e+01
2.813130211404162750e+01
2.692603744789035147e+01
2.557466925816439840e+01
2.412785908852714556e+01
2.267355948471636040e+01
2.128847063521991601e+01
2.005989253687473450e+01
1.906756012974885195e+01
1.833264722394990187e+01
1.792026168108065320e+01
1.781082829199758422e+01
1.803064839631556637e+01
1.847411737114907027e+01
1.914199136146320868e+01
1.996281120266013431e+01
2.101443938679590673e+01
2.208609159563702207e+01
2.316780471210401160e+01
2.425002783644699278e+01
2.533331681701552895e+01
2.639553784260617775e+01
2.753769608653648504e+01
2.877108066811602782e+01
2.982643054586938192e+01
3.084515298185301901e+01
3.179894842900465335e+01
3.295117168725059997e+01
3.424688662705831632e+01
3.526574187549624639e+01
3.607146763514752763e+01
3.684332306106929877e+01
3.756709981468292625e+01
3.820053395581042821e+01
3.881528575678385806e+01
3.948731870827693058e+01
4.002752899033725242e+01
4.041295901070931507e+01
4.069534650273755005e+01
4.089387673508030474e+01
4.100407806767402263e+01
4.110088201074257341e+01
4.117377770812197468e+01
4.135616449813036866e+01
4.142406659542608338e+01
4.127262313616003553e+01
4.104288628732114574e+01
4.072432024191449784e+01
4.022600556665824456e+01
3.976021725239873916e+01
3.944043482526595312e+01
3.907338085976010689e+01
3.863761026382662322e+01
3.824036983729302364e+01
3.768525215422894092e+01
3.715060194264801652e+01
3.649806090452494090e+01
3.578350271515698466e+01
3.504066646300943688e+01
3.422022653635996647e+01
3.333714691075005732e+01
3.234958610533324475e+01
3.127314094352967189e+01
2.976170220799932054e+01
2.828113218108925508e+01
2.677261557493181598e+01
2.519869117725894725e+01
2.341094417959011054e+01
2.142289069707948101e+01
1.924254184305492643e+01
1.676279772721204253e+01
1.409031304072275503e+01
1.131534154164201134e+01
8.338235911791310073e+00
5.539817896629232408e+00
2.413609574464802066e+00
0.000000000000000000e+00
0.000000000000000000e+00
0.000000000000000000e+00
0.000000000000000000e+00
0.000000000000000000e+00
0.000000000000000000e+00
0.000000000000000000e+00
0.000000000000000000e+00
0.000000000000000000e+00
0.000000000000000000e+00
0.000000000000000000e+00
0.000000000000000000e+00
0.000000000000000000e+00
0.000000000000000000e+00
0.000000000000000000e+00
0.000000000000000000e+00
0.000000000000000000e+00
2.273074440477710623e-01
1.645092374664729240e+00
3.156250440374718913e+00
4.761747179347745274e+00
6.466340040648042020e+00
8.225883250536780267e+00
1.004223281758293318e+01
1.189054531368728362e+01
1.374483320314562107e+01
1.554103960638545168e+01
1.733625797296267734e+01
1.904663742857750464e+01
2.071876323041792034e+01
2.231374350200445633e+01
2.381716593171286434e+01
2.522514179393233391e+01
2.653633710164937298e+01
2.772676049893941652e+01
2.874364762141835428e+01
2.966565707336517477e+01
3.046683766546917127e+01
3.117856795213057453e+01
3.174084335245307287e+01
3.216130845465780652e+01
3.242089552268765118e+01
3.259559584282746414e+01
3.263131217787963578e+01
3.263496566355512130e+01
3.239151855308298167e+01
3.206553837836381859e+01
3.167374093106354849e+01
3.127697258946500014e+01
3.091392154423268224e+01
3.062815067605141195e+01
3.043189308216107136e+01
3.035255495435783502e+01
3.038683753304215429e+01
3.052513929041533913e+01
3.073554734556767087e+01
3.098764902603144478e+01
3.126010947325613287e+01
3.143116498114598301e+01
3.147284792040137802e+01
3.134467943559586445e+01
3.100068771496823672e+01
3.035315187593005248e+01
2.943609405991350769e+01
2.819145706184870193e+01
2.693609344029103170e+01
2.543873986694617884e+01
2.391547855289796232e+01
2.242901053262380628e+01
2.106577689786922747e+01
1.991503951188003896e+01
1.903587389850954281e+01
1.850351365689186522e+01
1.821350923553940859e+01
1.821493014511904462e+01
1.846092241510415022e+01
1.892231752300397574e+01
1.952801943314280564e+01
2.029503622332847357e+01
2.111291463515913236e+01
2.196502364304142674e+01
2.285992800349990262e+01
2.378392778012105069e+01
2.480110114381794162e+01
2.571754097853464671e+01
2.655056054747117855e+01
2.740427687767730802e+01
2.830924709527585037e+01
2.916773495531374039e+01
2.994392379949152883e+01
3.071152168452977094e+01
3.138301560586770833e+01
3.200187890273966218e+01
3.283733204603300493e+01
3.338419564628818392e+01
3.376452006511485138e+01
3.411722089532137403e+01
3.450171264804917826e+01
3.535702993934417293e+01
3.558710264935859158e+01
3.585211214150617565e+01
3.602620722335456094e+01
3.638586478032452476e+01
3.643056984636233864e+01
3.655692421665859371e+01
3.680687008427674556e+01
3.697340766287273794e+01
3.716789218557355667e+01
3.730096959938814649e+01
3.742744403029657008e+01
3.757461908652122418e+01
3.770978804986082622e+01
3.779828729219148187e+01
3.783501418974287134e+01
3.787875479830295689e+01
3.778911475400000342e+01
3.759999999840666618e+01
3.725566696271544487e+01
3.649069717973712557e+01
3.589982877433106978e+01
3.515565752808384303e+01
3.434366289086148072e+01
3.322494027916273751e+01
3.225045368015505431e+01
3.117059227919114051e+01
2.980612760968833186e+01
2.839864038589358941e+01
2.681674330667675576e+01
2.525906144425847444e+01
2.361370008701367240e+01
2.171700367512044849e+01
1.968011161671417497e+01
1.750519252304735929e+01
1.492140053242597730e+01
1.191655664369181089e+01
9.444529562836036618e+00
6.841137635272710682e+00
4.417084506701242752e+00
2.145870011303896874e+00
6.005884005865436137e-02
0.000000000000000000e+00
0.000000000000000000e+00
0.000000000000000000e+00
0.000000000000000000e+00
0.000000000000000000e+00
0.000000000000000000e+00
0.000000000000000000e+00
0.000000000000000000e+00
0.000000000000000000e+00
0.000000000000000000e+00
0.000000000000000000e+00
1.085173534593382172e+00
2.657048918406150761e+00
4.295686274598067733e+00
6.020096667051316075e+00
7.816570827055670634e+00
9.669585575590899040e+00
1.158543108131233446e+01
1.354144212474255937e+01
1.552869733180737377e+01
1.749468319911335357e+01
1.943969502341139943e+01
2.129297373781897562e+01
2.304902296057144184e+01
2.464521237909891127e+01
2.611115656370222382e+01
2.739588933118948333e+01
2.851217867763866209e+01
2.949937544612197016e+01
3.033871735446054529e+01
3.101321759739390771e+01
3.162286180302655936e+01
3.211484554002643677e+01
3.258511343327182175e+01
3.296922113994126136e+01
3.325388111892191034e+01
3.344141233429239435e+01
3.351444601584122296e+01
3.346444537927377638e+01
3.327434860530713934e+01
3.295416081957628762e+01
3.252498359424154017e+01
3.200460283997206545e+01
3.143114016240954456e+01
3.083497345809834300e+01
3.025584013445614673e+01
2.976683674959769732e+01
2.935363255282980077e+01
2.908309203681807986e+01
2.889931106822763951e+01
2.886419563730297000e+01
2.894592488235951677e+01
2.922904868043039173e+01
2.960780906852258099e+01
2.992862525849906419e+01
3.019705319596971194e+01
3.035383487089228183e+01
3.036637560610076036e+01
3.016742582188986788e+01
2.972282758430161564e+01
2.895840860550313423e+01
2.789355742475459721e+01
2.652594137766299909e+01
2.493085779607103092e+01
2.318681463672228560e+01
2.140082633802143519e+01
1.971251268546390634e+01
1.823685323752119203e+01
1.709917116794417780e+01
1.633462600587195368e+01
1.599799839841967675e+01
1.606559401103147522e+01
1.647806055102235590e+01
1.714351889973572796e+01
1.812668097950877311e+01
1.932484981323713669e+01
2.071876741823009027e+01
2.215636460906111438e+01
2.364175911558152876e+01
2.487673412410022422e+01
2.608727322989011199e+01
2.722141067882670384e+01
2.829463335089763021e+01
2.932741097335316738e+01
3.033231790367748459e+01
3.131727346607071993e+01
3.230962208469596675e+01
3.324582173379695860e+01
3.422389677873970726e+01
3.508731524295340876e+01
3.591922107099255612e+01
3.664968216044146487e+01
3.739942744260053331e+01
3.803647886012691970e+01
3.857170790858168630e+01
3.910949908843898726e+01
3.944378587361600808e+01
3.990756201004131754e+01
4.007346944787764187e+01
4.024714614117083755e+01
4.024696837639586278e+01
4.017003661423561311e+01
4.003155646112815447e+01
3.992017635183116653e+01
3.970797977483162100e+01
3.947542802882754387e+01
3.926053854680170474e+01
3.912326538051989644e+01
3.876390412271373975e+01
3.858539143862586229e+01
3.828619302055249562e+01
3.793057154946290410e+01
3.776582406521193747e+01
3.752756839044134551e+01
3.710387535583409147e+01
3.655932396225205849e+01
3.600936627726255068e+01
3.528246681060455359e+01
3.454062017426449671e+01
3.378456039737094585e+01
3.299882806837651827e+01
3.216979354905929256e+01
3.126019549278279896e+01
3.020341189395966452e+01
2.902633397382042091e+01
2.772630782933646287e+01
2.620246403524976841e+01
2.435920571589851491e+01
2.251904218049388007e+01
2.027897776382904738e+01
1.790091183611486869e+01
1.548062218753707953e+01
1.260746347114163157e+01
9.233208235932870878e+00
6.377484109754484543e+00
3.869077179222278673e+00
1.609148842095082577e+00
0.000000000000000000e+00
0.000000000000000000e+00
0.000000000000000000e+00
0.000000000000000000e+00
0.000000000000000000e+00
0.000000000000000000e+00
0.000000000000000000e+00
0.000000000000000000e+00
0.000000000000000000e+00
0.000000000000000000e+00
0.000000000000000000e+00
0.000000000000000000e+00
9.576754244725007581e-01
2.292523762849793645e+00
3.720873228655257492e+00
5.220583625875862666e+00
6.799743489418962561e+00
8.489890855551434967e+00
1.026693481145997566e+01
1.211336105660350526e+01
1.400999519034126628e+01
1.592785260187238805e+01
1.782816693415084686e+01
1.961549798860156812e+01
2.132144505265506140e+01
2.287727049781599931e+01
2.429978000932963766e+01
2.556242089788946714e+01
2.666568181285411043e+01
2.759803809409658015e+01
2.838568610936303571e+01
2.903290078055232470e+01
2.953579802972236834e+01
2.993743836516904011e+01
3.026318398214809946e+01
3.056106964938884474e+01
3.083018752483098979e+01
3.104515395142115608e+01
3.121241915967663871e+01
3.129903367319170826e+01
3.132358247956152297e+01
3.128866354094860469e+01
3.119840520423021601e+01
3.106132354664163131e+01
3.090999841320314090e+01
3.076533492151200733e+01
3.064433850784809010e+01
3.055513797810074550e+01
3.052657541233450189e+01
3.058089550717809857e+01
3.070485176281204076e+01
3.087459038961048918e+01
3.109640783677172848e+01
3.130575496509312927e+01
3.153591353240000217e+01
3.173906688928132880e+01
3.185107281039300631e+01
3.186485362711088953e+01
3.172905219965151957e+01
3.141561527554667421e+01
3.089376249847955691e+01
3.013327048656755736e+01
2.913020781238084922e+01
2.785766865391775582e+01
2.637143419623804164e+01
2.472812351264812847e+01
2.301597929739615722e+01
2.133893366794437441e+01
1.980236703610705717e+01
1.849000609793128902e+01
1.746671758336163549e+01
1.680851312831915223e+01
1.650124192992366545e+01
1.658103171531515230e+01
1.697126089756671163e+01
1.765646328358192463e+01
1.860529713920191952e+01
1.978453080016195997e+01
2.108863284333869714e+01
2.234452238474138497e+01
2.356799457470064851e+01
2.474945075652918547e+01
2.588041832434487333e+01
2.699008883730146025e+01
2.800969260709909747e+01
2.898801611269247758e+01
3.004007113717495514e+01
3.098322025988086992e+01
3.177663347066904009e+01
3.249208386452348662e+01
3.318940739257617878e+01
3.376416956155150473e+01
3.428746827699480804e+01
3.471824320536796193e+01
3.507829808888143219e+01
3.541329092290278879e+01
3.576000360804409439e+01
3.592169517267115708e+01
3.600032012011110538e+01
3.624989672833976329e+01
3.622741952728014070e+01
3.623833576451449545e+01
3.617089587228578296e+01
3.621550789615255184e+01
3.622436258183853397e+01
3.637063109536688188e+01
3.623763510506698537e+01
3.617255585930985973e+01
3.609949660550989847e+01
3.597195539693179001e+01
3.593883439086439324e+01
3.591962231333354794e+01
3.578038814176391469e+01
3.569848706062634136e+01
3.566446996052218310e+01
3.539749362764820972e+01
3.500021675464520143e+01
3.451076141197431468e+01
3.396211235669595396e+01
3.324078937479190898e+01
3.257370052930359350e+01
3.181697858533549095e+01
3.101531961027262696e+01
3.006618940440200305e+01
2.906963680527432103e+01
2.786381878952098035e+01
2.678408094341608603e+01
2.559572955476672362e+01
2.434401336184075149e+01
2.306195591696543090e+01
2.151552861499480684e+01
1.979907289159911343e+01
1.801942329772252194e+01
1.587946902861828669e+01
1.335118381310231683e+01
1.085440607486295050e+01
8.274220839203673350e+00
5.889940006070252920e+00
3.497371494393476610e+00
1.190453880335351489e+00
0.000000000000000000e+00
0.000000000000000000e+00
0.000000000000000000e+00
0.000000000000000000e+00
0.000000000000000000e+00
0.000000000000000000e+00
0.000000000000000000e+00
0.000000000000000000e+00
0.000000000000000000e+00
0.000000000000000000e+00
0.000000000000000000e+00
0.000000000000000000e+00
0.000000000000000000e+00
0.000000000000000000e+00
1.684589154245152987e+00
3.582517252992704737e+00
5.572300183572409082e+00
7.656918280836949364e+00
9.809399514262233666e+00
1.200818849461250437e+01
1.423046302759077619e+01
1.643328770791346116e+01
1.860569197662693952e+01
2.066367160190280927e+01
2.264580766237037324e+01
2.447401625249210255e+01
2.613788164701836791e+01
2.760208504103976779e+01
2.887949172208207216e+01
2.995869187868880346e+01
3.086382031710579810e+01
3.157042784645754807e+01
3.208781162487474603e+01
3.251986270377320665e+01
3.291716550129025620e+01
3.323759281533152432e+01
3.352968189000853272e+01
3.373846347702153281e+01
3.387763025915654680e+01
3.397258791034919767e+01
3.400828334784971929e+01
3.404126329665069051e+01
3.406159356987740949e+01
3.393168064502166459e+01
3.368390208381589446e+01
3.336762958652263222e+01
3.301481034692906036e+01
3.264953257258617469e+01
3.229676700250915644e+01
3.199719047074145450e+01
3.174609559446543017e+01
3.157539519930550753e+01
3.149247068306765129e+01
3.147084418822508667e+01
3.150875679101491400e+01
3.156241298061623368e+01
3.159898881311420027e+01
3.155495701813752873e+01
3.142085949786936894e+01
3.104968386115119472e+01
3.049411054755740480e+01
2.962112623011837087e+01
2.843120421161196987e+01
2.704220940405280871e+01
2.551798301236305733e+01
2.391223104689182932e+01
2.231268966628560335e+01
2.085917337587267539e+01
1.960155669136211642e+01
1.866997940966326652e+01
1.813032828846565536e+01
1.793382486119887176e+01
1.808911571798173767e+01
1.860703098427854485e+01
1.941611665118520591e+01
2.046984675393731834e+01
2.180624814567119074e+01
2.319163453551989562e+01
2.449846174124928311e+01
2.587990411646011424e+01
2.714278078514906412e+01
2.839474720106439420e+01
2.956857567268724196e+01
3.066664139006598688e+01
3.175693956663162965e+01
3.288221296928097814e+01
3.451827573287634010e+01
3.552800829896579415e+01
3.648405249430101094e+01
3.722296618411499480e+01
3.787877890121211522e+01
3.848267446925527224e+01
3.900365795000008262e+01
3.944050878101955959e+01
3.980802024707926279e+01
4.011088614355321624e+01
4.041421439914316238e+01
4.054535106638900999e+01
4.060894885349485861e+01
4.061310974546851327e+01
4.051738686576439363e+01
4.043642205096379882e+01
4.022775154745395554e+01
4.001830598063084921e+01
3.969693033285205530e+01
3.927828756601655158e+01
3.846677931655972316e+01
3.793761166106012439e+01
3.730131951050685046e+01
3.689591728405527959e+01
3.640075908404824645e+01
3.585586021582853533e+01
3.529197646945342370e+01
3.470356021540847991e+01
3.405243659639874920e+01
3.338581473591698767e+01
3.264106780719417600e+01
3.189965470482212240e+01
3.110161476677966519e+01
3.023367734957366437e+01
2.936017987074339075e+01
2.835058216416535615e+01
2.740392123554659065e+01
2.631060468993008783e+01
2.522517199917165698e+01
2.407757362854214378e+01
2.284124634969607115e+01
2.140809071909400529e+01
1.990239158466489755e+01
1.810814716347469400e+01
1.619726120655462864e+01
1.415478526181420449e+01
1.196369752335682612e+01
9.632801272852029584e+00
7.274141064342635410e+00
4.877487382966403828e+00
2.254499661937802824e+00
0.000000000000000000e+00
0.000000000000000000e+00
0.000000000000000000e+00
0.000000000000000000e+00
0.000000000000000000e+00
0.000000000000000000e+00
0.000000000000000000e+00
0.000000000000000000e+00
0.000000000000000000e+00
0.000000000000000000e+00
0.000000000000000000e+00
0.000000000000000000e+00
0.000000000000000000e+00
0.000000000000000000e+00
0.000000000000000000e+00
4.182229480741569971e-01
1.922494874261562847e+00
3.489836283695327168e+00
5.108467112846927449e+00
6.780482159979033696e+00
8.532184983929850475e+00
1.029673338822784778e+01
1.212403410346150068e+01
1.395804041771635617e+01
1.580253938795442004e+01
1.746924382617962479e+01
1.921339167129893610e+01
2.081436511934508715e+01
2.241322530452000095e+01
2.388805935639261691e+01
2.523259007134120324e+01
2.645356508193255252e+01
2.753717189358057738e+01
2.849861689624559347e+01
2.933816900186942789e+01
3.006586149040855460e+01
3.068084395757198024e+01
3.118775553701756564e+01
3.157977688000039151e+01
3.187495569926045391e+01
3.201910545117203810e+01
3.211819822149999482e+01
3.213429896842099254e+01
3.206643863716247012e+01
3.192808471056520148e+01
3.173838309047487272e+01
3.151384098755402263e+01
3.128140748716236530e+01
3.105096946081607712e+01
3.085143834809808894e+01
3.070536867397250091e+01
3.065091900794654478e+01
3.069666652617052094e+01
3.085798257659170218e+01
3.108332622244458321e+01
3.138545534828393357e+01
3.170659886914558001e+01
3.202765932481073463e+01
3.230462350404049943e+01
3.258055021448933530e+01
3.267124813223659885e+01
3.256395701472304438e+01
3.218091908220229413e+01
3.152417454694642629e+01
3.058549051072346003e+01
2.939430136324175535e+01
2.798462892148246084e+01
2.647443556576488533e+01
2.490510673152212462e+01
2.340524931418542920e+01
2.207533823543996832e+01
2.098860318130675040e+01
2.020295917376791550e+01
1.973158125416578557e+01
1.960496254446042741e+01
1.978839035961974346e+01
2.026730451775772579e+01
2.101672814658820698e+01
2.195349214568549456e+01
2.291816184117413258e+01
2.408204300742875503e+01
2.522049172124717842e+01
2.632848020959971436e+01
2.745718213172362709e+01
2.849449351879167835e+01
2.942905709150144844e+01
3.030266411602524101e+01
3.108958452390013605e+01
3.183607720605923674e+01
3.254195732170321520e+01
3.319836833583331526e+01
3.381724618499067958e+01
3.435527096945713055e+01
3.494536299214985320e+01
3.575616931658197473e+01
3.652278078877911582e+01
3.701965945854066575e+01
3.734451782885913929e+01
3.755714825743200436e+01
3.784854125189244201e+01
3.798934074788056847e+01
3.804565780600043468e+01
3.802389787211549077e+01
3.795474767094491142e+01
3.802830132815636688e+01
3.799155950654476754e+01
3.791405100511915549e+01
3.772743213307455079e+01
3.761975105769801075e+01
3.755279331303659518e+01
3.746561657289185376e+01
3.734856383386855327e+01
3.709821500978625153e+01
3.680768165807658931e+01
3.643452584782001935e+01
3.604793441491911210e+01
3.559095065375702660e+01
3.521753291918413709e+01
3.483397893328001516e+01
3.433889984062152223e+01
3.379259373860668347e+01
3.322984416530999852e+01
3.261349550135586384e+01
3.191238304126809666e+01
3.097761116368458900e+01
3.003646081322429495e+01
2.893810812983337755e+01
2.787421919518615709e+01
2.660563261273659919e+01
2.511805720840862932e+01
2.340655107820091985e+01
2.156524237084215656e+01
1.987890118757047730e+01
1.804120352390267001e+01
1.599464529464449392e+01
1.361227410662846005e+01
1.127373077921678224e+01
8.883118475062847352e+00
6.415209876104650988e+00
3.955265781561915883e+00
1.597570658089940254e+00
0.000000000000000000e+00
0.000000000000000000e+00
0.000000000000000000e+00
0.000000000000000000e+00
0.000000000000000000e+00
0.000000000000000000e+00
0.000000000000000000e+00
0.000000000000000000e+00
0.000000000000000000e+00
0.000000000000000000e+00
0.000000000000000000e+00
0.000000000000000000e+00
0.000000000000000000e+00
0.000000000000000000e+00
0.000000000000000000e+00
1.212573847416959172e+00
2.872055226576736064e+00
4.616100017547128509e+00
6.466192613248215260e+00
8.412644925753145486e+00
1.043765930660180175e+01
1.250626005109772088e+01
1.462105377899447411e+01
1.676293377026918563e+01
1.887598802817733201e+01
2.089655951409114820e+01
2.283393375307310791e+01
2.463580505374716978e+01
2.629884739068669575e+01
2.779697399516427936e+01
2.912517276272182087e+01
3.028068441392534282e+01
3.127635356964935553e+01
3.205770687608582392e+01
3.272367425198192592e+01
3.320210266049437564e+01
3.361254302559877516e+01
3.389223277637671572e+01
3.403096165580652865e+01
3.403695055230333821e+01
3.391734587742681128e+01
3.369040250299232753e+01
3.336755909083569804e+01
3.299522958832164221e+01
3.257722329746198398e+01
3.216567148260596554e+01
3.176946444265903580e+01
3.145629358166932121e+01
3.126112238909442453e+01
3.112600954518160279e+01
3.112954617374874289e+01
3.117530158830271603e+01
3.133270063438932596e+01
3.156577721459804664e+01
3.172968469930034985e+01
3.187720219364053520e+01
3.199092486015246806e+01
3.203951014525233632e+01
3.196557684471217797e+01
3.174952602408758651e+01
3.137916505706131431e+01
3.082068862931998510e+01
3.006415664104720520e+01
2.910271760645976258e+01
2.796699616283303413e+01
2.670721726200727275e+01
2.536442676798927920e+01
2.401235487847815619e+01
2.273145964103802896e+01
2.160242018868080649e+01
2.067323927031352326e+01
1.999059149438930305e+01
1.956450375209766435e+01
1.937185415830110813e+01
1.953304637824579260e+01
1.995076816218774240e+01
2.055714797478201916e+01
2.135436567675204955e+01
2.233644489943284839e+01
2.347109378808407953e+01
2.453040164208113083e+01
2.563011064059783806e+01
2.675361551646517100e+01
2.795814889929791391e+01
2.920358109493095711e+01
3.038104066783008861e+01
3.146955308788571415e+01
3.248669192194558519e+01
3.347524750038895291e+01
3.443738407090387454e+01
3.539101497806626639e+01
3.627674571033096385e+01
3.709886676642528158e+01
3.785981367656541607e+01
3.852285640750660178e+01
3.911049132202390410e+01
4.001141841698639467e+01
4.056498210950558558e+01
4.103625675990274857e+01
4.134986534197530972e+01
4.163719471596006372e+01
4.202151445299273291e+01
4.218638366141858853e+01
4.213639284124680984e+01
4.201833021295149706e+01
4.180923678063381033e+01
4.164744053022567982e+01
4.144128546636210331e+01
4.117168341443694857e+01
4.091198631622947346e+01
4.056458984179010940e+01
4.034189471856413434e+01
3.997737247494900004e+01
3.954436457323305376e+01
3.908292481166393628e+01
3.857854518592523618e+01
3.777367517916868422e+01
3.711066837126646334e+01
3.629849491108557658e+01
3.552433240558679017e+01
3.465859858190062681e+01
3.357863245083708392e+01
3.249985059910005702e+01
3.155111140369654876e+01
3.050383057377826646e+01
2.942771468911115562e+01
2.809009087378169767e+01
2.669469750414167208e+01
2.514379993554799242e+01
2.336444881525059714e+01
2.143570704951338257e+01
1.904975908342029456e+01
1.657742589991452675e+01
1.420006710099040426e+01
1.176673813663998125e+01
9.328644874659000052e+00
6.981841324451609765e+00
4.794069717682196696e+00
2.851599824423574070e+00
1.198394632419904182e+00
0.000000000000000000e+00
0.000000000000000000e+00
0.000000000000000000e+00
0.000000000000000000e+00
0.000000000000000000e+00
0.000000000000000000e+00
0.000000000000000000e+00
0.000000000000000000e+00
1.155387647655936184e-01
1.194786429751083068e+00
2.394279571047125188e+00
3.709296831814828277e+00
5.091704552106428139e+00
6.575887177994089505e+00
8.114357711087979652e+00
9.717613099472135474e+00
1.134667482453999909e+01
1.298897994394624078e+01
1.460421233924834183e+01
1.615732990760654886e+01
1.767436928430624832e+01
1.909265330300838670e+01
2.037515247726343759e+01
2.159672919165763716e+01
2.267989016071970099e+01
2.367065443068270980e+01
2.455100764272297198e+01
2.532866458016660260e+01
2.601344449245211976e+01
2.659356123501122582e+01
2.714580674914547131e+01
2.764430250706314141e+01
2.808643818558729777e+01
2.847284645184758745e+01
2.880120170875213148e+01
2.905802934548658101e+01
2.923948615139365970e+01
2.933847318961048956e+01
2.934689153258270267e+01
2.928020595833446649e+01
2.914560848719658637e+01
2.895800216546520289e+01
2.874424911898979218e+01
2.851767434708393267e+01
2.836556773939186726e+01
2.822417750057302044e+01
2.815075220129306288e+01
2.814428274956575393e+01
2.828240915825911372e+01
2.843482333303660070e+01
2.866348138310793559e+01
2.893007497257991290e+01
2.921317926610272053e+01
2.946724207309722487e+01
2.965714187296697091e+01
2.973731662962260458e+01
2.967493850576684622e+01
2.941065992052599753e+01
2.884569915279279329e+01
2.804380747245020444e+01
2.692686565303540291e+01
2.558174709917621215e+01
2.409800595389429034e+01
2.251584022236608718e+01
2.095827020150031217e+01
1.953755969506174495e+01
1.835170156450746148e+01
1.740959637884864364e+01
1.679747425577171072e+01
1.656615169697806778e+01
1.668949252962422847e+01
1.713569605047070965e+01
1.784675227800198272e+01
1.877213610462846205e+01
1.983331303343383922e+01
2.098545253047869963e+01
2.213376029532206246e+01
2.329492678539123318e+01
2.444128098324394216e+01
2.557269142436324927e+01
2.680629168883773517e+01
2.806948851926519239e+01
2.906590554140042570e+01
3.000762899751347845e+01
3.092960529476942000e+01
3.178782831608677384e+01
3.259929785425986637e+01
3.349910942062955144e+01
3.417397133968342615e+01
3.480144172939006353e+01
3.536508051747957637e+01
3.588803493011167234e+01
3.663034511394925374e+01
3.710020846483307366e+01
3.760668914832307763e+01
3.796807119655212404e+01
3.841601947722904242e+01
3.868495272931640727e+01
3.899217777728293299e+01
3.923904926599407617e+01
3.948876522061178207e+01
3.990850848496211256e+01
4.016465074799037183e+01
4.053990399376152709e+01
4.070955361561698282e+01
4.079883591915717034e+01
4.087770161316834816e+01
4.083305016494102091e+01
4.089559710607346688e+01
4.126814126714580766e+01
4.141227146206606591e+01
4.132044858083884975e+01
4.097558076976490327e+01
4.068136240936235026e+01
4.027648781707924286e+01
3.988956640626469863e+01
3.938297759969198353e+01
3.893194753215303194e+01
3.840708464144572076e+01
3.786582607075147422e+01
3.725456303331940688e+01
3.637414530849522976e+01
3.563812244515127503e+01
3.466935104135566803e+01
3.376349385859936092e+01
3.280267190700919855e+01
3.165780874878200279e+01
3.034726054362733549e+01
2.875601867132859368e+01
2.649822757053455291e+01
2.354509390022060344e+01
2.092403141867455574e+01
1.860770630357749766e+01
1.622796882160272602e+01
1.382833981162485237e+01
1.148462451563627695e+01
9.326605050277134268e+00
7.396948099791308628e+00
5.753383691487390372e+00
4.443611514863658130e+00
3.528451765555392861e+00
2.933363950800114139e+00
2.698067725014595464e+00
2.697051800376002451e+00
2.964481314445594595e+00
3.441565321873187866e+00
4.115028156001316439e+00
4.960616943179465110e+00
5.954048545732889330e+00
7.076905650916079260e+00
8.309517065380083167e+00
9.644433374498470712e+00
1.108436636963103084e+01
1.260302404541521071e+01
1.418240862912620059e+01
1.580996369091183240e+01
1.744122838443131585e+01
1.906567687573686243e+01
2.066248049485995253e+01
2.219101299101908964e+01
2.358904650915856394e+01
2.489625210622345719e+01
2.601535667957399767e+01
2.710678499125435437e+01
2.807425149508233631e+01
2.897208727018886165e+01
2.978454027337533816e+01
3.051828617457786308e+01
3.118402813295342213e+01
3.177821000200709989e+01
3.229737988270646554e+01
3.273756865022429707e+01
3.305101643943410039e+01
3.323668715723361800e+01
3.334753088963969248e+01
3.327253204703988132e+01
3.302011775326707976e+01
3.262378954338904435e+01
3.210388809544578947e+01
3.148603717281675429e+01
3.084389151110612559e+01
3.022341781385374659e+01
2.967636942300914882e+01
2.925785417283876910e+01
2.900953935617112833e+01
2.893469136938999497e+01
2.905281566473309596e+01
2.932320131560972598e+01
2.973337059687634110e+01
3.020696004231690779e+01
3.068581964508852167e+01
3.109296214418521487e+01
3.134449346368636213e+01
3.138048463769000307e+01
3.111427411038215496e+01
3.054494618967566666e+01
2.969583808428460259e+01
2.856984471406208570e+01
2.722206161285165038e+01
2.574019526971894223e+01
2.420648691188016954e+01
2.272854883194908737e+01
2.141985448770127221e+01
2.034374830071100249e+01
1.961684062563134034e+01
1.919924345086818818e+01
1.908110239202380498e+01
1.926350063692857617e+01
1.970980877873615711e+01
2.036239141345380332e+01
2.118550404225517525e+01
2.211167844915504688e+01
2.322518099943132341e+01
2.435955668398855423e+01
2.546060138510118520e+01
2.657607981909698225e+01
2.763804681460463897e+01
2.867205207359099006e+01
2.967908845643715665e+01
3.065661937189150876e+01
3.158418082135035831e+01
3.247908580799587952e+01
3.333958243473885119e+01
3.415818344885496316e+01
3.488600888613709117e+01
3.560966593696613813e+01
3.625688718139836908e+01
3.687708755512080216e+01
3.752986882240016797e+01
3.822558894291396570e+01
3.871181715174110849e+01
3.920445462008240156e+01
3.965228177573305857e+01
4.003543638110913605e+01
4.018416438919882694e+01
4.025029779161661736e+01
4.036616661484225688e+01
4.032401528086028719e+01
4.021498114896988341e+01
4.007647898671873321e+01
3.980629472740044861e+01
3.954824765814186094e+01
3.936256939838568769e+01
3.892634300661106295e+01
3.843130474340646430e+01
3.795445130421150992e+01
3.737581113273847677e+01
3.674416374564650312e+01
3.603533508223706860e+01
3.524973625667588095e+01
3.445382302154055054e+01
3.360179681765546178e+01
3.263848952527747116e+01
3.157891258506645826e+01
3.061604411206548093e+01
2.961419117400059520e+01
2.846298446167424601e+01
2.727970907907459974e+01
2.600445459689139227e+01
2.460198728123708278e+01
2.316428107957797522e+01
2.155120665637968003e+01
1.948745230670314399e+01
1.758687284685847985e+01
1.562732183137218378e+01
1.337815666762978140e+01
1.112523763452953673e+01
8.849621376105821113e+00
6.605859037824931335e+00
4.371702061219375324e+00
2.180155080795332712e+00
1.602650201439475008e-01
0.000000000000000000e+00
0.000000000000000000e+00
0.000000000000000000e+00
0.000000000000000000e+00
0.000000000000000000e+00
0.000000000000000000e+00
0.000000000000000000e+00
0.000000000000000000e+00
0.000000000000000000e+00
0.000000000000000000e+00
0.000000000000000000e+00
3.112317545406640285e-04
1.628554798154364436e+00
3.363349830660379958e+00
5.171583525860346420e+00
7.049347455811096452e+00
8.965879723668768619e+00
1.090582212950756968e+01
1.285824064070207307e+01
1.482721542392672909e+01
1.677257474926953407e+01
1.865081585307778411e+01
2.045082487572022245e+01
2.216836573215358186e+01
2.370438751758774742e+01
2.513601104560473232e+01
2.641508659007027049e+01
2.760764801666562818e+01
2.865226469617527982e+01
2.957019831361419193e+01
3.037208563264412930e+01
3.109412373900281068e+01
3.174737857845683564e+01
3.234329369043884839e+01
3.287213186551917232e+01
3.335764020308734956e+01
3.377247887761867418e+01
3.408658635358998623e+01
3.431298849499520287e+01
3.440364486240230946e+01
3.434256194632003911e+01
3.416373341603900826e+01
3.383454193167876412e+01
3.349308819153628036e+01
3.296233700035322300e+01
3.239157508416318620e+01
3.176800312161690343e+01
3.122570410392253493e+01
3.071377661020441252e+01
3.030311001050506547e+01
3.002053661497730275e+01
2.986112521710067824e+01
2.983710616282799677e+01
2.990748500202086291e+01
3.005053641848185819e+01
3.020732150026372764e+01
3.032010739082138073e+01
3.034022652742252291e+01
3.021043828581297319e+01
2.986649864726371106e+01
2.927906731772536375e+01
2.843822388068081253e+01
2.733857687131799352e+01
2.599483693657592909e+01
2.452414437952785420e+01
2.296725040735427470e+01
2.145791605974750382e+01
2.002865261127708152e+01
1.884988834194679796e+01
1.795377616585737357e+01
1.738968012201896940e+01
1.714762835837027666e+01
1.723947941874813594e+01
1.761905014255187396e+01
1.825463675259687690e+01
1.907549244592969373e+01
2.003812077331028263e+01
2.127202456154576282e+01
2.244990645784358207e+01
2.365543747382621120e+01
2.496471574537713423e+01
2.608309377888636504e+01
2.714704610696436760e+01
2.812636390639249484e+01
2.907091439479681938e+01
3.002204174666317371e+01
3.094500061658999357e+01
3.179270754258591580e+01
3.271189326492979887e+01
3.347781075012003527e+01
3.417341283425054144e+01
3.481899706833533514e+01
3.540630974193034319e+01
3.597488378774968254e+01
3.648118564128728991e+01
3.706912132067009935e+01
3.751850306698482740e+01
3.777246253925610375e+01
3.822093955306598900e+01
3.842256533174224842e+01
3.874132878580486761e+01
3.881525803535791397e+01
3.895131741421327121e+01
3.897061162637788101e+01
3.900880881887942309e+01
3.903553575400116671e+01
3.899936566785718384e+01
3.889060809734090185e+01
3.872584837621695897e+01
3.867962204595063724e+01
3.858464320325941799e+01
3.843045460343122954e+01
3.823335792096079899e+01
3.809153017259431095e+01
3.782144452817479419e+01
3.749077865897962880e+01
3.713985804256680012e+01
3.680061046854277862e+01
3.630969722381052378e+01
3.585360335528494602e+01
3.520799890671433019e+01
3.465076621806553447e+01
3.396901853882868494e+01
3.331243692761805875e+01
3.250048944123857808e+01
3.157731187449887500e+01
3.050128151592006986e+01
2.944294901847094437e+01
2.816933565287461150e+01
2.668368646514586828e+01
2.485304029898832923e+01
2.301178588698916627e+01
2.102258438434460786e+01
1.854224312910675110e+01
1.621038553891353118e+01
1.370758687507263041e+01
1.113131012258241981e+01
8.621288456074756468e+00
6.205929061235318400e+00
3.854276570238035937e+00
1.860323341837536448e+00
1.302516740347033630e-01
0.000000000000000000e+00
0.000000000000000000e+00
0.000000000000000000e+00
0.000000000000000000e+00
0.000000000000000000e+00
0.000000000000000000e+00
0.000000000000000000e+00
0.000000000000000000e+00
0.000000000000000000e+00
0.000000000000000000e+00
6.392226626040475868e-01
1.776002484123643033e+00
3.025728910314528175e+00
4.343627329138537441e+00
5.777877248291392931e+00
7.296576620844415828e+00
8.885345048623022990e+00
1.049700734090206566e+01
1.214570043033012503e+01
1.379401481673686547e+01
1.542261368473136685e+01
1.701261801581989275e+01
1.847360675209974090e+01
