1.787925626271342239e+01
1.675739073494785814e+01
1.582613882751167012e+01
1.498623710152485700e+01
1.422475304233260118e+01
1.356839393460352028e+01
1.299477153374827054e+01
1.241632174673790878e+01
1.193569590284755577e+01
1.138755279531225106e+01
1.075393686176041719e+01
1.033883453466156155e+01
1.021589744992630244e+01
1.008818874190594705e+01
9.797035995804421304e+00
9.599112494661378392e+00
9.443456039030900584e+00
9.272182424359126429e+00
9.199422152929193075e+00
9.057015559869816101e+00
8.886111493666115635e+00
8.809430229922304179e+00
8.831430284762381788e+00
8.650835589202102938e+00
8.432623078987178999e+00
8.262660241097979252e+00
8.067823298375882857e+00
7.862072451525219385e+00
7.742351822828318575e+00
7.812593205185686784e+00
8.000461008959693032e+00
8.447850631356752515e+00
9.043686272446505470e+00
9.939847750589509090e+00
1.125947591980257556e+01
1.278341402883006417e+01
1.444723919287558012e+01
1.623275632266221891e+01
1.790327733270185817e+01
1.934875083605945179e+01
2.053889969109734892e+01
2.127610712807045701e+01
2.157722589036769634e+01
2.158359525493524700e+01
2.131266109044343082e+01
2.054830438304222184e+01
1.958658560220571587e+01
1.859996786578209083e+01
1.741591218312637679e+01
1.606719016856504467e+01
1.478760229409190430e+01
1.352315109201046361e+01
1.229265661819594868e+01
1.109325579798396078e+01
9.877032068092955086e+00
8.704974163343711879e+00
7.572644119974732746e+00
6.404329218072120966e+00
5.273152809379334727e+00
4.288557421363321076e+00
3.629941634457403588e+00
2.775610368494634272e+00
1.912796516801743785e+00
1.133186720836428796e+00
3.363308898564583149e-01
0.000000000000000000e+00
0.000000000000000000e+00
0.000000000000000000e+00
0.000000000000000000e+00
0.000000000000000000e+00
0.000000000000000000e+00
0.000000000000000000e+00
0.000000000000000000e+00
0.000000000000000000e+00
1.009919425718717317e-02
6.966022994688878534e-01
1.506243773003862918e+00
2.202105521335500082e+00
3.000683193417213346e+00
3.872603017344589560e+00
4.593364069561204133e+00
5.422144845613875219e+00
6.386298426125193828e+00
7.336655450867979766e+00
8.271330014417756615e+00
9.349489404876029752e+00
1.034883674626332528e+01
1.137369331163268527e+01
1.243366133542565422e+01
1.356734956172258677e+01
1.471704780631362830e+01
1.588633448549914640e+01
1.704559055724937977e+01
1.829706805597820463e+01
1.960513869093605877e+01
2.091383847467136547e+01
2.220500924455564018e+01
2.375202641904823508e+01
2.537545239393211460e+01
2.708827675022752857e+01
2.895142955655866857e+01
3.103460660196394727e+01
3.330944926200151457e+01
3.582906392128745665e+01
3.874628776408682995e+01
4.173153432063085688e+01
4.496007937119550490e+01
4.838610065796746795e+01
5.165526081640926037e+01
5.477344331349166140e+01
5.770819023361977429e+01
6.028272001736829822e+01
6.239979089646556076e+01
6.397024027448493655e+01
6.500035689644691672e+01
6.539729221868959996e+01
6.524424410925566065e+01
6.453078730463094814e+01
6.330477537266323651e+01
6.160332436428936376e+01
5.982180680710854404e+01
5.775213990746927095e+01
5.547168279274895042e+01
5.307428650715702645e+01
5.059371282048383023e+01
4.807978008228469236e+01
4.563335803923220624e+01
4.312812120443086883e+01
4.072484170390471547e+01
3.830849420085906587e+01
3.592591215251533754e+01
3.354618447188149588e+01
3.114193855225104457e+01
2.877733019405029324e+01
2.645152457956501379e+01
2.415528765671323796e+01
2.192583415377344380e+01
1.980085996551255079e+01
1.774783040450583727e+01
1.587742445350757592e+01
1.395989019182293944e+01
1.206805349612858791e+01
1.043768314144331200e+01
9.047486120248798613e+00
7.890302176751884389e+00
6.919390155065909376e+00
6.085311471858140031e+00
5.451560842325402945e+00
4.969772734566189065e+00
4.667428470579810806e+00
4.442319630959918442e+00
4.533392173784031698e+00
4.785516345132307059e+00
5.061255082596840538e+00
5.525526700084300913e+00
6.083786033096084012e+00
6.822203239353946458e+00
7.140213742657525842e+00
7.429186176442877709e+00
7.530362810386032280e+00
7.518035678826601398e+00
7.342760769145198374e+00
7.164497926893258928e+00
6.984837578855167095e+00
6.860995350239363688e+00
6.863246042546814252e+00
7.104334065832955680e+00
7.440621338232212167e+00
8.043026278659986872e+00
8.906984051659120993e+00
1.029783185335609907e+01
1.168039396616047121e+01
1.324280172732495409e+01
1.494492895764132712e+01
1.657306159975846427e+01
1.806740142127294391e+01
1.929063261316226274e+01
2.030594755714100685e+01
2.092376307033982741e+01
2.122710826155464403e+01
2.111851276344230754e+01
2.070438828249238838e+01
1.994851845629075626e+01
1.892226510905944181e+01
1.772137076363980412e+01
1.636874823100912835e+01
1.485270127486164782e+01
1.350619645747907249e+01
1.214868874357651407e+01
1.090928691844275278e+01
9.372083175601339633e+00
8.085768183396986331e+00
7.032194770294288411e+00
5.974734895026675652e+00
5.048652420789655260e+00
4.113585420445117435e+00
3.103561243167821448e+00
2.253362804125769170e+00
1.535168557821527502e+00
8.804507119090931866e-01
3.875344276010701527e-01
5.627386942279746784e-02
0.000000000000000000e+00
0.000000000000000000e+00
0.000000000000000000e+00
0.000000000000000000e+00
2.671480879664038244e-01
6.499929110292250733e-01
1.194072998220050641e+00
1.772028643707256101e+00
2.450297524068118182e+00
3.166598249583438829e+00
3.894261481196497954e+00
4.740941713025701887e+00
5.629513227392209274e+00
6.573412608338863095e+00
7.520898978979625227e+00
8.486596792581579507e+00
9.452899101155422201e+00
1.051514636999904795e+01
1.149347688746868990e+01
1.244906963727012439e+01
1.339554995541479698e+01
1.435242299809598876e+01
1.531688303446222221e+01
1.630722731586855545e+01
1.726349065534510530e+01
1.833496207301108427e+01
1.949381292526869558e+01
2.058391935919647864e+01
2.168784074774249149e+01
2.283182992531483890e+01
2.405506354759032916e+01
2.534450712473824296e+01
2.671561591489861698e+01
2.821669749661255722e+01
2.985244616891065661e+01
3.170035118326050849e+01
3.376461010328846157e+01
3.604047786046900370e+01
3.885132801456240514e+01
4.167831931352726826e+01
4.464340559693658861e+01
4.775487600484169093e+01
5.084164650604130031e+01
5.389421089899665418e+01
5.669758234592682555e+01
5.924971342961057985e+01
6.128584992981443946e+01
6.294135269204636529e+01
6.408338685498968346e+01
6.490149979625010701e+01
6.487456196399732278e+01
6.426226249193318552e+01
6.311491402030527809e+01
6.152274496095751743e+01
5.959423153130294537e+01
5.743030692498928147e+01
5.510928338800482607e+01
5.264495572289177971e+01
5.004477840212499729e+01
4.750506106632503389e+01
4.506955230980384641e+01
4.261047412344611018e+01
4.021420395538489601e+01
3.784855746137082377e+01
3.554906584784659884e+01
3.322968894717417498e+01
3.095774298362280419e+01
2.879446230130817241e+01
2.670184110276629852e+01
2.440452722549200359e+01
2.249691251977731454e+01
2.076186848154003428e+01
1.920191552293990611e+01
1.779988434067254488e+01
1.654194859155783703e+01
1.544618024910484877e+01
1.435323632109550296e+01
1.349086431386204055e+01
1.267966377749057472e+01
1.194736480816575330e+01
1.140384313071515621e+01
1.090992376144598275e+01
1.041238368714466489e+01
9.932428097235877829e+00
9.471951082780661224e+00
9.116562129685137350e+00
8.765491242514057646e+00
8.443435408556863919e+00
8.185308456292947454e+00
8.011221418789487458e+00
8.058389164151263273e+00
8.094079671851137192e+00
7.945416328615788615e+00
7.792105190370782530e+00
7.735282599232142786e+00
7.463370668347221404e+00
7.267111792684963767e+00
7.035323674921435178e+00
7.377326453388246996e+00
7.388761864488178510e+00
7.404770788120702107e+00
7.619101940127817052e+00
8.096293586407062648e+00
8.827881645575994085e+00
9.946214230290621572e+00
1.134290920860847862e+01
1.296976714034695455e+01
1.477513497906126183e+01
1.662882693948913015e+01
1.837621874573829217e+01
1.984113842887109058e+01
2.091419978460496765e+01
2.171147440512695326e+01
2.203484066000237362e+01
2.183492602027315854e+01
2.135112644897971990e+01
2.048009230347181742e+01
1.935489535425442043e+01
1.743969257980446130e+01
1.579371698675489100e+01
1.413508498825522963e+01
1.263039859867279624e+01
1.119902655416788662e+01
9.900123364285471794e+00
8.575084059420285953e+00
7.264993738463626727e+00
6.226708631430842189e+00
5.275422824510840769e+00
4.305576941914809552e+00
3.396738402784386324e+00
2.582978020146043718e+00
1.872596958709083159e+00
1.164195905220211547e+00
5.631440459089045447e-01
7.537678467104119706e-02
0.000000000000000000e+00
0.000000000000000000e+00
0.000000000000000000e+00
0.000000000000000000e+00
0.000000000000000000e+00
6.590110098940603345e-02
5.403074664575316932e-01
1.117500983487891286e+00
1.815491200327618238e+00
2.634178086300814403e+00
3.704603437578563252e+00
4.660481577833169631e+00
5.560532281435662583e+00
6.521081179854878229e+00
7.423885728462479960e+00
8.286685463322767120e+00
9.140809730014746393e+00
9.998386723547174171e+00
1.082918378371518031e+01
1.174400997015921533e+01
1.272367154500955166e+01
1.358380369367252527e+01
1.441057529600945486e+01
1.535059974196266275e+01
1.633897449102854083e+01
1.726417517419026737e+01
1.828423096589974861e+01
1.931800464456176769e+01
2.040990746238719922e+01
2.154994446362852756e+01
2.267110692651072767e+01
2.392015163893607266e+01
2.531368821092130617e+01
2.680955832296285735e+01
2.848606143183415185e+01
3.031428379944176754e+01
3.228051584557321263e+01
3.443170405852651328e+01
3.677617266505109228e+01
3.928598122646941704e+01
4.180660668590021345e+01
4.461962428523391111e+01
4.754206803543070237e+01
5.046589674549151283e+01
5.314105730165505292e+01
5.595217371920654159e+01
5.846644325466469638e+01
6.065960689860131083e+01
6.251419369196101172e+01
6.405348865334181596e+01
6.501940130057997180e+01
6.564712854040088530e+01
6.572489906300143048e+01
6.528969524190107165e+01
6.445901930559483617e+01
6.327195205630650321e+01
6.182084380259515655e+01
6.029071003627387171e+01
5.896023052727305469e+01
5.687199076305140721e+01
5.471147693968573833e+01
5.235641349425927871e+01
4.993746926978798228e+01
4.739202880725523670e+01
4.483987714169128935e+01
4.215058247109118383e+01
3.944672448592604042e+01
3.674502349719782757e+01
3.406401294550668268e+01
3.137786104808567700e+01
2.885426402318290684e+01
2.637214941105327171e+01
2.409998858880461370e+01
2.205587633905531675e+01
2.020544134407267123e+01
1.851444893549799176e+01
1.701201330629838893e+01
1.548185825862907272e+01
1.334864127867292183e+01
1.225275460002442607e+01
1.106149280292236980e+01
1.017428379923679849e+01
9.365431389438077403e+00
8.592255975114900579e+00
7.801056608193412956e+00
7.160449816449548699e+00
6.572195270527467770e+00
6.074217779467545597e+00
5.573518003717714109e+00
5.175675902667643768e+00
4.877424509152529453e+00
4.934661856931002788e+00
4.737197311846161440e+00
4.667123511939307967e+00
4.576051169153788400e+00
4.569792099015614006e+00
4.923075959118338396e+00
4.930914563665177219e+00
4.952543692652686680e+00
5.155589073259415400e+00
5.947932411315328238e+00
5.911256726740372613e+00
6.189620539274321764e+00
6.356266706133776978e+00
6.557568618315085196e+00
7.407097109907614829e+00
7.990874271772471005e+00
8.587234930156554924e+00
9.372031880186431962e+00
1.039022793768239872e+01
1.156844793799999671e+01
1.281509497865722658e+01
1.422927265913118156e+01
1.565810976179142955e+01
1.700310630152619851e+01
1.820558625871690239e+01
1.905659673569202894e+01
1.979461763560427201e+01
2.026738834808186951e+01
2.040187718818997098e+01
1.974096495849285304e+01
1.935779678897127098e+01
1.848846796539767112e+01
1.745530626500562832e+01
1.630359597591455767e+01
1.420690137543150833e+01
1.247679995859619062e+01
1.100528042984958610e+01
9.666129114244883525e+00
8.206665991780623060e+00
6.834212110381719718e+00
5.534902832622233149e+00
4.296488833148170094e+00
3.073392503653725960e+00
2.024100770905167490e+00
1.041779697663995696e+00
2.078037575671272674e-01
0.000000000000000000e+00
0.000000000000000000e+00
0.000000000000000000e+00
0.000000000000000000e+00
0.000000000000000000e+00
0.000000000000000000e+00
0.000000000000000000e+00
0.000000000000000000e+00
0.000000000000000000e+00
0.000000000000000000e+00
0.000000000000000000e+00
0.000000000000000000e+00
0.000000000000000000e+00
0.000000000000000000e+00
0.000000000000000000e+00
0.000000000000000000e+00
5.241953190779646832e-02
7.379618124271747348e-01
1.432157431902080891e+00
2.126881543798275320e+00
2.936644704206100354e+00
3.716903499446564840e+00
4.461538133582092058e+00
5.234609350647711601e+00
6.094910319840542989e+00
7.008136925912371140e+00
7.977793325125372093e+00
8.997484608486372437e+00
1.004398168602776664e+01
1.113119631364796724e+01
1.228427977057946485e+01
1.349053295505170880e+01
1.478618410028175845e+01
1.625018047431241541e+01
1.768166621247244663e+01
1.918980027555339163e+01
2.067574380086441010e+01
2.229802973084914441e+01
2.408519973012128901e+01
2.600131521340559360e+01
2.799816045951756394e+01
3.017252710699522922e+01
3.260970780711726746e+01
3.534436274302998982e+01
3.822486398947523867e+01
4.112140239089706029e+01
4.423570335570687462e+01
4.742288663682671057e+01
5.041442275840051934e+01
5.326140337177601225e+01
5.584765043168828669e+01
5.831670125780490821e+01
6.020678914196180642e+01
6.159341764258532947e+01
6.251965336615498359e+01
6.301522892793032327e+01
6.283820876066616279e+01
6.218490127005618717e+01
6.108985773524369023e+01
5.965792538781101939e+01
5.794465887527926640e+01
5.605339972118815695e+01
5.412388496975243157e+01
5.198021800760329114e+01
4.975046868777982212e+01
4.751313960563138039e+01
4.517181044716733140e+01
4.274516365923276595e+01
4.042112731596912312e+01
3.803863377299539650e+01
3.562177975623868775e+01
3.309165249811705678e+01
3.061625607571927787e+01
2.813346385929181892e+01
2.575258436161325548e+01
2.331879675032211452e+01
2.119286164132612171e+01
1.920218605791120581e+01
1.744606083857540213e+01
1.586849821774885427e+01
1.449670317113830542e+01
1.325958762298376215e+01
1.197496286770887330e+01
1.130368639581443446e+01
1.067819483713326711e+01
1.002873007986092979e+01
9.422259068656606118e+00
8.848715176766658530e+00
8.275917862482595311e+00
7.728470834773791154e+00
7.205546661801673025e+00
6.712126151052020262e+00
6.529981806102250985e+00
6.123137797422613993e+00
5.668967774146819849e+00
5.262333966767236859e+00
4.995436648915070776e+00
4.701281884909604081e+00
4.373473800255452737e+00
4.186220158177990314e+00
3.964960246787669007e+00
3.930968018900125927e+00
3.711314455594504125e+00
3.361651843981249499e+00
3.063170025085341308e+00
2.946245351806622281e+00
3.038671360642572594e+00
3.386683746212915125e+00
4.025914643964400241e+00
4.878227494793942576e+00
6.061113860784999474e+00
7.568125572572697024e+00
9.288267453993194422e+00
1.131847110286692448e+01
1.347808923753219545e+01
1.562348449928219374e+01
1.751173220941550568e+01
1.908770412550257589e+01
2.033076342085949406e+01
2.101288043706238184e+01
2.120019437656146977e+01
2.075416435179349506e+01
2.009197370833575746e+01
1.916360074688279269e+01
1.795760333286400012e+01
1.656407653840467376e+01
1.499897185194076954e+01
1.340603501760207195e+01
1.167094739474966580e+01
1.005529550366529712e+01
8.600012068641637697e+00
7.271847728318054926e+00
5.832183968976165644e+00
4.371774146837282160e+00
3.104333509085927201e+00
1.854047610066473117e+00
6.790496177231732933e-01
0.000000000000000000e+00
0.000000000000000000e+00
0.000000000000000000e+00
0.000000000000000000e+00
0.000000000000000000e+00
0.000000000000000000e+00
0.000000000000000000e+00
0.000000000000000000e+00
0.000000000000000000e+00
0.000000000000000000e+00
0.000000000000000000e+00
0.000000000000000000e+00
0.000000000000000000e+00
0.000000000000000000e+00
0.000000000000000000e+00
0.000000000000000000e+00
0.000000000000000000e+00
0.000000000000000000e+00
0.000000000000000000e+00
2.420085109930241174e-01
9.851633016728058578e-01
1.784360081508974405e+00
2.525725515457377668e+00
3.213629137996071083e+00
3.652029507859039459e+00
4.309291342870008812e+00
5.027214405610395787e+00
5.776773444283072934e+00
6.557936690109936961e+00
7.367027893115611015e+00
8.228570604840932390e+00
9.143967094633858039e+00
9.981839137450938537e+00
1.079129597716852906e+01
1.175199846671097426e+01
1.278070564557195610e+01
1.380346507343275597e+01
1.505107912790253799e+01
1.646195436976100268e+01
1.808000251145163517e+01
1.988611214146959583e+01
2.174908715604830434e+01
2.388899974845861607e+01
2.631892103965186891e+01
2.892530201378053789e+01
3.180901280173226908e+01
3.488232636887941140e+01
3.811222708678658933e+01
4.142045500952522019e+01
4.469874786798474986e+01
4.793993282709564596e+01
5.092246627768412282e+01
5.367608355087504890e+01
5.618272654536875166e+01
5.799678214023471412e+01
5.922201012588470093e+01
5.994200315097596388e+01
6.019827286839911551e+01
5.993653885895511735e+01
5.910133030225878770e+01
5.788364034069627451e+01
5.645567089126070925e+01
5.468432842562894081e+01
5.281401478450252540e+01
5.096979174985446548e+01
4.898998877396508789e+01
4.688592630833564812e+01
4.477921022989582411e+01
4.264249280854511426e+01
4.051830172371731464e+01
3.840093022456632355e+01
3.625240354143442545e+01
3.411704409569544083e+01
3.185502640249869799e+01
2.980049291174934467e+01
2.788247985680964902e+01
2.600536583775351573e+01
2.417898794623969394e+01
2.234091705366682135e+01
2.074783186508220467e+01
1.923259295387461165e+01
1.766969822239066090e+01
1.633237691980283657e+01
1.499619311818978851e+01
1.354904995337884444e+01
1.203757438374542055e+01
1.097299082044956009e+01
9.936338737852947744e+00
9.057689459911037133e+00
8.327412900006832430e+00
7.666930774635067003e+00
7.190612660996819727e+00
6.841640594725667768e+00
6.616450268825500025e+00
6.647501101749433872e+00
6.706107944189813708e+00
6.791998525249304919e+00
7.361770140967452747e+00
7.894199641130960288e+00
8.000729715603897674e+00
8.205490308975765146e+00
8.266774932715675206e+00
8.199248981128064884e+00
8.099825513250426212e+00
8.001387986161152099e+00
7.823549723223888641e+00
7.627822016849399311e+00
7.530809220492689526e+00
7.620735665413807425e+00
7.859741025345076793e+00
8.244972909799260563e+00
8.874051060676526603e+00
9.770357723778275272e+00
1.102696112841606002e+01
1.227629200965039225e+01
1.366029855019269057e+01
1.508792739773739733e+01
1.628028804130746821e+01
1.721875926260220169e+01
1.818991241551553628e+01
1.870482971611571443e+01
1.892193349296118754e+01
1.883667385317722776e+01
1.845401747526020131e+01
1.771614419797070283e+01
1.670364613767722872e+01
1.561001428918236655e+01
1.450527452802705852e+01
1.304184200820084882e+01
1.156628186897303578e+01
1.016265146488282767e+01
8.769359885420417555e+00
7.405414219434091727e+00
5.931777381071996480e+00
4.763138896150291401e+00
3.665619298177206886e+00
2.678848345948842358e+00
1.764432191562955499e+00
9.502903861065084001e-01
1.909394664536245567e-01
0.000000000000000000e+00
0.000000000000000000e+00
0.000000000000000000e+00
0.000000000000000000e+00
0.000000000000000000e+00
0.000000000000000000e+00
0.000000000000000000e+00
0.000000000000000000e+00
0.000000000000000000e+00
0.000000000000000000e+00
0.000000000000000000e+00
0.000000000000000000e+00
0.000000000000000000e+00
1.980111371729162129e-01
6.126624069759998292e-01
1.171082121062239301e+00
1.561146935835515670e+00
1.995888311380632274e+00
2.410324044062163829e+00
2.902642038513150169e+00
3.506530367265891623e+00
3.959397036047645813e+00
4.516499386956069451e+00
5.172756714762022590e+00
5.827088065113356308e+00
6.537581859144177443e+00
7.297241309579286295e+00
8.027871598520393448e+00
8.821276517255292049e+00
9.785418936996686412e+00
1.084196393084479126e+01
1.191874958761086845e+01
1.304203204357843049e+01
1.417635614846633807e+01
1.547520355817918336e+01
1.675851046167750980e+01
1.826493791818268164e+01
1.993004380478596715e+01
2.172789914390689603e+01
2.371738642343093062e+01
2.559810584192521787e+01
2.806166982845113012e+01
3.050227564191454377e+01
3.318094383291676053e+01
3.616275784542458638e+01
3.915158667442682372e+01
4.230012711589604635e+01
4.538739943487777850e+01
4.831718353409029021e+01
5.099540817934183679e+01
5.348536057487366691e+01
5.564961806419064771e+01
5.717353644550669856e+01
5.824391594163824948e+01
5.877606590650923835e+01
5.886849126082625361e+01
5.857531804380770524e+01
5.791434096232332251e+01
5.694540594416411494e+01
5.574418690453407521e+01
5.449338253421622369e+01
5.308474387094226188e+01
5.144426982209493104e+01
4.964680296719165398e+01
4.776351903623355355e+01
4.582750740470250150e+01
4.378661426752002939e+01
4.166335751182439395e+01
3.949308220358694399e+01
3.728049753215712769e+01
3.497517809223914753e+01
3.254724257677109023e+01
3.038038821744069296e+01
2.821839562697465453e+01
2.628887707953255415e+01
2.448061111368068055e+01
2.279150336124932963e+01
2.125687579236891622e+01
1.987547814938663393e+01
1.861870216566225267e+01
1.730747965160806245e+01
1.597898958382599943e+01
1.496107867643438105e+01
1.399283415759018112e+01
1.325853680234342669e+01
1.257689755921535379e+01
1.206446322080621769e+01
1.165112444073049147e+01
1.123988130149704290e+01
1.107125093064725974e+01
1.082121494623123503e+01
1.063281911355497122e+01
1.044568327347840864e+01
1.027613378576471348e+01
1.050902352017580021e+01
1.068820109539188223e+01
1.058294231609725777e+01
1.062259925481119716e+01
1.059831646220071377e+01
1.054888353447332783e+01
1.032957440090619272e+01
1.006949079369329780e+01
9.853748702964855610e+00
9.685985380418042467e+00
9.587715227258774675e+00
9.582015292157441522e+00
9.918099949733012011e+00
1.036011927200495464e+01
1.098179003274938914e+01
1.184950375489178853e+01
1.306074423240356808e+01
1.457268102557742395e+01
1.615324315292374635e+01
1.779929712609127535e+01
1.929323361551804439e+01
2.051593112830717658e+01
2.163999425312481151e+01
2.230033143007679186e+01
2.260881901076742651e+01
2.243799192160189548e+01
2.208655794968836972e+01
2.145625290499435778e+01
2.051900703654806435e+01
1.935975420375920208e+01
1.807487225406329046e+01
1.672127535164932510e+01
1.501562115709395506e+01
1.344597567702497365e+01
1.215966706668309172e+01
1.089024889373596849e+01
9.558731612448905679e+00
8.184774217820217856e+00
7.500598324734331079e+00
6.670579059950265233e+00
5.680421973467758789e+00
4.707768177603202098e+00
3.817341630731085900e+00
2.999838516917443076e+00
2.283984957435654550e+00
1.689575376818094998e+00
1.170266681102223316e+00
7.710509687570703541e-01
5.074891351092647440e-01
3.762805301189402485e-01
3.550801886691269948e-01
4.454913267102618701e-01
6.129485011133098959e-01
9.180696708178776033e-01
1.249396792413262736e+00
1.722116103899533845e+00
2.143259060661121485e+00
2.656117234814294292e+00
2.943201609390392548e+00
3.263124463437100164e+00
3.843792626367870557e+00
4.442102602459811145e+00
5.031510182986632884e+00
5.732111436838490448e+00
6.428276594288504064e+00
7.146092903883840108e+00
7.923532427552598456e+00
8.794739448827476380e+00
9.734449993310843041e+00
1.066617164935266793e+01
1.164932192519726861e+01
1.268151077351753386e+01
1.379346899644578173e+01
1.487742921999855028e+01
1.605682013332312152e+01
1.720053551258085278e+01
1.852576445112109482e+01
1.980493202827088339e+01
2.127117138423575682e+01
2.288235228446473002e+01
2.452379686264263725e+01
2.642351801383587784e+01
2.855767800928911271e+01
3.077571865767239956e+01
3.327809087393494991e+01
3.593587365557235813e+01
3.880684242006100249e+01
4.172720834584245608e+01
4.480698867938355079e+01
4.771557278971753391e+01
5.071257233919311602e+01
5.328156405002487617e+01
5.538115003420860205e+01
5.720748648368032008e+01
5.846602865441914787e+01
5.933906773249805156e+01
5.986333698940010350e+01
6.001477334909459671e+01
5.955943191374363010e+01
5.850506817443874752e+01
5.710549354881134576e+01
5.543754450325585026e+01
5.359789684527810749e+01
5.164305027440790496e+01
4.971688429652227370e+01
4.768291606375299807e+01
4.563709623976646412e+01
4.359042082589309075e+01
4.138888653612212920e+01
3.921035290324599032e+01
3.694349438528647767e+01
3.473418580272592493e+01
3.261489457854670349e+01
3.048343602456503731e+01
2.844734460132251641e+01
2.645649283612633695e+01
2.450518814143100954e+01
2.236137651995374753e+01
2.046012981814528686e+01
1.894691178633614470e+01
1.757819772805426695e+01
1.632545844724743134e+01
1.514108420700391200e+01
1.395906798601875920e+01
1.264662086828692544e+01
1.137348235812566344e+01
1.008318505999258718e+01
8.649592648806024187e+00
7.493712355532271552e+00
6.514378290168131969e+00
5.627978236617484420e+00
4.785603586411677490e+00
4.221391261878842727e+00
3.757793295261766531e+00
3.305360128160511834e+00
2.966130219825894532e+00
2.757129398973431122e+00
2.662324142601712573e+00
2.662328287855925790e+00
2.839645454461196650e+00
3.221081158809630640e+00
3.484597862999897711e+00
3.882330486279694792e+00
4.205795848554800820e+00
4.323587983355233533e+00
4.309482140614369960e+00
4.221243178828241405e+00
4.117699958422337936e+00
4.053660376954414168e+00
4.180815709106113331e+00
4.449981495397760334e+00
4.944699176608177815e+00
5.748779974445723084e+00
6.899097202128067430e+00
8.288956507670953044e+00
9.975512387393145275e+00
1.180349462661494186e+01
1.372592405071247867e+01
1.558400147190053353e+01
1.720556452004602122e+01
1.850306377458316121e+01
1.937727770806373684e+01
1.975960265455812248e+01
1.970902704742376343e+01
1.944709625779951168e+01
1.884329131969149529e+01
1.801093260004435237e+01
1.695997467941723968e+01
1.577451149297218080e+01
1.440328965052662902e+01
1.299218946436811351e+01
1.170262665615121200e+01
1.020931959906038955e+01
8.746689165682267841e+00
7.504528907465331855e+00
6.325070689885621711e+00
5.273979687558830065e+00
4.251188798444198724e+00
3.313399227533782021e+00
2.465746361555684274e+00
1.691799309591584866e+00
1.034814129149055351e+00
5.772828626886710168e-01
9.441921516487666866e-02
0.000000000000000000e+00
0.000000000000000000e+00
0.000000000000000000e+00
0.000000000000000000e+00
0.000000000000000000e+00
0.000000000000000000e+00
1.867419657958628021e-01
6.085553645386436727e-01
1.123024257656455971e+00
1.698342295259045898e+00
2.324849446035874845e+00
2.988341590530651626e+00
3.704644517896469758e+00
4.478677690189684313e+00
5.381432206897500237e+00
6.513488452785157534e+00
7.488195636805471622e+00
8.323843678823875436e+00
9.135964020770513727e+00
1.002425283963186331e+01
1.092752479934553378e+01
1.187968110177090608e+01
1.316068132876144858e+01
1.410985859388042485e+01
1.515895968969872598e+01
1.623762175170504207e+01
1.731934268441257885e+01
1.845904206902868694e+01
1.965326931856855097e+01
2.090049644475294599e+01
2.219687884186109272e+01
2.355783186630962334e+01
2.497124391908970154e+01
2.645579656565181637e+01
2.801073745053000152e+01
2.953410100455385745e+01
3.124202875879601748e+01
3.327163702685711399e+01
3.547509360115172683e+01
3.790716808923679793e+01
4.052455047486431283e+01
4.340697673480194396e+01
4.591358868418841155e+01
4.908064194862640051e+01
5.233971386501237077e+01
5.550052371629980286e+01
5.864020093047944471e+01
6.165744420541017234e+01
6.416350014086837916e+01
6.650753505295051582e+01
6.811255700290840309e+01
6.919931409794735089e+01
6.973805144337488571e+01
6.959574609113960264e+01
6.896290881327597333e+01
6.785404578594101110e+01
6.638567663889546111e+01
6.465917909347923853e+01
6.284575104817750457e+01
6.077044235591396415e+01
5.864291853976249058e+01
5.642372325933692423e+01
5.417943001796595581e+01
5.194866182428602741e+01
4.963179841602163833e+01
4.724606757900731679e+01
4.480361547825730639e+01
4.222833802610648490e+01
3.969569525789975728e+01
3.700843419023704683e+01
3.437318466667379369e+01
3.170270352440999417e+01
2.909354508628123881e+01
2.669557433972020988e+01
2.439448324892973119e+01
2.222439292103835839e+01
2.020365582858039843e+01
1.831992155994606009e+01
1.641540881048588574e+01
1.482453084738754434e+01
1.337465045776823303e+01
1.212636358131488912e+01
1.100408123214018730e+01
9.967495165807079616e+00
9.065009229404148883e+00
8.304222715590533710e+00
7.645666059048735086e+00
7.094782615612199805e+00
6.534834234360440419e+00
5.899047541627921554e+00
5.533098842961945429e+00
5.192853514593376296e+00
5.008952978410417423e+00
4.902528906121945695e+00
4.787651557437487604e+00
4.814246581029936856e+00
4.984200735997414533e+00
5.070805603779795945e+00
5.131294754531548818e+00
4.941038889913468957e+00
4.943335397076145554e+00
4.759483593669097345e+00
4.563883858851077058e+00
4.379562316098632557e+00
4.274378765364342136e+00
4.342919589337862263e+00
4.490879845643326540e+00
4.891417190067915755e+00
5.616480205986032814e+00
6.741066278118435839e+00
8.050336649908814479e+00
9.620125052401578003e+00
1.133116748046194644e+01
1.313723072246602364e+01
1.492311002001864750e+01
1.653692296243227489e+01
1.781770569564445239e+01
1.877612290415574137e+01
1.928097160871935145e+01
1.958116823663455364e+01
1.934301900524339146e+01
1.886125199551569054e+01
1.804644537608884391e+01
1.702290512657030774e+01
1.576946660108491471e+01
1.429975595582841663e+01
1.290485033662747050e+01
1.146072297998166256e+01
9.966651895863085642e+00
8.359542823122033894e+00
6.978795928240088209e+00
5.681776022643298063e+00
4.454802180803757672e+00
3.279697108258977423e+00
2.188069900161935699e+00
1.130972569623305723e+00
1.653717819098909081e-01
0.000000000000000000e+00
0.000000000000000000e+00
0.000000000000000000e+00
0.000000000000000000e+00
0.000000000000000000e+00
0.000000000000000000e+00
0.000000000000000000e+00
0.000000000000000000e+00
0.000000000000000000e+00
0.000000000000000000e+00
0.000000000000000000e+00
0.000000000000000000e+00
0.000000000000000000e+00
0.000000000000000000e+00
0.000000000000000000e+00
1.341616909151906005e-02
6.160584721174520162e-01
1.270737451163041598e+00
1.958992533567095684e+00
2.710618930990655429e+00
3.490814933864490044e+00
4.317226236521475080e+00
5.148884423721544756e+00
6.058849654833220910e+00
7.000186204498920262e+00
7.914849387348256826e+00
8.858408378840154640e+00
9.806952332141506190e+00
1.083318213200054458e+01
1.191312450277786184e+01
1.303415112734046843e+01
1.409353454237448311e+01
1.527174480818500513e+01
1.656972626423455353e+01
1.793097302573467289e+01
1.932022370349048046e+01
2.083142754004256147e+01
2.241680191321639981e+01
2.413066094522335092e+01
2.590611428666807825e+01
2.785520362228518465e+01
2.992644101950113722e+01
3.226153069235933657e+01
3.468251663517776251e+01
3.744949332447021106e+01
4.053450636445978006e+01
4.352740452194105103e+01
4.660679215230907602e+01
4.960066730634019194e+01
5.244408776297990471e+01
5.506786550948862669e+01
5.742859537724988428e+01
5.938347469163699088e+01
6.084453561666052224e+01
6.180180291296120743e+01
6.215031514047829120e+01
6.192667958817835938e+01
6.126545141662207072e+01
6.014351740212281783e+01
5.866707191541621569e+01
5.692303661635983758e+01
5.497417440588685622e+01
5.296575001946802530e+01
5.086974326150065906e+01
4.879238103626824596e+01
4.644884662406178677e+01
4.411652629869382736e+01
4.177201591162774719e+01
3.939890630839065722e+01
3.701939466950130253e+01
3.461079135322327005e+01
3.217870756783849373e+01
2.975821141125440761e+01
2.740870974279189554e+01
2.512098260990787324e+01
2.298000702228761938e+01
2.104948222421458581e+01
1.921108540821264299e+01
1.754943295387127122e+01
1.603537702548307209e+01
1.464619343762191761e+01
1.340600303027558304e+01
1.221247483541911016e+01
1.114988947560937405e+01
9.893514806190838229e+00
8.851658041301501356e+00
8.002208552984010126e+00
7.170411930215660590e+00
6.394474897620039400e+00
5.706169782934601642e+00
5.105837634928759527e+00
4.543573964756463468e+00
4.066629705653416416e+00
3.852612454879539516e+00
3.693023744242393214e+00
3.597022232350153281e+00
3.532669832659844023e+00
3.582482187094395254e+00
3.653681339898156022e+00
3.703726614007126994e+00
3.721263184123822843e+00
3.655611042934903576e+00
3.561508034450672433e+00
3.309635095376178615e+00
3.154939849185531386e+00
3.154872486189385317e+00
3.173678068187497203e+00
3.301159470056033829e+00
3.661898812386772395e+00
4.295173984417515634e+00
5.247890154306890764e+00
6.533569194568322303e+00
8.076601666193063522e+00
9.764413717198717535e+00
1.148410807991182381e+01
1.324192707510256994e+01
1.483808665267563498e+01
1.614526208003437802e+01
1.712002008350102500e+01
1.774422945866817258e+01
1.797428187880641204e+01
1.782331667109256657e+01
1.727616183393764260e+01
1.644978886674817531e+01
1.530668441237247102e+01
1.401940693700098350e+01
1.298229658696013544e+01
1.190414946100408322e+01
1.065106529750406139e+01
9.444522835001555094e+00
8.347248627299881818e+00
7.322716679357745839e+00
6.313893638027247235e+00
5.327390434324389190e+00
4.468896376558079808e+00
3.677732527168574350e+00
2.976323572899837622e+00
2.370152872266379607e+00
1.850560995427524391e+00
1.428421268737181338e+00
1.129254934960242096e+00
9.250295659819857130e-01
8.795192848866776325e-01
9.752560853689182796e-01
1.207124920406870805e+00
1.549232198913904845e+00
1.781842674826952466e+00
1.888796516494579469e+00
2.553203884937788715e+00
3.278280372183910885e+00
4.006171458295717080e+00
4.593053989863142839e+00
5.631466543166499861e+00
6.669996418902311319e+00
7.648303356333345349e+00
8.683447105149056711e+00
9.919684993712877485e+00
1.095679342944052692e+01
1.211197985571328140e+01
1.321707254030877543e+01
1.420892041509226367e+01
1.524321345039495412e+01
1.645200119527650884e+01
1.749642307797484264e+01
1.869200932831750350e+01
1.974610648820046777e+01
2.082401650798246351e+01
2.195132240072157970e+01
2.307980631349742140e+01
2.422924826448117130e+01
2.542595694394540118e+01
2.663932414448893482e+01
2.786083430209449219e+01
2.912067115853609067e+01
3.045916159106108267e+01
3.182001312899795664e+01
3.316046018769448267e+01
3.468833046424531830e+01
3.624835061563022975e+01
3.797206976955998670e+01
3.991064679911480795e+01
4.200708422977836420e+01
4.410543263571765493e+01
4.647614983498561969e+01
4.888473005653257530e+01
5.155272863413632933e+01
5.421713641170001097e+01
5.678766363835616460e+01
5.936467979308046239e+01
6.170795701074256812e+01
6.378567238786460081e+01
6.549951065755143986e+01
6.674883938685198359e+01
6.756864140797223683e+01
6.792623134599777757e+01
6.783493429375469930e+01
6.722569057041894780e+01
6.629578705682892803e+01
6.495779700487634045e+01
6.329697968444031630e+01
6.143429935039056744e+01
5.929161697831253974e+01
5.707707879765362691e+01
5.488449293688331920e+01
5.241838708794835355e+01
4.992029347006538842e+01
4.739726246529048126e+01
4.473478453490171347e+01
4.199504266726076196e+01
3.924280362682213052e+01
3.642941205282775741e+01
3.357644269423834515e+01
3.078547316506821119e+01
2.802359328339866806e+01
2.532245878776740255e+01
2.273288522711980519e+01
2.032818378747421662e+01
1.804125034089615198e+01
1.590442633263418593e+01
1.403219907807894096e+01
1.225334437522803555e+01
1.080330874155406029e+01
9.482827798688978405e+00
8.153781241189017592e+00
7.163767253758985376e+00
6.317250791097805518e+00
5.560124140021245331e+00
5.048643877007236824e+00
4.575335607115985859e+00
4.115759268886955979e+00
3.693852796665651805e+00
3.720171352145936083e+00
3.469274967786603270e+00
3.318980333337011146e+00
3.141033332366017117e+00
2.991135421428889885e+00
2.856629368418005299e+00
2.914741074762330797e+00
2.876901286160769455e+00
3.087949737534515293e+00
3.408558174547868802e+00
3.372108520932920683e+00
3.403256960860203240e+00
3.409791711362685884e+00
3.315561938216056159e+00
3.259111440472070242e+00
3.191916371713731770e+00
3.211722818262003454e+00
3.346252961226338307e+00
3.587658667997397632e+00
4.126682930908005531e+00
4.781153529648213940e+00
5.853551619448987609e+00
7.176467198294793626e+00
9.105743524962264246e+00
1.108536094317548582e+01
1.289084528223873782e+01
1.464535615884659414e+01
1.623744053460165659e+01
1.752537861752120563e+01
1.829586457377939723e+01
1.903828882250087062e+01
1.927991059734847568e+01
1.907728234495003150e+01
1.860070147519335748e+01
1.775117925129930541e+01
1.667161212957711314e+01
1.545358910723855139e+01
1.407648941582145419e+01
1.268635781662605666e+01
1.125761880897697864e+01
9.840216683892766270e+00
8.436488919947706222e+00
7.071236935293038428e+00
5.378595325599166976e+00
3.693741585713613329e+00
2.540972925419075157e+00
1.407311239564213778e+00
4.177212935748342293e-01
0.000000000000000000e+00
0.000000000000000000e+00
0.000000000000000000e+00
0.000000000000000000e+00
0.000000000000000000e+00
0.000000000000000000e+00
0.000000000000000000e+00
0.000000000000000000e+00
0.000000000000000000e+00
0.000000000000000000e+00
0.000000000000000000e+00
0.000000000000000000e+00
0.000000000000000000e+00
0.000000000000000000e+00
0.000000000000000000e+00
0.000000000000000000e+00
0.000000000000000000e+00
0.000000000000000000e+00
0.000000000000000000e+00
0.000000000000000000e+00
0.000000000000000000e+00
2.110333101331711703e-01
7.093215168710657048e-01
1.130931127759466026e+00
1.604414002387806626e+00
1.966517826707732119e+00
2.450402518815691710e+00
2.969665096274663352e+00
3.345159704012033330e+00
3.846708095497153757e+00
4.442777357376463065e+00
5.104323227930620988e+00
5.725837758256999699e+00
6.291370370580172455e+00
7.263451491736420351e+00
8.331510218197363926e+00
9.393464254098320865e+00
1.036064663603534974e+01
1.186224104882257180e+01
1.359828233767440864e+01
1.560191969024975656e+01
1.789843091884121407e+01
2.047646947418762764e+01
2.335095150338258918e+01
2.652855454699619742e+01
3.017195115770788050e+01
3.383074992030101669e+01
3.762140282559677473e+01
4.134871617742501115e+01
4.500932650418264558e+01
4.831577144001892776e+01
5.117502908389612770e+01
5.355496649876254622e+01
5.535125873213067393e+01
5.655931968663840337e+01
5.719147491397227867e+01
5.725693518848163421e+01
5.689204153143939635e+01
5.606873158016168190e+01
5.489934157242566215e+01
5.349501350728505145e+01
5.257983214898592905e+01
5.123628798575981591e+01
4.948821098991857070e+01
4.769311860161637640e+01
4.581801606789967707e+01
4.390690531391274476e+01
4.196687618893175653e+01
4.000410574281958986e+01
3.796005215554934864e+01
3.592270840881980121e+01
3.390435372179600648e+01
3.188885422514555401e+01
2.991002394259007957e+01
2.796234396799266619e+01
2.606056451270289642e+01
2.422520630101527672e+01
2.241930077044373348e+01
2.066029029297305897e+01
1.900563886357370080e+01
1.741747046358407758e+01
1.542091507350358270e+01
1.335756183747845149e+01
1.181978662515055234e+01
1.040660094372918643e+01
9.170798201641876091e+00
8.057835504739349730e+00
7.075179745949071730e+00
6.273847256339220912e+00
5.711525216965298135e+00
5.370757953480908675e+00
5.230280151049744752e+00
5.303149521668733435e+00
5.408695946780451180e+00
5.657825500232049443e+00
6.194311133130754321e+00
6.557861893759728389e+00
6.907971476223041307e+00
7.005579042198705864e+00
6.900494766759139864e+00
6.967220374028909369e+00
6.680449605102578126e+00
6.217352900159099249e+00
5.725480944735849675e+00
5.309275030280134366e+00
5.102501159211889181e+00
5.105757288525009763e+00
5.401384678944353368e+00
6.131432265472419374e+00
7.313208518937106106e+00
8.766534797530479040e+00
1.055890590677882734e+01
1.254226991176880013e+01
1.468915380440027718e+01
1.675698961854396885e+01
1.845650661196720677e+01
2.002935236943122277e+01
2.105712204290445300e+01
2.159913496448644210e+01
2.170886760730971332e+01
2.109278735838233843e+01
2.011920464386853880e+01
1.904693979518476610e+01
1.780372525581919874e+01
1.643690905077524889e+01
1.494116383660932357e+01
1.350973729336045182e+01
1.214269568340727545e+01
1.077842967503456961e+01
9.378833039934148630e+00
8.196998904538775221e+00
7.056562042656256750e+00
5.999136281391399983e+00
4.984601353789433809e+00
3.960629575841643657e+00
2.976421382791295756e+00
1.779206163955236342e+00
7.223216978232985808e-01
0.000000000000000000e+00
0.000000000000000000e+00
0.000000000000000000e+00
0.000000000000000000e+00
0.000000000000000000e+00
0.000000000000000000e+00
0.000000000000000000e+00
0.000000000000000000e+00
0.000000000000000000e+00
0.000000000000000000e+00
0.000000000000000000e+00
0.000000000000000000e+00
0.000000000000000000e+00
3.528995592457770392e-01
1.059147792803739607e+00
1.803774380598725635e+00
2.668904009251867215e+00
3.584120214147138661e+00
4.517763297103202902e+00
5.537316467450438040e+00
6.547900063858431707e+00
7.609080088583503709e+00
8.579834777864185469e+00
9.380809148725436586e+00
1.037617158504102122e+01
1.150927742375898433e+01
1.270680505716087438e+01
1.410694193785450423e+01
1.533780762960749655e+01
1.655771464574262097e+01
1.780504230946813848e+01
1.908139704477572351e+01
2.039536925595817252e+01
2.175400343143229520e+01
2.313280671025521684e+01
2.453969034889763634e+01
2.604048363617781803e+01
2.764263217244649340e+01
2.944377355751830194e+01
3.135866434034987549e+01
3.342703673189395630e+01
3.571048709730327886e+01
3.813142256459185120e+01
4.065735017070801405e+01
4.319696401570669764e+01
4.573206484965865570e+01
4.814828573156436420e+01
5.024104670312749477e+01
5.231368905496560728e+01
5.423094944356729741e+01
5.580631954410670659e+01
5.697087935650943535e+01
5.786772425027282196e+01
5.822685065962862438e+01
5.826625829953771074e+01
5.803159558417149810e+01
5.745308080995278033e+01
5.664107368041680957e+01
5.579410822094099842e+01
5.469838044560086843e+01
5.333655533469254806e+01
5.176722003802680661e+01
5.001809566116529027e+01
4.812172966729283985e+01
4.607160799323828826e+01
4.387667763044716907e+01
4.156143023277619619e+01
3.909133749822053261e+01
3.654261366221822271e+01
3.393717002568515539e+01
3.131901591245157945e+01
2.880614426151945651e+01
2.633133984967007635e+01
2.418555735932207895e+01
2.218057688991363463e+01
2.032943672559905224e+01
1.877020349893913931e+01
1.741079763506012412e+01
1.595553836968939976e+01
1.466034198791899534e+01
1.362358451269001058e+01
1.279553081303460260e+01
1.213263285157930937e+01
1.150802376538216976e+01
1.094590234349991142e+01
1.031779383404761319e+01
9.716798451294957673e+00
9.089428612537197694e+00
8.418836688862358031e+00
7.816416975485714680e+00
7.475041347502955347e+00
7.398768141723223835e+00
6.968682824347640192e+00
6.682365214917746599e+00
6.459910853857538271e+00
6.336111482940408379e+00
6.340924245332265841e+00
6.389136564816126906e+00
6.521266509622375196e+00
6.621189188947069759e+00
6.668035506022930825e+00
6.699857293330990338e+00
6.863136295423979405e+00
7.013612103771496464e+00
7.390857924562794778e+00
7.811251644514475068e+00
8.439539690994017462e+00
9.281794662181832578e+00
1.038440568312251244e+01
1.172580332399561343e+01
1.313801599655986152e+01
1.439616260038985729e+01
1.604776794748307722e+01
1.738754327343907491e+01
1.846337589386375200e+01
1.923080296256378574e+01
1.957205161483628331e+01
1.957232524682000019e+01
1.928716699668707335e+01
1.861117951255951652e+01
1.777919146665872674e+01
1.669278093483758951e+01
1.534921380439909377e+01
1.397226282038332457e+01
1.239275279917895745e+01
1.098442554832412021e+01
9.531608881344252993e+00
8.158287551625166500e+00
6.835770283788535906e+00
5.496485935546045809e+00
4.206975047741219775e+00
2.986188592719044355e+00
1.626998952624308714e+00
4.235409207582627733e-01
0.000000000000000000e+00
0.000000000000000000e+00
0.000000000000000000e+00
0.000000000000000000e+00
0.000000000000000000e+00
0.000000000000000000e+00
0.000000000000000000e+00
0.000000000000000000e+00
0.000000000000000000e+00
0.000000000000000000e+00
0.000000000000000000e+00
0.000000000000000000e+00
0.000000000000000000e+00
0.000000000000000000e+00
0.000000000000000000e+00
0.000000000000000000e+00
0.000000000000000000e+00
0.000000000000000000e+00
0.000000000000000000e+00
5.782506804315147297e-01
2.044318175129122839e+00
3.683387843650354210e+00
5.097085511594518614e+00
6.370158035220482518e+00
7.658088590347718494e+00
9.104710318719336115e+00
1.046690531772922839e+01
1.186566709190676505e+01
1.331091658275218315e+01
1.473138579899571710e+01
1.621716188117272850e+01
1.767799943773307447e+01
1.917240224754599609e+01
2.066012406737674212e+01
2.215769531995990604e+01
2.364657891986562888e+01
2.518999801920497816e+01
2.677829827881032188e+01
2.846960352396420291e+01
3.026414350862992464e+01
3.206887264784627689e+01
3.381490274265707541e+01
3.589706090638835434e+01
3.848974331782262226e+01
4.125929372785546434e+01
4.399222085218773515e+01
4.679277911318725103e+01
4.951279041808872705e+01
5.210468113329608286e+01
5.459446249413824148e+01
5.674294873001383621e+01
5.857437382337536746e+01
6.000277240954790159e+01
6.105789450292876808e+01
6.185436702947657039e+01
6.227110949224890390e+01
6.210466198729249498e+01
6.161498962883929664e+01
6.097758943172896551e+01
6.014646589635697183e+01
5.910641446678084776e+01
5.822976786667916826e+01
5.701269408644472492e+01
5.549579725454878343e+01
5.381555464562534752e+01
5.201407313637336216e+01
5.008694463876432934e+01
4.801906214116306160e+01
4.580899015273718078e+01
4.342267027722127892e+01
4.091487738321366407e+01
3.833919475318004544e+01
3.570686071956420449e+01
3.307266387889621484e+01
3.041628668792862555e+01
2.779977968660493914e+01
2.545813691382557309e+01
2.330911044536424370e+01
2.126644618317535418e+01
1.940676577289493210e+01
1.774496409684055820e+01
1.581962893977655682e+01
1.419223719231492709e+01
1.298595614026781675e+01
1.191004617408549215e+01
1.103608610430181436e+01
1.033041963394100904e+01
9.521518306118656128e+00
8.780259470459021998e+00
8.111497266054472632e+00
7.452572171923595334e+00
6.850598501512760841e+00
6.305338618722202249e+00
5.847350163759057473e+00
5.477307166108724701e+00
5.351629835833497495e+00
5.258321696609976392e+00
5.220902109002475200e+00
5.315634914577639591e+00
5.356281278782557109e+00
5.427045013648511329e+00
5.550350521012768823e+00
5.683999306687064212e+00
5.852659213780814440e+00
5.854893787740058642e+00
5.962103980607698084e+00
6.232889537152498605e+00
6.580800387687836484e+00
6.965465491494732042e+00
7.659837843119214895e+00
8.636033123968617886e+00
9.898674014417053968e+00
1.148353961410505342e+01
1.327880009460309374e+01
1.523498762768691961e+01
1.716227039088202133e+01
1.900049451401699940e+01
2.058477665986507077e+01
2.174304078782560268e+01
2.252452687123151165e+01
2.279403435907624953e+01
2.257570624732499098e+01
2.189132501985029577e+01
2.075485424832823256e+01
1.949056977282785397e+01
1.792723073995871630e+01
1.615840726572890773e+01
1.422516860931644977e+01
1.266975261261833019e+01
1.103066073668296632e+01
9.560901621372961401e+00
8.251962138956464798e+00
6.948708854240639887e+00
5.876409858873231862e+00
4.772296397122478773e+00
3.624328976857309481e+00
2.572442700852203501e+00
1.515080239887445890e+00
6.712247281609038385e-01
0.000000000000000000e+00
0.000000000000000000e+00
0.000000000000000000e+00
0.000000000000000000e+00
0.000000000000000000e+00
0.000000000000000000e+00
0.000000000000000000e+00
0.000000000000000000e+00
0.000000000000000000e+00
0.000000000000000000e+00
0.000000000000000000e+00
0.000000000000000000e+00
0.000000000000000000e+00
0.000000000000000000e+00
0.000000000000000000e+00
0.000000000000000000e+00
0.000000000000000000e+00
9.985002455519244036e-01
1.811838629207723983e+00
2.622804012241798155e+00
3.519449987372530675e+00
4.483889332086739010e+00
5.410480175393041158e+00
6.378403635345972766e+00
7.309933822756599753e+00
8.224583615705151729e+00
9.200168237063907739e+00
1.027736069624291737e+01
1.137367427575525802e+01
1.246600270649527964e+01
1.356556202631133523e+01
1.478768504993912281e+01
1.600475323431752628e+01
1.734176669112515512e+01
1.871186009729536437e+01
2.016262732887063791e+01
2.164640268926950739e+01
2.282197197320148163e+01
2.451320686557266271e+01
2.630271048361553454e+01
2.818612073800839113e+01
3.018687138544239090e+01
3.245989783378124827e+01
3.493374169750063629e+01
3.759823084737895016e+01
4.040730718149734457e+01
4.336750451146048135e+01
4.642201144688816328e+01
4.939357104026471745e+01
5.216049721443366138e+01
5.484388926050655755e+01
5.727474391057346992e+01
5.921612655858091756e+01
6.071359946694928311e+01
6.162287077735945928e+01
6.204057371915194352e+01
6.190614201057831423e+01
6.128061573153924257e+01
6.023740601999875821e+01
5.883310588776831906e+01
5.733979132361031361e+01
5.548062696398746141e+01
5.358259072769925524e+01
5.163193910777467011e+01
4.968288522727380041e+01
4.786166499629324989e+01
4.613917824991844441e+01
4.417796934820341903e+01
4.223512737484841750e+01
4.027070270674465036e+01
3.821643756503389255e+01
3.608355316094704079e+01
3.397904412061419066e+01
3.178807195511119232e+01
2.971567159324213847e+01
2.763833917436983967e+01
2.566739277806452790e+01
2.378447024212747962e+01
2.200159367086018491e+01
2.033941320734745517e+01
1.862651345289876659e+01
1.721876716775345173e+01
1.587995651575622347e+01
1.464648283844279142e+01
1.352361525158816136e+01
1.231796781441508415e+01
1.087718307309711108e+01
1.001407651756945150e+01
9.196391046969985439e+00
8.473101386412729141e+00
7.843438488683024623e+00
7.442141773240637193e+00
7.139591477755551807e+00
6.757419266660325441e+00
6.530440206989091223e+00
6.360927842677323696e+00
6.164890791483722765e+00
6.117391527349880676e+00
6.025968893105823732e+00
6.032813094296816558e+00
5.956910012165097079e+00
6.314653200367857266e+00
6.255544044189800701e+00
6.182799953139652693e+00
6.003024583383677282e+00
5.811560321726054745e+00
5.706803316903919843e+00
5.726925682602270307e+00
5.903249082294273364e+00
6.289445606446218306e+00
7.027243804732198562e+00
8.041112341823032139e+00
9.536562465489348384e+00
1.134087828661334107e+01
1.344527744967539640e+01
1.566498392329142852e+01
1.797200452843554430e+01
2.013308784939549767e+01
2.215686704191018919e+01
2.376546763286973629e+01
2.479596788689747200e+01
2.501944814713304766e+01
2.487402904393750802e+01
2.429849157357519474e+01
2.341704302292203010e+01
2.226456749639244492e+01
2.091340140129756264e+01
1.942706662446768817e+01
1.797750388288769230e+01
1.665048388701900350e+01
1.529723043379818925e+01
1.411290190591511795e+01
1.283421180001582229e+01
1.181701334415750715e+01
1.081315765649923577e+01
9.930505921781252354e+00
9.096904532031890867e+00
8.273510863524107251e+00
7.460891639862286873e+00
6.510651903718806643e+00
5.829891316800848600e+00
5.245373514584508179e+00
4.743160120220259124e+00
4.330109240378628321e+00
