8.861962278099621670e+00
3.499462927374231480e+00
3.556202722356622825e+00
3.463169237705528314e+00
3.511932505633517554e+00
3.169255916441197307e+00
3.195445467866931288e+00
2.653816153783770559e+00
2.649814365598925026e+00
1.977963767266770478e+00
1.943617958786490352e+00
1.212238717847632152e+00
1.152876573914553004e+00
4.239541991752148187e-01
3.470416172874141170e-01
0.000000000000000000e+00
0.000000000000000000e+00
0.000000000000000000e+00
0.000000000000000000e+00
0.000000000000000000e+00
0.000000000000000000e+00
0.000000000000000000e+00
0.000000000000000000e+00
0.000000000000000000e+00
0.000000000000000000e+00
0.000000000000000000e+00
0.000000000000000000e+00
0.000000000000000000e+00
0.000000000000000000e+00
0.000000000000000000e+00
0.000000000000000000e+00
0.000000000000000000e+00
0.000000000000000000e+00
0.000000000000000000e+00
0.000000000000000000e+00
0.000000000000000000e+00
0.000000000000000000e+00
6.756599148660937804e-01
6.773669455948569951e-01
1.790380213718145264e+00
1.804136579065038770e+00
2.898274045243910635e+00
2.911559716097100736e+00
3.826956208323321285e+00
3.827506427719821858e+00
4.302244680136309896e+00
4.279471466882393216e+00
4.070009718946373312e+00
4.022103030298306514e+00
3.223427233023022698e+00
3.159017880177537041e+00
2.072145656275693693e+00
2.000161524043614580e+00
8.729010287090891440e-01
8.007810920994734571e-01
0.000000000000000000e+00
0.000000000000000000e+00
0.000000000000000000e+00
0.000000000000000000e+00
0.000000000000000000e+00
0.000000000000000000e+00
0.000000000000000000e+00
0.000000000000000000e+00
1.841473562980683987e+00
1.992260720079646052e+00
9.497115264715093375e+00
9.771125645067078480e+00
1.457703154058684270e+01
1.483212521677421947e+01
1.914426372063514137e+01
1.943938058491058030e+01
2.363074872487164768e+01
2.398470930084724273e+01
2.804461522892687952e+01
2.847442152562132023e+01
3.230836881420522388e+01
3.283114810700439534e+01
3.631120482164445917e+01
3.694069858881328372e+01
3.992493612807238179e+01
4.066563893770229754e+01
4.301201646662106981e+01
4.385294437840724413e+01
4.543120485302458889e+01
4.634166227153576045e+01
4.704475448560510387e+01
4.797442241004029739e+01
4.772468275195826237e+01
4.860957859107631407e+01
4.735951516063213518e+01
4.813302284146228516e+01
4.585628404809720848e+01
4.646105579527466034e+01
4.311952308053785288e+01
4.351387489035906952e+01
3.896636951533542259e+01
3.911775079284839762e+01
3.271544446053920296e+01
3.254476725403878845e+01
1.787014745245581793e+01
1.746826311339804505e+01
1.075742648366304088e+01
1.040962262124697801e+01
5.966725651215640802e+00
5.554211435767435923e+00
2.300015894558198326e+00
1.824534421038666920e+00
0.000000000000000000e+00
0.000000000000000000e+00
0.000000000000000000e+00
0.000000000000000000e+00
0.000000000000000000e+00
0.000000000000000000e+00
0.000000000000000000e+00
0.000000000000000000e+00
0.000000000000000000e+00
0.000000000000000000e+00
0.000000000000000000e+00
0.000000000000000000e+00
0.000000000000000000e+00
0.000000000000000000e+00
0.000000000000000000e+00
0.000000000000000000e+00
1.272872820533648586e+00
1.226179785051688675e+00
3.191267615224954390e+00
3.195271867937314880e+00
5.149156221936778799e+00
5.182628648219016476e+00
7.090548430010752412e+00
7.129663051401843532e+00
9.015285161567661021e+00
9.042931437694434749e+00
1.105600187458551176e+01
1.108087228790661527e+01
1.442185348499010544e+01
1.521153454937022254e+01
1.807508741249489148e+01
1.805316621451472514e+01
1.957895889538985656e+01
1.954674355827253152e+01
2.074860372420555876e+01
2.074965295293345235e+01
2.178276947670612884e+01
2.182722949955567415e+01
2.271313036054841916e+01
2.278504029960150845e+01
2.348779230835978282e+01
2.355615707277533843e+01
2.401817072057149360e+01
2.405374991793983241e+01
2.422431102159183425e+01
2.421406822651540125e+01
2.406552784967929526e+01
2.401721347600891932e+01
2.354830928585959526e+01
2.348305713938436767e+01
2.270852446797394464e+01
2.264650838997589588e+01
2.158222871092791095e+01
2.152931467911674090e+01
2.017770036844045833e+01
2.012003094941061931e+01
1.844705836233137575e+01
1.835523609316345528e+01
1.614146816294375952e+01
1.595029365637364904e+01
1.215215204100904067e+01
1.204597644085542996e+01
1.105406170517225029e+01
1.105066188863549570e+01
1.106086696640354283e+01
1.120418795123937983e+01
1.234254706228870191e+01
1.275701169029895077e+01
1.698973110821027888e+01
1.765530738281970358e+01
2.034027030511290590e+01
2.108853815500170015e+01
2.348341007072775710e+01
2.429917349267277871e+01
2.639595453049331653e+01
2.716674660901818328e+01
2.879155097220782267e+01
2.938306299392883858e+01
3.035121126955511528e+01
3.065284741246173894e+01
3.082756423799679268e+01
3.078213573381794532e+01
3.009174709585258611e+01
2.970277560859968347e+01
2.812108369934297869e+01
2.743881725955802864e+01
2.489607786384230081e+01
2.398027454439899486e+01
1.971650276213225439e+01
1.824527614438308376e+01
1.169644037818288673e+01
1.074794319484697880e+01
7.612304984445523282e+00
6.877560445728223115e+00
4.552661799140505394e+00
4.007414917837255786e+00
2.315702145683682822e+00
1.936629619266804658e+00
7.934460645910196286e-01
5.434638593288450004e-01
0.000000000000000000e+00
0.000000000000000000e+00
0.000000000000000000e+00
0.000000000000000000e+00
0.000000000000000000e+00
0.000000000000000000e+00
0.000000000000000000e+00
0.000000000000000000e+00
2.418850981655840116e-02
0.000000000000000000e+00
6.037063734614238619e-01
5.661172586705169874e-01
1.273573544977093963e+00
1.253968097652545577e+00
1.967104234873256363e+00
1.960455809323120135e+00
2.611921908210693921e+00
2.608674580699732459e+00
3.136084633443881664e+00
3.125481985275039509e+00
3.481306274164483128e+00
3.455212154363029420e+00
3.616638774435094295e+00
3.571796659463303936e+00
3.545289082654928592e+00
3.482498281229004178e+00
3.295633939353267650e+00
3.217679864321476568e+00
2.910160902753527790e+00
2.819017951791411569e+00
2.429417183846617867e+00
2.325257052246098244e+00
1.885614848536762311e+00
1.767552099961211098e+00
1.302783358142338699e+00
1.170555110031999302e+00
7.002256665469935859e-01
5.560007146889571761e-01
9.817041262392467438e-02
0.000000000000000000e+00
0.000000000000000000e+00
0.000000000000000000e+00
0.000000000000000000e+00
0.000000000000000000e+00
0.000000000000000000e+00
0.000000000000000000e+00
0.000000000000000000e+00
0.000000000000000000e+00
0.000000000000000000e+00
0.000000000000000000e+00
0.000000000000000000e+00
0.000000000000000000e+00
0.000000000000000000e+00
0.000000000000000000e+00
0.000000000000000000e+00
0.000000000000000000e+00
0.000000000000000000e+00
0.000000000000000000e+00
0.000000000000000000e+00
0.000000000000000000e+00
0.000000000000000000e+00
0.000000000000000000e+00
0.000000000000000000e+00
0.000000000000000000e+00
0.000000000000000000e+00
0.000000000000000000e+00
0.000000000000000000e+00
0.000000000000000000e+00
9.837040069140945420e-02
1.671039281250223940e-01
8.733814825911259128e-01
9.501682445747692274e-01
1.645606853022036908e+00
1.712234556830276588e+00
2.306077347354086093e+00
2.338394188316490485e+00
2.708852417507307209e+00
2.681560224898243305e+00
2.710594311626744357e+00
2.609386778901318760e+00
2.259269703672576846e+00
2.091989927402278404e+00
1.438978687541817791e+00
1.230021707535289277e+00
4.130855685385586007e-01
1.916424945291423931e-01
0.000000000000000000e+00
0.000000000000000000e+00
0.000000000000000000e+00
0.000000000000000000e+00
0.000000000000000000e+00
0.000000000000000000e+00
0.000000000000000000e+00
0.000000000000000000e+00
0.000000000000000000e+00
0.000000000000000000e+00
1.702921651827200566e+00
2.648058699031281549e+00
9.952831655985432846e+00
1.096245060525676074e+01
1.495070662758095104e+01
1.585693446357759839e+01
1.961193818806531297e+01
2.053302902622522197e+01
2.421323033520685541e+01
2.515991822223277197e+01
2.872255336358863076e+01
2.968445132028416822e+01
3.302730256234906392e+01
3.398732140606855978e+01
3.698428897166928664e+01
3.792239830788393107e+01
4.044039841042932437e+01
4.133350764227461127e+01
4.324542109494683473e+01
4.406590410868265195e+01
4.526274343724305993e+01
4.597737961114629712e+01
4.637662288716333592e+01
4.694823404174908887e+01
4.649944686980819597e+01
4.689121550845266739e+01
4.557451345234416351e+01
4.575516987828271454e+01
4.356750883385009843e+01
4.351367119319676391e+01
4.043312457180424246e+01
4.012144404310320311e+01
3.600403354012676971e+01
3.537165123082414908e+01
2.942008764078501315e+01
2.802546746013963741e+01
1.506510873301075648e+01
1.398704210922674562e+01
9.156656869305866309e+00
8.498895199929076938e+00
5.241545121440398525e+00
4.701865389363270253e+00
2.357958198731214594e+00
1.853316763677113066e+00
2.065334399667069221e-01
0.000000000000000000e+00
0.000000000000000000e+00
0.000000000000000000e+00
0.000000000000000000e+00
0.000000000000000000e+00
0.000000000000000000e+00
0.000000000000000000e+00
0.000000000000000000e+00
0.000000000000000000e+00
0.000000000000000000e+00
0.000000000000000000e+00
0.000000000000000000e+00
0.000000000000000000e+00
4.831712927910034594e-01
6.174423705787441818e-01
2.045184366048951041e+00
2.220600589596812391e+00
3.614003269063507773e+00
3.784616041291238631e+00
5.073637864633723460e+00
5.211727023451232732e+00
6.376799507877024986e+00
6.476887616200547981e+00
7.550476198755551316e+00
7.626986520635753664e+00
8.695852605197341489e+00
8.781651903753829203e+00
1.001731059941677060e+01
1.018321112937984907e+01
1.228281984076389577e+01
1.373645082855542654e+01
1.594181362225548071e+01
1.613690948942194581e+01
1.733654318046754383e+01
1.745957307114000656e+01
1.837207196735640480e+01
1.847707949019157070e+01
1.918885790668190694e+01
1.928859694580139461e+01
1.980572337459888743e+01
1.990075393358869249e+01
2.020639935309834456e+01
2.029331053297732623e+01
2.036678924534231783e+01
2.043942590032432349e+01
2.026115596660661211e+01
2.030820206222307078e+01
1.986050794006581910e+01
1.986310133028888814e+01
1.913027991162955388e+01
1.906410001697683398e+01
1.803168635051669355e+01
1.787506921127744164e+01
1.650242217459216221e+01
1.623749918731566666e+01
1.351814571403253140e+01
1.332318189709647349e+01
1.267211343327427109e+01
1.281624108168810494e+01
1.356578091562124477e+01
1.501039513657532609e+01
1.701970014637659645e+01
1.768433802233461805e+01
1.954025888181281800e+01
2.029852511087045031e+01
2.225373053535004075e+01
2.314989227664071336e+01
2.513616705838460774e+01
2.613308156469780030e+01
2.800579000321518564e+01
2.900115918419431438e+01
3.056405834683917533e+01
3.140688737826764054e+01
3.243962862529188840e+01
3.296361493014109811e+01
3.326352750274077152e+01
3.333203500316292889e+01
3.275728366091721000e+01
3.230380830789454905e+01
3.079007137947197847e+01
2.983314833783371256e+01
2.734182509647813220e+01
2.593914457131310058e+01
2.201123387274094512e+01
1.964752610592065096e+01
1.287316355296015047e+01
1.136529510752569472e+01
8.354027714240753966e+00
7.316763338295450225e+00
5.201542480870477547e+00
4.526404570460310417e+00
3.090157773949168352e+00
2.692986660985342784e+00
1.795030538025382594e+00
1.572547953571084900e+00
1.079395012414418265e+00
9.331784072774271799e-01
7.300100447148274441e-01
5.926107149560362330e-01
5.987410806500181870e-01
4.458876211633056030e-01
6.167207080832488586e-01
4.617917357396341682e-01
7.765154239122760149e-01
6.518712019167107741e-01
1.093392003301177695e+00
1.028611239576154190e+00
1.566468793067900211e+00
1.572261856915889489e+00
2.154167135031341829e+00
2.217207885691787617e+00
2.773221751516757649e+00
2.861786824875253821e+00
3.319439287744321732e+00
3.395419867654752455e+00
3.698142380053149658e+00
3.730603328315441392e+00
3.854111551136784719e+00
3.827407051616965816e+00
3.781344568024371355e+00
3.696023716943444004e+00
3.513631187958941471e+00
3.382320117723487840e+00
3.107277834712282250e+00
2.946935836124349617e+00
2.617721757756906520e+00
2.445091103115820896e+00
2.091906026733811874e+00
1.919109250223573593e+00
1.559733100881934842e+00
1.393282253430218276e+00
1.036193728956963378e+00
8.769365005328624285e-01
5.236450713708907800e-01
3.687081215223206865e-01
1.865339676521426959e-02
0.000000000000000000e+00
0.000000000000000000e+00
0.000000000000000000e+00
0.000000000000000000e+00
0.000000000000000000e+00
0.000000000000000000e+00
0.000000000000000000e+00
0.000000000000000000e+00
0.000000000000000000e+00
0.000000000000000000e+00
0.000000000000000000e+00
0.000000000000000000e+00
0.000000000000000000e+00
0.000000000000000000e+00
0.000000000000000000e+00
0.000000000000000000e+00
0.000000000000000000e+00
0.000000000000000000e+00
0.000000000000000000e+00
0.000000000000000000e+00
0.000000000000000000e+00
0.000000000000000000e+00
0.000000000000000000e+00
0.000000000000000000e+00
0.000000000000000000e+00
0.000000000000000000e+00
0.000000000000000000e+00
0.000000000000000000e+00
3.161723386141157555e-02
7.353264620852946187e-01
9.448353823756439063e-01
1.678411771594474855e+00
1.883920070146970493e+00
2.578068476109677043e+00
2.743930028091231321e+00
3.280483487723345526e+00
3.352367397069624833e+00
3.575081529818517456e+00
3.504572399916024761e+00
3.325076187388825488e+00
3.121925149335472049e+00
2.621134172445974020e+00
2.343898088277486025e+00
1.684762251277139855e+00
1.395950376461115638e+00
7.364222482535558445e-01
4.976004479602449404e-01
0.000000000000000000e+00
0.000000000000000000e+00
0.000000000000000000e+00
0.000000000000000000e+00
1.385280252234275533e-01
5.626125565985709009e-01
1.937839861249865736e+00
3.146574998857118999e+00
8.779582504730074177e+00
1.039069055460866053e+01
1.344817073594887979e+01
1.480826635517597900e+01
1.775724176679772981e+01
1.911093760527558061e+01
2.209126184634779477e+01
2.346282227168491374e+01
2.644769848516936861e+01
2.782562477569192083e+01
3.074119158742925606e+01
3.210060761540326268e+01
3.484977320016379565e+01
3.615713113759542097e+01
3.862823247274155847e+01
3.984320624037363245e+01
4.191897523066393916e+01
4.299557656887076718e+01
4.456210865298109525e+01
4.545097873010661260e+01
4.640798436446210218e+01
4.705979776756468169e+01
4.732911087287975249e+01
4.769886437903102916e+01
4.722870464145206881e+01
4.727882960253885614e+01
4.603834963355404852e+01
4.573740067037372370e+01
4.369489204785563885e+01
4.300494708425143386e+01
4.006894602817023099e+01
3.890479334954570589e+01
3.471812218200044953e+01
3.275023946569067590e+01
2.178389155837295021e+01
1.791994395050773292e+01
1.232229457477505719e+01
1.058260580863258227e+01
6.916617519193671626e+00
5.538389937712611122e+00
2.722647093534390272e+00
1.555442309665763467e+00
0.000000000000000000e+00
0.000000000000000000e+00
0.000000000000000000e+00
0.000000000000000000e+00
0.000000000000000000e+00
0.000000000000000000e+00
0.000000000000000000e+00
0.000000000000000000e+00
0.000000000000000000e+00
0.000000000000000000e+00
0.000000000000000000e+00
0.000000000000000000e+00
0.000000000000000000e+00
0.000000000000000000e+00
0.000000000000000000e+00
0.000000000000000000e+00
0.000000000000000000e+00
8.487268958715521450e-02
1.355253274210530989e+00
1.663702789862679943e+00
2.930362802735476890e+00
3.244018458184109832e+00
4.545513061653306153e+00
4.924269155679516174e+00
6.340172167580505835e+00
6.853577487140785074e+00
8.545701042162034966e+00
9.323110346356097367e+00
1.310926116459527613e+01
1.472541651820078279e+01
1.666674056857679176e+01
1.727082735589241835e+01
1.844551981393204443e+01
1.883868425521446710e+01
1.967274818743816311e+01
1.991762858424547034e+01
2.051591274789090491e+01
2.065219720946707582e+01
2.107635804119830780e+01
2.115051148985307350e+01
2.144946278342435164e+01
2.150639721590505715e+01
2.171230502916997906e+01
2.178154321231083301e+01
2.190324706378535424e+01
2.198977610838414876e+01
2.201109746595902195e+01
2.209677327073706721e+01
2.198536522421501971e+01
2.203723049700689529e+01
2.175593507244562375e+01
2.173920355974795982e+01
2.126043918806227140e+01
2.114905874832689392e+01
2.046354955139315024e+01
2.025047121795768490e+01
1.937797713586986603e+01
1.908657242234628981e+01
1.808927513600232473e+01
1.780380980694886262e+01
1.686372523346394914e+01
1.688855183911371682e+01
1.689706952220587510e+01
1.746729890693846698e+01
1.831179629811934007e+01
1.897661950333186454e+01
2.009543485129449181e+01
2.082111004713317115e+01
2.207517825866770877e+01
2.285653294062638707e+01
2.416228380923743657e+01
2.497335819430292503e+01
2.623864631134688707e+01
2.702387932552851524e+01
2.813532023206901300e+01
2.880878255623675699e+01
2.963298857687425780e+01
3.008826317035365250e+01
3.048659197139102162e+01
3.061533768195384653e+01
3.046396391307084173e+01
3.017869946683066829e+01
2.938411361934684862e+01
2.863102655456806644e+01
2.711426176976975455e+01
2.584916749366832889e+01
2.338569782479863335e+01
2.128033532833290309e+01
1.543030523340555149e+01
1.341275432873937490e+01
1.075636642773449303e+01
9.249398969416141369e+00
7.204781433768812526e+00
6.012755716743054535e+00
4.443847484286122196e+00
3.558529244026741978e+00
2.438219828770059827e+00
1.848828783804247422e+00
1.143158116576931782e+00
8.157438023637644253e-01
4.690125586600171204e-01
3.500822439814750275e-01
2.897787550965759129e-01
3.176183954602757042e-01
4.658895892104482073e-01
5.812275246729966538e-01
8.637842325336996252e-01
1.018256770805959555e+00
1.371622409337614368e+00
1.531193199267533167e+00
1.904871335332057214e+00
2.048602442776759958e+00
2.403288606445965314e+00
2.520319272178632275e+00
2.826593279319911556e+00
2.912087574055667982e+00
3.148949387841470937e+00
3.200294616954121540e+00
3.353729388494415709e+00
3.369223579240439914e+00
3.433339064546085950e+00
3.410315187708691909e+00
3.384866720063795853e+00
3.319271031951502415e+00
3.207720852257722299e+00
3.095760483162014243e+00
2.905324961108732396e+00
2.745194086281385282e+00
2.485940262579858118e+00
2.281847191257095897e+00
1.969698940385314234e+00
1.731565691868445001e+00
1.385544784439217691e+00
1.128288867553450814e+00
7.697992305006045033e-01
5.095825045249491314e-01
1.586549505371440683e-01
0.000000000000000000e+00
0.000000000000000000e+00
0.000000000000000000e+00
0.000000000000000000e+00
0.000000000000000000e+00
0.000000000000000000e+00
0.000000000000000000e+00
0.000000000000000000e+00
0.000000000000000000e+00
0.000000000000000000e+00
0.000000000000000000e+00
0.000000000000000000e+00
0.000000000000000000e+00
0.000000000000000000e+00
0.000000000000000000e+00
0.000000000000000000e+00
0.000000000000000000e+00
0.000000000000000000e+00
0.000000000000000000e+00
0.000000000000000000e+00
0.000000000000000000e+00
0.000000000000000000e+00
0.000000000000000000e+00
1.446063416941052449e-01
4.935074692798251395e-01
1.112283551024089823e+00
1.517724504833411148e+00
2.231993790646427556e+00
2.674696588429031685e+00
3.461731962369551496e+00
3.909555692075711519e+00
4.733161320049137366e+00
5.132701749614242637e+00
5.931661945649779000e+00
6.152388808872374604e+00
6.652476210533809997e+00
6.261610669146328689e+00
5.817042540006249318e+00
5.156311925751109193e+00
4.365025548859728488e+00
3.677826313585293327e+00
2.784663590831742752e+00
2.130981595874106738e+00
1.245784905555419542e+00
6.772290286161529727e-01
0.000000000000000000e+00
0.000000000000000000e+00
0.000000000000000000e+00
0.000000000000000000e+00
0.000000000000000000e+00
0.000000000000000000e+00
0.000000000000000000e+00
0.000000000000000000e+00
0.000000000000000000e+00
6.716869190617180685e-01
2.632343939280529010e+00
7.192645995655312596e+00
1.116988117968836747e+01
1.341137512155734157e+01
1.610616988178357190e+01
1.805860296295533018e+01
2.063611548327662959e+01
2.251220813276308164e+01
2.505052863307217947e+01
2.687410172377774131e+01
2.934736428597014779e+01
3.109416413558589909e+01
3.343624413027590236e+01
3.505754412242043827e+01
3.717882523720427912e+01
3.861053688138692053e+01
4.040844264513162898e+01
4.157978992496735060e+01
4.295146787642612196e+01
4.379448728250174838e+01
4.465024097554923088e+01
4.511056473506379660e+01
4.538691614613149738e+01
4.543113484967137339e+01
4.509599303710784568e+01
4.471349459733637843e+01
4.376127190727360272e+01
4.295403486959227735e+01
4.138197818408916362e+01
4.013960237799886244e+01
3.789518572251320450e+01
3.613467778221128412e+01
3.294550118595035570e+01
3.021982174026281598e+01
2.132340357645293238e+01
1.672398151757534279e+01
1.278575411806910722e+01
1.075917738469659568e+01
8.163039856783765202e+00
6.654099231534830849e+00
4.644935930160407622e+00
3.421979759475227922e+00
1.830944499749629806e+00
8.436129389903079812e-01
0.000000000000000000e+00
0.000000000000000000e+00
0.000000000000000000e+00
0.000000000000000000e+00
0.000000000000000000e+00
0.000000000000000000e+00
0.000000000000000000e+00
0.000000000000000000e+00
0.000000000000000000e+00
0.000000000000000000e+00
0.000000000000000000e+00
0.000000000000000000e+00
5.167380699902830443e-01
1.241807247889837207e+00
2.247815031281496623e+00
2.952453773669319936e+00
3.903696990624362151e+00
4.502234549813375786e+00
5.322351639801760292e+00
5.779621001080871068e+00
6.457756768630243727e+00
6.801471597125151369e+00
7.399861458689791505e+00
7.721500305485995419e+00
8.380329952469249832e+00
8.845074308809461883e+00
9.862366680169495581e+00
1.098549327769361028e+01
1.433352015395535872e+01
1.531945926971370042e+01
1.637342583044368993e+01
1.702543057315267916e+01
1.786644810657249138e+01
1.844191150214298247e+01
1.918666563093869470e+01
1.969848125199800037e+01
2.033727753508008362e+01
2.075328212724929955e+01
2.124841812606706526e+01
2.153244671094397589e+01
2.184909350861249777e+01
2.197868599218022112e+01
2.209794235407749952e+01
2.206868502324623904e+01
2.198861778041595372e+01
2.181113764070753192e+01
2.154264266240799586e+01
2.123687515728476072e+01
2.079925727679842495e+01
2.039185258720283400e+01
1.981395310104072394e+01
1.934377944372014824e+01
1.867627295587668357e+01
1.820994255508012927e+01
1.755265764028347064e+01
1.721648795967791301e+01
1.676367937767757965e+01
1.673928876169213709e+01
1.671705218854618380e+01
1.708475855704497448e+01
1.752840955751905483e+01
1.821216685620974474e+01
1.903543477095558956e+01
1.998114331328276805e+01
2.113291081051389853e+01
2.232958421435708729e+01
2.377257594225901727e+01
2.518820218104396602e+01
2.683863614473744619e+01
2.837158219054764174e+01
3.006396272731975472e+01
3.152393727409607749e+01
3.301011758738220436e+01
3.413784302591378861e+01
3.512539120252340297e+01
3.564739481686336120e+01
3.586574874426783310e+01
3.556377381906005297e+01
3.482766476957677781e+01
3.358761774569750713e+01
3.180709852593625442e+01
2.956625645877728203e+01
2.645903735695689818e+01
2.076398556983415133e+01
1.672295000548299981e+01
1.392325580165535115e+01
1.127122030432684241e+01
9.226140288173972692e+00
7.284545406838351056e+00
5.904695300513136402e+00
4.640716946476924676e+00
3.879374501097527350e+00
3.215489683120584363e+00
2.954435048703663025e+00
2.749553595815101392e+00
2.827466468145424905e+00
2.921546670002307167e+00
3.185261262267402582e+00
3.446580421467656308e+00
3.789550416008013123e+00
4.139631050873389562e+00
4.512941231637302764e+00
4.922402583129640519e+00
5.317079468602533332e+00
5.778241838925697316e+00
6.192477889987101136e+00
6.686120838108992714e+00
7.095590585294374364e+00
7.569197287112102046e+00
7.915552636825160526e+00
8.284754694872837888e+00
8.486159419966739392e+00
8.657448877901988027e+00
8.637945897669665030e+00
8.544043421480441936e+00
8.266251726239000064e+00
7.895628946964015960e+00
7.380302381744607843e+00
6.785838036743967905e+00
6.110235678556453998e+00
5.394059632624612632e+00
4.667903315203313142e+00
3.948106986646955807e+00
3.277323277520700628e+00
2.651004782658456627e+00
2.108605286532520218e+00
1.629450442118621556e+00
1.240891757190941469e+00
9.137292550185135420e-01
6.611473876298448182e-01
4.534163562174731155e-01
2.930634248716710299e-01
1.553581203957783430e-01
3.705268890247648272e-02
0.000000000000000000e+00
0.000000000000000000e+00
0.000000000000000000e+00
0.000000000000000000e+00
0.000000000000000000e+00
0.000000000000000000e+00
0.000000000000000000e+00
0.000000000000000000e+00
0.000000000000000000e+00
0.000000000000000000e+00
0.000000000000000000e+00
0.000000000000000000e+00
0.000000000000000000e+00
0.000000000000000000e+00
0.000000000000000000e+00
0.000000000000000000e+00
0.000000000000000000e+00
0.000000000000000000e+00
0.000000000000000000e+00
0.000000000000000000e+00
0.000000000000000000e+00
0.000000000000000000e+00
0.000000000000000000e+00
0.000000000000000000e+00
0.000000000000000000e+00
2.854526950104712135e-01
5.995638026794132269e-01
8.993916664601993016e-01
1.206622600441579429e+00
1.450701822563266186e+00
1.701208492301128139e+00
1.829883276036216699e+00
1.961915689377023320e+00
1.917017487974426171e+00
1.876488704795532092e+00
1.631666137984195686e+00
1.401647313253326033e+00
9.820635678087950016e-01
5.913770265295312800e-01
5.922581225535195060e-02
0.000000000000000000e+00
0.000000000000000000e+00
0.000000000000000000e+00
0.000000000000000000e+00
0.000000000000000000e+00
0.000000000000000000e+00
0.000000000000000000e+00
0.000000000000000000e+00
0.000000000000000000e+00
0.000000000000000000e+00
0.000000000000000000e+00
0.000000000000000000e+00
0.000000000000000000e+00
5.241608858552423422e-01
2.830799969924493453e+00
9.445506143350383965e+00
1.222123834385315533e+01
1.518092245767236115e+01
1.749107442424458370e+01
2.015226848470903676e+01
2.240257392997521535e+01
2.493488973344106796e+01
2.715509729411288475e+01
2.954875999006291210e+01
3.169858389808548083e+01
3.389244390003755569e+01
3.590188728643212812e+01
3.781245946460862939e+01
3.959502477801695619e+01
4.113296596759102641e+01
4.259707743793992307e+01
4.367965760163468758e+01
4.473934002606944205e+01
4.530108315708090316e+01
4.588600561689641921e+01
4.588494019723457740e+01
4.594682311817308573e+01
4.536501744073037656e+01
4.487847120290731340e+01
4.371603484364257497e+01
4.267153738143731800e+01
4.093018916085027570e+01
3.931148436460571816e+01
3.695245214919019361e+01
3.466582347521585916e+01
3.144535016761319213e+01
2.790236218275928692e+01
1.874896668727756932e+01
1.357647305641091329e+01
1.018792566183479842e+01
7.834224661972099213e+00
5.804760258164711750e+00
4.220669404454637785e+00
2.891993779983765833e+00
1.790044049842983931e+00
9.544318627976329239e-01
2.104632591873416558e-01
0.000000000000000000e+00
0.000000000000000000e+00
0.000000000000000000e+00
0.000000000000000000e+00
0.000000000000000000e+00
0.000000000000000000e+00
0.000000000000000000e+00
0.000000000000000000e+00
0.000000000000000000e+00
5.791816425937845736e-03
4.595365883240933869e-01
7.512812548700162907e-01
1.219849599631782411e+00
1.535181126613889724e+00
1.995062143203147009e+00
2.322544240463118470e+00
2.779584881785499562e+00
3.130853069033430636e+00
3.616660546139133903e+00
4.020544296079355817e+00
4.584579426195729113e+00
5.080255543487407266e+00
5.783829329411340758e+00
6.419675337902827295e+00
7.343618014955357154e+00
8.198631871530539073e+00
9.520711394756959933e+00
1.090189654057202873e+01
1.476960021753147956e+01
1.638691390596324382e+01
1.790778925637379615e+01
1.891243814095085085e+01
2.002201034293697646e+01
2.080489459312601142e+01
2.165860720485474999e+01
2.226825689766926075e+01
2.289220876345481770e+01
2.333828438893400659e+01
2.373836043360530823e+01
2.402590225160408366e+01
2.420931528368731023e+01
2.434729351088389393e+01
2.432861465685585856e+01
2.433083825536262523e+01
2.413099320482144705e+01
2.401244229267105368e+01
2.365345321432938874e+01
2.342466113384248416e+01
2.292650630566215852e+01
2.259169232691981222e+01
2.197138071310437724e+01
2.152967415031046272e+01
2.080529817784714908e+01
2.025540501863755338e+01
1.945427443890971375e+01
1.879853586383883268e+01
1.796276687939962358e+01
1.718604931310087736e+01
1.632935530098556853e+01
1.470293917837319952e+01
1.469322084477418144e+01
1.475159817224581893e+01
1.671630722049350126e+01
1.767486066465588479e+01
1.919366009504637560e+01
2.018579705952457459e+01
2.159777388798937281e+01
2.265224460589503863e+01
2.399093559914171792e+01
2.505814772122308653e+01
2.627778827410618234e+01
2.729967826022624422e+01
2.833855679088670954e+01
2.925053195662908223e+01
3.004042482329956698e+01
3.077114987734894669e+01
3.123761873150312596e+01
3.170801881689924429e+01
3.177090518298576072e+01
3.189589819179293073e+01
3.146467560067971547e+01
3.114810699580159081e+01
3.009251259054818917e+01
2.917496243576222525e+01
2.703733854898905875e+01
2.331140071906610700e+01
2.028768242796122934e+01
1.862966431256808875e+01
1.667878124478849955e+01
1.520097169743582910e+01
1.350339141224121775e+01
1.210847322243488122e+01
1.061624005824088357e+01
9.341140479318699619e+00
8.090952405803035319e+00
7.000753957110418924e+00
6.044751561903040304e+00
5.201248800648150983e+00
4.578794709283572573e+00
4.022623344627074715e+00
3.747087294939202007e+00
3.489781866788914222e+00
3.543115317093493033e+00
3.565252477366990469e+00
3.900302373385563737e+00
4.155157027925001856e+00
4.699955327659750992e+00
5.118916296985840830e+00
5.785180087251994507e+00
6.287093657941674962e+00
6.979099721051110095e+00
7.480294255450323782e+00
8.107754378346971436e+00
8.534322719147157343e+00
9.020211964829011109e+00
9.314906842280869625e+00
9.603510086727293782e+00
9.731247047560732000e+00
9.790182778809320752e+00
9.738720418086273867e+00
9.564768702356602148e+00
9.347616535090843115e+00
8.970307607370395786e+00
8.625039214031817281e+00
8.100914395896817055e+00
7.678901180396244364e+00
7.072179022497399714e+00
6.622462274696559348e+00
5.986833427728504020e+00
5.544823939001032542e+00
4.915685772042009738e+00
4.499891988370134932e+00
3.894132982816310484e+00
3.508007917245546281e+00
2.929014120206089089e+00
2.566167249384033511e+00
2.010637410385282209e+00
1.660929311471840641e+00
1.124354059872760159e+00
7.785999997634366343e-01
2.597135627796642865e-01
0.000000000000000000e+00
0.000000000000000000e+00
0.000000000000000000e+00
0.000000000000000000e+00
0.000000000000000000e+00
0.000000000000000000e+00
0.000000000000000000e+00
0.000000000000000000e+00
0.000000000000000000e+00
0.000000000000000000e+00
0.000000000000000000e+00
0.000000000000000000e+00
0.000000000000000000e+00
0.000000000000000000e+00
0.000000000000000000e+00
0.000000000000000000e+00
0.000000000000000000e+00
0.000000000000000000e+00
0.000000000000000000e+00
0.000000000000000000e+00
0.000000000000000000e+00
0.000000000000000000e+00
0.000000000000000000e+00
0.000000000000000000e+00
0.000000000000000000e+00
0.000000000000000000e+00
0.000000000000000000e+00
0.000000000000000000e+00
0.000000000000000000e+00
0.000000000000000000e+00
0.000000000000000000e+00
0.000000000000000000e+00
0.000000000000000000e+00
0.000000000000000000e+00
0.000000000000000000e+00
0.000000000000000000e+00
0.000000000000000000e+00
0.000000000000000000e+00
0.000000000000000000e+00
0.000000000000000000e+00
0.000000000000000000e+00
0.000000000000000000e+00
0.000000000000000000e+00
0.000000000000000000e+00
0.000000000000000000e+00
1.458800369426735966e+00
5.956762809372743384e+00
1.090281284781058169e+01
1.262955182841363566e+01
1.571392835919607478e+01
1.721148251744916990e+01
1.994917371709983200e+01
2.143269604790583571e+01
2.404663085144122547e+01
2.559128218800699628e+01
2.798613606394544107e+01
2.962103627721240073e+01
3.189982742457575071e+01
3.359186519459426989e+01
3.562057533823357858e+01
3.727332382159153212e+01
3.890519453381082116e+01
4.036205497947749876e+01
4.141433725668896670e+01
4.248559235767190501e+01
4.277816947954775628e+01
4.328691562033404239e+01
4.268896187336569170e+01
4.252003421462754318e+01
4.098760271621928553e+01
4.011832505040064234e+01
3.769808784058113105e+01
3.618914171987056250e+01
3.296631644811073159e+01
3.089483558963701171e+01
2.681071455760721278e+01
2.401781724016633390e+01
1.506018767137097747e+01
1.083798500805898435e+01
6.784715593914575571e+00
4.946013756211447010e+00
2.695677547242417482e+00
1.568026355121281856e+00
3.118541014493174668e-01
0.000000000000000000e+00
0.000000000000000000e+00
0.000000000000000000e+00
0.000000000000000000e+00
0.000000000000000000e+00
0.000000000000000000e+00
0.000000000000000000e+00
5.052999181938671036e-01
9.551421901858252461e-01
1.999712834713283094e+00
2.595611123644738782e+00
3.779590206648977713e+00
4.468287013234673033e+00
5.682534545218643096e+00
6.389941350333724124e+00
7.512319187998611092e+00
8.145788427410664667e+00
9.057260539594690130e+00
9.525042306506698253e+00
1.014585715386353115e+01
1.039025576955634378e+01
1.071698943583273334e+01
1.074163615547844586e+01
1.086685427902487255e+01
1.074359572718499578e+01
1.083672631493448080e+01
1.068646416727805715e+01
1.097723210538986294e+01
1.096312222221901322e+01
1.190454288804406602e+01
1.297666670515225462e+01
1.504854534458522153e+01
1.544075235917699374e+01
1.652180194894070198e+01
1.689863979470874966e+01
1.785491131525123620e+01
1.826521446011765093e+01
1.912791699509261889e+01
1.956321519188758629e+01
2.030853031401280262e+01
2.074511003954143007e+01
2.133679249845824444e+01
2.174190116610688861e+01
2.214052378356451456e+01
2.247383458588947747e+01
2.264188740901627028e+01
2.286062048864435070e+01
2.277309757370771948e+01
2.284349587730020659e+01
2.250265408546554369e+01
2.241368365969614018e+01
2.186214875225169152e+01
2.163471559814925627e+01
2.096554847623761475e+01
2.065546210849741726e+01
2.001391414684914949e+01
1.970854090123084390e+01
1.929015259983349040e+01
1.910176707154319686e+01
1.910118883363349340e+01
1.912782900447716372e+01
1.961144785384050238e+01
1.987620607359352931e+01
2.073278660893980430e+01
2.119535955010301009e+01
2.226276543265996821e+01
2.287561664320144672e+01
2.401885937145996053e+01
2.473833364149198388e+01
2.584408382834922691e+01
2.661376908763134708e+01
2.756132855129892434e+01
2.829342185083624273e+01
2.893975010378616375e+01
2.951235304787824276e+01
2.969465652724267812e+01
2.996748176321043644e+01
2.952023080005648126e+01
2.936107289513568475e+01
2.812144040001712142e+01
2.741673147335187366e+01
2.512055391535618298e+01
2.364849128372131659e+01
1.735183657457704598e+01
1.528245196420436969e+01
1.204943349380092421e+01
1.043047968862761188e+01
7.915164320656662866e+00
6.498597093267140856e+00
4.491696591573859365e+00
3.325965593018638700e+00
1.830551618558336147e+00
9.592063607538781067e-01
0.000000000000000000e+00
0.000000000000000000e+00
0.000000000000000000e+00
0.000000000000000000e+00
0.000000000000000000e+00
0.000000000000000000e+00
0.000000000000000000e+00
0.000000000000000000e+00
0.000000000000000000e+00
0.000000000000000000e+00
0.000000000000000000e+00
0.000000000000000000e+00
4.822228838404838402e-01
6.680475805501748798e-01
1.293067969134091166e+00
1.478795440132417482e+00
2.068081016217437895e+00
2.241285512252376044e+00
2.755586341953942142e+00
2.904685554250519885e+00
3.311165504679571381e+00
3.424576872862294508e+00
3.700505244015569684e+00
3.769010774829675281e+00
3.906806039657488405e+00
3.926965161106431346e+00
3.935617351214351523e+00
3.911054748052993801e+00
3.814851525068734261e+00
3.755507624033729730e+00
3.583488029050326151e+00
3.500656805855888010e+00
3.280559609843538116e+00
3.183659929244037734e+00
2.935090071188331429e+00
2.828536367366965898e+00
2.561993611262376014e+00
2.445142726159131641e+00
2.163671610063229167e+00
2.032692711802537744e+00
1.735628899774136924e+00
1.586604232743056286e+00
1.272293598256421632e+00
1.103490165570552017e+00
7.740581994754598405e-01
5.879009752400897737e-01
2.489520876761665003e-01
5.117947366008790411e-02
0.000000000000000000e+00
0.000000000000000000e+00
0.000000000000000000e+00
0.000000000000000000e+00
0.000000000000000000e+00
0.000000000000000000e+00
0.000000000000000000e+00
0.000000000000000000e+00
0.000000000000000000e+00
0.000000000000000000e+00
0.000000000000000000e+00
0.000000000000000000e+00
0.000000000000000000e+00
0.000000000000000000e+00
0.000000000000000000e+00
0.000000000000000000e+00
0.000000000000000000e+00
0.000000000000000000e+00
0.000000000000000000e+00
0.000000000000000000e+00
0.000000000000000000e+00
0.000000000000000000e+00
4.032693957163295817e-01
5.688852625721332323e-01
1.106634309623038437e+00
1.258757384223294640e+00
1.680018312010935544e+00
1.789478249663946974e+00
1.993912128253315652e+00
2.028355502938799404e+00
1.940798224582122478e+00
1.880327198776780007e+00
1.504323407321780603e+00
1.356230954529904498e+00
7.820876164291656885e-01
5.756444928144923701e-01
0.000000000000000000e+00
0.000000000000000000e+00
0.000000000000000000e+00
0.000000000000000000e+00
0.000000000000000000e+00
0.000000000000000000e+00
0.000000000000000000e+00
0.000000000000000000e+00
0.000000000000000000e+00
0.000000000000000000e+00
1.044939721087313922e+00
1.651280775404636803e+00
8.146605402509429439e+00
9.534132761790640842e+00
1.354274637444228979e+01
1.456067937032509718e+01
1.800202275598478607e+01
1.903555565447769737e+01
2.231891618937604704e+01
2.340361203429504044e+01
2.654142018162577088e+01
2.767264735604230097e+01
3.059403376377317940e+01
3.175143842640776626e+01
3.435541149110816406e+01
3.550910370010038264e+01
3.768473524553730414e+01
3.879656074372923058e+01
4.043720567062493387e+01
4.146098016190963165e+01
4.247304275966281750e+01
4.335445972872388865e+01
4.366326679358692076e+01
4.434171443652484612e+01
4.389336406994092954e+01
4.430630287163160830e+01
4.306523976546282739e+01
4.315448942089162898e+01
4.109543820840852391e+01
4.081229651828596161e+01
3.789464527728644327e+01
3.719453329517101992e+01
3.327673179645037038e+01
3.206996133263239557e+01
2.636249468590716916e+01
2.387683193477779753e+01
1.248761653228293689e+01
1.079655785373741672e+01
6.690775374183910884e+00
5.559484933190523392e+00
2.847747430248135814e+00
2.021685785023664916e+00
2.387713850649055836e-01
0.000000000000000000e+00
0.000000000000000000e+00
0.000000000000000000e+00
0.000000000000000000e+00
0.000000000000000000e+00
0.000000000000000000e+00
0.000000000000000000e+00
0.000000000000000000e+00
0.000000000000000000e+00
0.000000000000000000e+00
0.000000000000000000e+00
0.000000000000000000e+00
0.000000000000000000e+00
3.130697891527924881e-01
3.512949132206317771e-01
1.294588779624152863e+00
1.343072549524602977e+00
2.272909561712816995e+00
2.329638428691036545e+00
3.238249281310354277e+00
3.309814240534246110e+00
4.222396156236962739e+00
4.322433624284066411e+00
5.294223529970110143e+00
5.439268071686076844e+00
6.553594488377544991e+00
6.762745585563017414e+00
8.156719243116601348e+00
8.470926381652951420e+00
1.055441979160239541e+01
1.124397962074630009e+01
1.586580937154097626e+01
1.634377441569145262e+01
1.814747475380831787e+01
1.846052892464494022e+01
1.980270375557408968e+01
2.007482238456888268e+01
2.114321240923933587e+01
2.141437723434676244e+01
2.225159923500218540e+01
2.252914128406358429e+01
2.312760201395282778e+01
2.339259095482095319e+01
2.372126148835843651e+01
2.393888684398823585e+01
2.396583273422366744e+01
2.410192807320876796e+01
2.381558749277953879e+01
2.385137047332640492e+01
2.327382373741328792e+01
2.321107684993068432e+01
2.239958139379804081e+01
2.225588804462737258e+01
2.130022598856846372e+01
2.110227581002052233e+01
2.012520038059955851e+01
1.990789290260964961e+01
1.908005927869474405e+01
1.889557080069527473e+01
1.844391262544085563e+01
1.836784651349679010e+01
1.849849702500219450e+01
1.860147672552930231e+01
1.931673215371662877e+01
1.962266669210530878e+01
2.074197086118839195e+01
2.124613312630573247e+01
2.257841906558363476e+01
2.326366798554250082e+01
2.464729800726806985e+01
2.546898439646072632e+01
2.674321044635757616e+01
2.761400438648764322e+01
2.859941039920849093e+01
2.939032758188600525e+01
2.989041147138653542e+01
3.045121092283174846e+01
3.027496276478971993e+01
3.046912925729144916e+01
2.944175264426859684e+01
2.917550395610091130e+01
2.706848600506137004e+01
2.626494392351135332e+01
2.046035836078841186e+01
1.899236979782072865e+01
1.548525592797590988e+01
1.439324422868972064e+01
1.189249928338113094e+01
1.100384896813075741e+01
9.172069716852007559e+00
8.573047997242515095e+00
7.397956851353551855e+00
7.118251345598321400e+00
6.554951564949954346e+00
6.541193869882633294e+00
6.474926039676956790e+00
6.612397601577008288e+00
6.885496147053266291e+00
7.043140722471357584e+00
7.499399381031869538e+00
7.574135833595629030e+00
8.094961544148297605e+00
8.037013733503423296e+00
8.555416172801002972e+00
8.369043647586130064e+00
8.859957271578409177e+00
8.585936095386349720e+00
9.045929381941594016e+00
8.739001378150048183e+00
9.164826492218521636e+00
8.875612946034916462e+00
9.249490133736870234e+00
9.014057859671295247e+00
9.297551188720358795e+00
9.132539580319878780e+00
9.272274462733372857e+00
9.173419235519673975e+00
9.124174826324063403e+00
9.068945999492317611e+00
8.823308238013343185e+00
8.776483708748244794e+00
8.356817163898190515e+00
8.275195041661046247e+00
7.709339129594553697e+00
7.553459872277761278e+00
6.865945896400141635e+00
6.616033047351844942e+00
5.838523995692128210e+00
5.504284232150499001e+00
4.682010059425207871e+00
4.298887733573399039e+00
3.485618626382413598e+00
3.100628727199775891e+00
2.344326469262406398e+00
1.999228170555948036e+00
1.330306973455402275e+00
1.049935601290018727e+00
4.775709410651087783e-01
2.665879480730819484e-01
0.000000000000000000e+00
0.000000000000000000e+00
0.000000000000000000e+00
0.000000000000000000e+00
0.000000000000000000e+00
0.000000000000000000e+00
0.000000000000000000e+00
0.000000000000000000e+00
0.000000000000000000e+00
0.000000000000000000e+00
0.000000000000000000e+00
0.000000000000000000e+00
0.000000000000000000e+00
0.000000000000000000e+00
0.000000000000000000e+00
0.000000000000000000e+00
0.000000000000000000e+00
0.000000000000000000e+00
0.000000000000000000e+00
0.000000000000000000e+00
0.000000000000000000e+00
0.000000000000000000e+00
0.000000000000000000e+00
0.000000000000000000e+00
0.000000000000000000e+00
0.000000000000000000e+00
0.000000000000000000e+00
0.000000000000000000e+00
0.000000000000000000e+00
0.000000000000000000e+00
0.000000000000000000e+00
0.000000000000000000e+00
0.000000000000000000e+00
0.000000000000000000e+00
0.000000000000000000e+00
0.000000000000000000e+00
0.000000000000000000e+00
0.000000000000000000e+00
0.000000000000000000e+00
0.000000000000000000e+00
0.000000000000000000e+00
0.000000000000000000e+00
0.000000000000000000e+00
0.000000000000000000e+00
0.000000000000000000e+00
0.000000000000000000e+00
0.000000000000000000e+00
0.000000000000000000e+00
2.370477313113301676e-01
5.233401534537889255e-01
7.590114535752186420e+00
8.424389137731234101e+00
1.342544916648927256e+01
1.399960554125806667e+01
1.812738690656648544e+01
1.873681815475891455e+01
2.265590589518884457e+01
2.332879412049061330e+01
2.706990939686708586e+01
2.781189620764752846e+01
3.129522009195341070e+01
3.210527573335850349e+01
3.521106210657361402e+01
3.608274816662577678e+01
3.867729223595063814e+01
3.959513524018396424e+01
4.154567885513947090e+01
4.247964477513512804e+01
4.366545993613606669e+01
4.456710769805288663e+01
4.488704617527913854e+01
4.569064368063867931e+01
4.506794017071281644e+01
4.569870483657148696e+01
4.408326582730746424e+01
4.447209759865375389e+01
4.183280642265776095e+01
4.193190330603017202e+01
3.822368854307237740e+01
3.801245883708178752e+01
3.304650517066590965e+01
3.250113394714485793e+01
2.493874540131879769e+01
2.350166902900308585e+01
1.098653066618994600e+01
1.026638894217133391e+01
5.594025163534229961e+00
5.153472520097517773e+00
2.150948173524946050e+00
1.882113430687069489e+00
2.166846734753491432e-02
0.000000000000000000e+00
0.000000000000000000e+00
0.000000000000000000e+00
0.000000000000000000e+00
0.000000000000000000e+00
0.000000000000000000e+00
0.000000000000000000e+00
0.000000000000000000e+00
0.000000000000000000e+00
0.000000000000000000e+00
0.000000000000000000e+00
9.540300795220524321e-02
0.000000000000000000e+00
1.229916369496738326e+00
1.085151915370008879e+00
2.800866157542263757e+00
2.903403001570271869e+00
4.794843513249062994e+00
5.131878453222254777e+00
7.084471919498709802e+00
7.576786172196266378e+00
9.449818831532637020e+00
9.974713098200485462e+00
1.164084126101877104e+01
1.206772636208543403e+01
1.345677663588353212e+01
1.368420129836244570e+01
1.483815025262817677e+01
1.482607356285071099e+01
1.606261082632034842e+01
1.589299652252417339e+01
1.829597184630283380e+01
1.789492169344475059e+01
1.856269193021873321e+01
1.806183872601414109e+01
1.846844095640357253e+01
1.800538426458617280e+01
1.835260042160244254e+01
1.802184164861719395e+01
1.838189447656250763e+01
1.823054269540922334e+01
1.860776983986482591e+01
1.863446972899357945e+01
1.899185597306738060e+01
1.915824893867184642e+01
1.944198238006725532e+01
1.969078049246469675e+01
1.985737461315243735e+01
2.013007589073692571e+01
2.016569453357819341e+01
2.041489184101460097e+01
2.034945501233696419e+01
2.054546057972823192e+01
2.045432093736755874e+01
2.058694037665381771e+01
2.058149672991477175e+01
2.065881288944163074e+01
2.084736810761748416e+01
2.089125378514854958e+01
2.133673264947183768e+01
2.137810121462791457e+01
2.206971568046332877e+01
2.214370856668660181e+01
2.301555293193771945e+01
2.315659244495113001e+01
2.411421955218062863e+01
2.434698075955033758e+01
2.527930210537864752e+01
2.560616664858619274e+01
2.638378007789423663e+01
2.677411361420198688e+01
2.724774699615639051e+01
2.763691652507320384e+01
2.764097996355817344e+01
2.794302614923572037e+01
2.730736111239766473e+01
2.743791664792782115e+01
2.598173970354174145e+01
2.587969421155154848e+01
2.329524024472980059e+01
2.291976488990749772e+01
1.604464792898262715e+01
1.534880030515436999e+01
1.111923848832728368e+01
1.049512952323729387e+01
7.498046300796522345e+00
6.894196263167282623e+00
4.534898377272797987e+00
3.996382960275632446e+00
2.200684484001476982e+00
1.754407793403093718e+00
4.935779463893927854e-01
1.403409794252505893e-01
0.000000000000000000e+00
0.000000000000000000e+00
0.000000000000000000e+00
0.000000000000000000e+00
0.000000000000000000e+00
0.000000000000000000e+00
0.000000000000000000e+00
0.000000000000000000e+00
0.000000000000000000e+00
0.000000000000000000e+00
0.000000000000000000e+00
0.000000000000000000e+00
2.775665474135611266e-01
1.798766537823054401e-01
9.796069379163583335e-01
9.110489569114738062e-01
1.655394530499232797e+00
1.611471981347566418e+00
2.238936564580011002e+00
2.211532092475152034e+00
2.677057842753304495e+00
2.656315869280942987e+00
2.941056588987601916e+00
2.917602287251572335e+00
3.031120200094785222e+00
2.998107207122302054e+00
2.975837366586471688e+00
2.930864526880191168e+00
2.821104584130811777e+00
2.766900985382441558e+00
2.619439348800427503e+00
2.562870394228736082e+00
2.418042127293961840e+00
2.367097367690332188e+00
2.248724985841866086e+00
2.208543540755702583e+00
2.119010377761799013e+00
2.088607596317030080e+00
2.009903118986591686e+00
1.981483787065926316e+00
1.878583180905958772e+00
1.840008868647161178e+00
1.674518858180549019e+00
1.614442420069297501e+00
1.354291897424943825e+00
1.267183839566226933e+00
9.020788503404293390e-01
7.910029843078467682e-01
3.358406351664189327e-01
2.109476725735324187e-01
0.000000000000000000e+00
0.000000000000000000e+00
0.000000000000000000e+00
0.000000000000000000e+00
0.000000000000000000e+00
0.000000000000000000e+00
0.000000000000000000e+00
0.000000000000000000e+00
0.000000000000000000e+00
0.000000000000000000e+00
0.000000000000000000e+00
0.000000000000000000e+00
0.000000000000000000e+00
0.000000000000000000e+00
0.000000000000000000e+00
0.000000000000000000e+00
0.000000000000000000e+00
0.000000000000000000e+00
0.000000000000000000e+00
0.000000000000000000e+00
0.000000000000000000e+00
0.000000000000000000e+00
2.673149544295820856e-01
2.221336917334297834e-01
5.540884163572961096e-01
5.060500027966694514e-01
4.808365307756217177e-01
4.222876086236673210e-01
1.364135331595717204e-02
0.000000000000000000e+00
0.000000000000000000e+00
0.000000000000000000e+00
0.000000000000000000e+00
0.000000000000000000e+00
0.000000000000000000e+00
0.000000000000000000e+00
0.000000000000000000e+00
0.000000000000000000e+00
0.000000000000000000e+00
0.000000000000000000e+00
0.000000000000000000e+00
0.000000000000000000e+00
0.000000000000000000e+00
0.000000000000000000e+00
7.806789841951414566e+00
7.841173381682050803e+00
1.359045921684129965e+01
1.366808859741673388e+01
1.842338962969693839e+01
1.857000440838261923e+01
2.308923121576447457e+01
2.332306032125536888e+01
2.764187329837455209e+01
2.798256607882478519e+01
3.200048688832583110e+01
3.245973196330321997e+01
3.603370130057160026e+01
3.660778868903678784e+01
3.957374701534072869e+01
4.024451663121089240e+01
4.243972409152902969e+01
4.317447213243885074e+01
4.445983881292774242e+01
4.521536218221737613e+01
4.549369010937460445e+01
4.622422425090030629e+01
4.545131211475600708e+01
4.611847256527077832e+01
4.430127438356902303e+01
4.488262732981917935e+01
4.206118259991757213e+01
4.255357741771747726e+01
3.875485399231016004e+01
3.916964703991248342e+01
3.429838757394828264e+01
3.464777592847141818e+01
2.801479251701224982e+01
2.828156499402631496e+01
1.400805350259891568e+01
1.421275718761092222e+01
8.160873740368096207e+00
8.321408925787503463e+00
4.507838029401821878e+00
4.548527175451512861e+00
1.910551774725531615e+00
1.790739354466622579e+00
5.364195352531631045e-03
0.000000000000000000e+00
0.000000000000000000e+00
0.000000000000000000e+00
0.000000000000000000e+00
0.000000000000000000e+00
0.000000000000000000e+00
0.000000000000000000e+00
0.000000000000000000e+00
0.000000000000000000e+00
0.000000000000000000e+00
0.000000000000000000e+00
0.000000000000000000e+00
0.000000000000000000e+00
9.120893159627190272e-01
9.102926743858761327e-01
2.680857800647882705e+00
2.755556785220729665e+00
4.509396138880199523e+00
4.589156133547694694e+00
6.235682159171630268e+00
6.245033789256748236e+00
7.748217565521009043e+00
7.631743928985069481e+00
9.042811848265515096e+00
8.788279759283586401e+00
1.028856143715793436e+01
9.938789182287075974e+00
1.206571393275721427e+01
1.173209464545085368e+01
1.659957777243129939e+01
1.630307211441868276e+01
1.831575841884667000e+01
1.811421504556255258e+01
1.967721104511104002e+01
1.962405987136668273e+01
2.098036574817914612e+01
2.106783070017139892e+01
2.222221393653245514e+01
2.240161813778774302e+01
2.328615582998789080e+01
2.349010096234069422e+01
2.402405741960476959e+01
2.419296603167882509e+01
2.432505160209578676e+01
2.443067202212241185e+01
2.416403251135950825e+01
2.422141359919123715e+01
2.362378098053507358e+01
2.368507295349865771e+01
2.287563653440493994e+01
2.300654358177522951e+01
2.213277841492569564e+01
2.238078273408385854e+01
2.159215436691674128e+01
2.196166215572671376e+01
2.140295316329224562e+01
2.185011843605906279e+01
2.165993199997789276e+01
2.211034709658851583e+01
2.238258526217686040e+01
2.276125226201102336e+01
2.344141644660475521e+01
2.370409462015862800e+01
2.459650409980502062e+01
2.475212621324780926e+01
2.565600973406033347e+01
2.576152102288185830e+01
2.653911401235691869e+01
2.666606304890260404e+01
2.721549515485422432e+01
2.740798521354706452e+01
2.761169166158731514e+01
2.785527732803829437e+01
2.754331388427235439e+01
2.775623449679714128e+01
2.665951937527485072e+01
2.670854344337628561e+01
2.422493765852897596e+01
2.391942565951989152e+01
1.735491862703112531e+01
1.676937265419324063e+01
1.324213154964241035e+01
1.246449891516743946e+01
9.437973952632624730e+00
8.538342889468960806e+00
5.922090620737563427e+00
5.060397524953989645e+00
2.987945336624117765e+00
2.330734362711163410e+00
9.395067714872360476e-01
6.024223780255004712e-01
0.000000000000000000e+00
0.000000000000000000e+00
2.632197492503474123e-02
3.372696888956001615e-01
9.679095801907222629e-01
1.456157049488906452e+00
2.470663486020566957e+00
2.989834041210364113e+00
4.178887935775013496e+00
4.592429037451017493e+00
5.766221955973724889e+00
5.976073941038020365e+00
6.988752053475738357e+00
6.951714355244455135e+00
7.715134015582181704e+00
7.444916465190868138e+00
7.927186904454671001e+00
7.482698309668828429e+00
7.695607351385883810e+00
7.158922976047006337e+00
7.139809901263308944e+00
6.591338469280663581e+00
6.388842600638581004e+00
5.887918481547815830e+00
5.551851851183517539e+00
5.128056738413535598e+00
4.705988669657040546e+00
4.361581097328266488e+00
3.893604121083020786e+00
3.614316779653202971e+00
3.133450778573018347e+00
2.900818331086679969e+00
2.434749560688167946e+00
2.234180292611416263e+00
1.806526709383105889e+00
1.629741988162685562e+00
1.259843740143985702e+00
1.103858497362882662e+00
8.063841851429650598e-01
6.714840463482418809e-01
4.554559679482566015e-01
3.434391837671754155e-01
2.115717238704091230e-01
1.241603379673241747e-01
7.225734761986812860e-02
9.470427053062557832e-03
2.646535528805038506e-02
0.000000000000000000e+00
5.434212198332677435e-02
2.838263230316673269e-02
1.292073447340387204e-01
1.101759228422892756e-01
2.248788676495224736e-01
2.052303437423115273e-01
3.227727726806082220e-01
2.986200506523981613e-01
4.176173864184684614e-01
3.905531830023409867e-01
5.195794053474165342e-01
4.960754871846642100e-01
6.486015469592008031e-01
6.368458569744201991e-01
8.227440404902990334e-01
8.280427021198464299e-01
1.045257091704173247e+00
1.065742563675697863e+00
1.291861709446742834e+00
1.317077681610585360e+00
1.508162053631297184e+00
1.521075428642142180e+00
1.616913644219341251e+00
1.598506104306218312e+00
1.534551324009245654e+00
1.469683263121599470e+00
1.197752446555611527e+00
1.079814177530878716e+00
5.870067797968494538e-01
4.195172787805079295e-01
0.000000000000000000e+00
0.000000000000000000e+00
0.000000000000000000e+00
0.000000000000000000e+00
0.000000000000000000e+00
0.000000000000000000e+00
0.000000000000000000e+00
0.000000000000000000e+00
0.000000000000000000e+00
0.000000000000000000e+00
0.000000000000000000e+00
0.000000000000000000e+00
0.000000000000000000e+00
0.000000000000000000e+00
0.000000000000000000e+00
0.000000000000000000e+00
1.062109977013560025e+00
1.798093871543779310e+00
1.043651244864289396e+01
1.122917901558246712e+01
1.576649527198813949e+01
1.644985217669426092e+01
2.048852546714683243e+01
2.116940730847295882e+01
2.494662287441308735e+01
2.564376983169665891e+01
2.913939215547789630e+01
2.986193910154115017e+01
3.299317378754587082e+01
3.375162785513391128e+01
3.641755286943739378e+01
3.722100311818051921e+01
3.931843572308995505e+01
4.016414190652015748e+01
4.159187708694889807e+01
4.245263569921500846e+01
4.311255112768738229e+01
4.392816647516392692e+01
4.372454925855871721e+01
4.440431380497852842e+01
4.324802766180384594e+01
4.368656140245244757e+01
4.149798843636096279e+01
4.160087304947217035e+01
3.829880612178011745e+01
3.800499170295336171e+01
3.341851478619446425e+01
3.268945421810372665e+01
2.588913207738671218e+01
2.437475506689271754e+01
1.152311034353458830e+01
1.042936478649266796e+01
5.505035662783197559e+00
4.759798691456541775e+00
1.547509136453196987e+00
1.046063972928934493e+00
0.000000000000000000e+00
0.000000000000000000e+00
0.000000000000000000e+00
0.000000000000000000e+00
0.000000000000000000e+00
0.000000000000000000e+00
0.000000000000000000e+00
0.000000000000000000e+00
0.000000000000000000e+00
0.000000000000000000e+00
0.000000000000000000e+00
0.000000000000000000e+00
6.015532869684321327e-01
6.652255993949545143e-01
2.102878172310078675e+00
2.196746766825203423e+00
3.650601092018579408e+00
3.751979823360880317e+00
5.109581192884551371e+00
5.178767568304260216e+00
6.348108721119150033e+00
6.345966985554139406e+00
7.284776890959735240e+00
7.193837101496037612e+00
7.933190913165883096e+00
7.772649884655152164e+00
8.428738484497738881e+00
8.255761019663818701e+00
9.030198776107292602e+00
8.933221482464928087e+00
1.020942325221843028e+01
1.035781479359009793e+01
1.397524340419697531e+01
1.422855131794389116e+01
1.587116974140230319e+01
1.610571161607740009e+01
1.746086778875901047e+01
1.772843205697001068e+01
1.890909646675254407e+01
1.918293995895459858e+01
2.015483818444898745e+01
2.039649722790712616e+01
2.110150033827466132e+01
2.127903440136007873e+01
2.166859803325812450e+01
2.176507035648968369e+01
2.181503494683409983e+01
2.183090637772674114e+01
2.154730865983173871e+01
2.149855613280225342e+01
2.091801139389369268e+01
2.083184178587941204e+01
2.001940743413442902e+01
1.992962279050761865e+01
1.898151087690886030e+01
1.892390000629568192e+01
1.797719880886490884e+01
1.799025339630789233e+01
1.726718986857659743e+01
1.740089116793918933e+01
1.725555128919628700e+01
1.755506933428015515e+01
1.820975778773621911e+01
1.863074112198009402e+01
1.984740601536988791e+01
2.030798707747153387e+01
2.176630373621014769e+01
2.223450410006508093e+01
2.374053930203549356e+01
2.422192698560933977e+01
2.565766982714441724e+01
2.616597936738767416e+01
2.743612992511627269e+01
2.796595311476253443e+01
2.896599502998050468e+01
2.947472823068534709e+01
3.007695017338893351e+01
3.048327455452808010e+01
3.054062516033982178e+01
3.073977782632479006e+01
3.009832779586029972e+01
2.998578743644873512e+01
2.847759821912358191e+01
2.796347874093263997e+01
2.526441455439261929e+01
2.419667725357954069e+01
1.713509308826786537e+01
1.570056651359993438e+01
1.207573724251154701e+01
1.088681371439569467e+01
8.124164839359735879e+00
7.042261012325400138e+00
4.848487312067570443e+00
3.925479557163495947e+00
2.284720629813460135e+00
1.571372777122137077e+00
4.855126272334577830e-01
2.689048446749664478e-03
0.000000000000000000e+00
0.000000000000000000e+00
0.000000000000000000e+00
0.000000000000000000e+00
0.000000000000000000e+00
0.000000000000000000e+00
0.000000000000000000e+00
0.000000000000000000e+00
5.964974105797483661e-01
7.097624606548582626e-01
1.450529757075889492e+00
1.553212057518624123e+00
2.270226677844728869e+00
2.346622120054390415e+00
2.975195207896250249e+00
3.020422918402666745e+00
3.514557733272937412e+00
3.530160894669925664e+00
3.864827108258438226e+00
3.855600683428308528e+00
4.030418902555591210e+00
4.001901443847641460e+00
4.038805198966371357e+00
3.995351817652116555e+00
3.929953302310436047e+00
3.873614154672664789e+00
3.743928164415030846e+00
3.674251138839437214e+00
3.509954799849487106e+00
3.426427856875183142e+00
3.248288668474426100e+00
3.151595186844498020e+00
2.969237208275460116e+00
2.861844666724676411e+00
2.675270635013166309e+00
2.560026336296049365e+00
2.359955903060888538e+00
2.238700794657883186e+00
2.010942918375335786e+00
1.882897507811790661e+00
1.611342084927442020e+00
1.473555530123206392e+00
1.146878699746593178e+00
9.965022805401624328e-01
6.154257367592915751e-01
4.518177078615065456e-01
3.014122303019095561e-02
0.000000000000000000e+00
0.000000000000000000e+00
0.000000000000000000e+00
0.000000000000000000e+00
0.000000000000000000e+00
0.000000000000000000e+00
0.000000000000000000e+00
0.000000000000000000e+00
0.000000000000000000e+00
0.000000000000000000e+00
0.000000000000000000e+00
0.000000000000000000e+00
0.000000000000000000e+00
0.000000000000000000e+00
0.000000000000000000e+00
0.000000000000000000e+00
0.000000000000000000e+00
0.000000000000000000e+00
0.000000000000000000e+00
0.000000000000000000e+00
0.000000000000000000e+00
0.000000000000000000e+00
0.000000000000000000e+00
0.000000000000000000e+00
0.000000000000000000e+00
0.000000000000000000e+00
0.000000000000000000e+00
0.000000000000000000e+00
0.000000000000000000e+00
0.000000000000000000e+00
0.000000000000000000e+00
0.000000000000000000e+00
0.000000000000000000e+00
0.000000000000000000e+00
0.000000000000000000e+00
0.000000000000000000e+00
0.000000000000000000e+00
0.000000000000000000e+00
0.000000000000000000e+00
0.000000000000000000e+00
0.000000000000000000e+00
0.000000000000000000e+00
0.000000000000000000e+00
6.175201305338019475e-01
1.926882589375127131e+00
9.480989947532334483e+00
1.110269278732403642e+01
1.500406754319147318e+01
1.630384407264588376e+01
1.981749250642781135e+01
2.105994801553201867e+01
2.442105486130058267e+01
2.563673318901228626e+01
2.883207908402914299e+01
3.001390812014850340e+01
3.296572071253611824e+01
3.409337549329798378e+01
3.669697169715610130e+01
3.774229862826145876e+01
3.988248681463203837e+01
4.081112329248284709e+01
4.237593495945655064e+01
4.314788678075463935e+01
4.403889315239651836e+01
4.461092625310570270e+01
4.475326587239413101e+01
4.508245792688314424e+01
4.442889885339616995e+01
4.447715968720470414e+01
4.300493898196193499e+01
4.274223897051304277e+01
4.043694288899140332e+01
3.983817103931951920e+01
3.664678112362734907e+01
3.566952392689896101e+01
3.133419154297141418e+01
2.980184596145696574e+01
2.175841230117423564e+01
1.609604346087308357e+01
9.887168978192175217e+00
8.529056743165197574e+00
4.946473163521732275e+00
3.987984986039954549e+00
1.482675458539902902e+00
7.524663705148948445e-01
0.000000000000000000e+00
0.000000000000000000e+00
0.000000000000000000e+00
0.000000000000000000e+00
0.000000000000000000e+00
0.000000000000000000e+00
0.000000000000000000e+00
0.000000000000000000e+00
0.000000000000000000e+00
0.000000000000000000e+00
0.000000000000000000e+00
0.000000000000000000e+00
0.000000000000000000e+00
0.000000000000000000e+00
0.000000000000000000e+00
0.000000000000000000e+00
9.633126219731598106e-01
1.359103876961885060e+00
2.722277009687512184e+00
3.205643092778569070e+00
4.617084338969704049e+00
5.165070319737037785e+00
6.601565637948795029e+00
7.185552515108933669e+00
8.654317679056564572e+00
9.253032205551239286e+00
1.083639828115998505e+01
1.147865518077611924e+01
1.370980711533809249e+01
1.583250142536509308e+01
1.816102743671915576e+01
1.855029807814709031e+01
1.966206914048617449e+01
1.976936560890290906e+01
2.047223681020029673e+01
2.042827974482328912e+01
2.089108778402156119e+01
2.079000346075017092e+01
2.111302007885429788e+01
2.103571909237222215e+01
2.128653882552263354e+01
2.128722441463571613e+01
2.149745276435595898e+01
2.159219322096259575e+01
2.175701859867908183e+01
2.192314667773499792e+01
2.201084045018995639e+01
2.219956921436848418e+01
2.217259267861980376e+01
2.233084600038620948e+01
2.217161571511793738e+01
2.226818069212183460e+01
2.200635683324086855e+01
2.205142708403512231e+01
2.177608577496805609e+01
2.182703364666118517e+01
2.167728320355131189e+01
2.182175503254673288e+01
2.194196104341870779e+01
2.226095834134070373e+01
2.273581560890628950e+01
2.326551119756780750e+01
2.407948892858081180e+01
2.479144649945293111e+01
2.583171835050504939e+01
2.663890711635751885e+01
2.773077608802937988e+01
2.850738273203324979e+01
2.945068224933517342e+01
3.005924780668117080e+01
3.066172435601029633e+01
3.097871746097678169e+01
3.107907303753808037e+01
3.101400295863977874e+01
3.049216689145046644e+01
2.999292512331113869e+01
2.875019559704975336e+01
2.778359464986761651e+01
2.562549656073009885e+01
2.403217363475510382e+01
1.828881896291619569e+01
1.623943038133730710e+01
1.321362871567608721e+01
1.169575716280783695e+01
9.306497612297436106e+00
8.017567999094561415e+00
6.061717782514869590e+00
5.007132723128655094e+00
3.480430175285729177e+00
2.682022122254298591e+00
1.593028461577906230e+00
1.054509490603871003e+00
3.884345349340465603e-01
8.847596240345956264e-02
0.000000000000000000e+00
0.000000000000000000e+00
0.000000000000000000e+00
0.000000000000000000e+00
3.231664471557449403e-02
1.628061114644206997e-01
5.930746936090004473e-01
7.712690872749595750e-01
1.299847693109505542e+00
1.495843976072453785e+00
2.070329612683518228e+00
2.266492181543954487e+00
2.846738817750035011e+00
3.033730395989683970e+00
3.589209009007059414e+00
3.762441992632426402e+00
4.271858043977347918e+00
4.427930698217240391e+00
4.876520772169312679e+00
5.012906535938251196e+00
5.393925985227623343e+00
5.508689055863406736e+00
5.821646162764120724e+00
5.912886736578187197e+00
6.159432002100941439e+00
6.225447515593989678e+00
6.406960844520062537e+00
6.443546928276278507e+00
6.553723288011086723e+00
6.553916295054412089e+00
6.579346716288796415e+00
6.532244881194047004e+00
6.452253595195475810e+00
6.347136926946296498e+00
6.144232148576749708e+00
5.974589184498532823e+00
5.641712901205679920e+00
5.408452291478591967e+00
4.953067345767139251e+00
4.663829805291079822e+00
4.105257805372320767e+00
3.772626822007249636e+00
3.138759473243677434e+00
2.778193180995986999e+00
2.102015568561027337e+00
1.730413519348326545e+00
1.047458857178635405e+00
6.824708012358090548e-01
2.941218263424405510e-02
0.000000000000000000e+00
0.000000000000000000e+00
0.000000000000000000e+00
0.000000000000000000e+00
0.000000000000000000e+00
0.000000000000000000e+00
0.000000000000000000e+00
0.000000000000000000e+00
0.000000000000000000e+00
0.000000000000000000e+00
0.000000000000000000e+00
0.000000000000000000e+00
0.000000000000000000e+00
0.000000000000000000e+00
0.000000000000000000e+00
0.000000000000000000e+00
0.000000000000000000e+00
0.000000000000000000e+00
0.000000000000000000e+00
0.000000000000000000e+00
1.657711611498868809e-01
5.737861923386986529e-01
6.393157006928888997e-01
8.362329409833253457e-01
7.490001940654700263e-01
6.571822542452345761e-01
4.030953362820177688e-01
9.613383533628283573e-03
0.000000000000000000e+00
0.000000000000000000e+00
0.000000000000000000e+00
0.000000000000000000e+00
0.000000000000000000e+00
0.000000000000000000e+00
0.000000000000000000e+00
0.000000000000000000e+00
0.000000000000000000e+00
0.000000000000000000e+00
0.000000000000000000e+00
0.000000000000000000e+00
0.000000000000000000e+00
0.000000000000000000e+00
0.000000000000000000e+00
0.000000000000000000e+00
0.000000000000000000e+00
1.130916410552355700e+00
4.989881091568321381e+00
1.161259988837165302e+01
1.391086103702136256e+01
1.731927647825912331e+01
1.922756239074420748e+01
2.231623515851000406e+01
2.408334741295292147e+01
2.698321021444684220e+01
2.864517662470154491e+01
3.133909422414259893e+01
3.288333610219586944e+01
3.530546309482964062e+01
3.669869820622680834e+01
3.876122652943441693e+01
3.995737432830574676e+01
4.156314188702197754e+01
4.250787396759545089e+01
4.356147313713888281e+01
4.419614531584969086e+01
4.461299714289106788e+01
4.487998177290175761e+01
4.459357049484015079e+01
4.444216021116548632e+01
4.340575840974014454e+01
4.279466761764957283e+01
4.096921356680464754e+01
3.985851090655873463e+01
3.716788282375351571e+01
3.547482489272328365e+01
3.161518712189599611e+01
2.894474306649014750e+01
1.852914174463317210e+01
1.450975139662021007e+01
9.952375930200702214e+00
8.008057654808631298e+00
5.053671827633402280e+00
3.658301706716748924e+00
1.523538760460171559e+00
4.962701291865423414e-01
0.000000000000000000e+00
0.000000000000000000e+00
0.000000000000000000e+00
0.000000000000000000e+00
0.000000000000000000e+00
0.000000000000000000e+00
0.000000000000000000e+00
0.000000000000000000e+00
0.000000000000000000e+00
0.000000000000000000e+00
0.000000000000000000e+00
0.000000000000000000e+00
0.000000000000000000e+00
0.000000000000000000e+00
7.134812538140122840e-01
1.407156074339150464e+00
2.685683947777990355e+00
3.466786527540608454e+00
4.808734049655365439e+00
5.629325653399492424e+00
6.963446703984335961e+00
7.765083085557368925e+00
9.028295355540016942e+00
9.758424104999352977e+00
1.092790884343599345e+01
1.157746730055700368e+01
1.276033813817544704e+01
1.350977264058791505e+01
1.645115967572836979e+01
1.716687460096080997e+01
1.798633021405601440e+01
1.817523022293742940e+01
1.861212544922598866e+01
1.868223427505508027e+01
1.902277344129159786e+01
1.911166239622528451e+01
1.947227990952836407e+01
1.964185207389180476e+01
2.005483788369789977e+01
2.030465513444519843e+01
2.073966095092855255e+01
2.102181444313423953e+01
2.141109603692078167e+01
2.165826650993205149e+01
2.193078327642382064e+01
2.208624399438393837e+01
2.219622086328955390e+01
2.223654593626428522e+01
2.218047573732535938e+01
2.212217191160821983e+01
2.193878420397657791e+01
2.182999587985037948e+01
2.158807507179384189e+01
2.149196394960018353e+01
2.127373841386794240e+01
2.125040366908055489e+01
2.113492371903184974e+01
2.122697016208240939e+01
2.127440538037835438e+01
2.149501190865094813e+01
2.172792931890092660e+01
2.205877913343614338e+01
2.245748281736494789e+01
2.286027095307215617e+01
2.337758304911690743e+01
2.381640955903294810e+01
2.440230915096779540e+01
2.485242188351269021e+01
2.546008035704693384e+01
2.589947724181622135e+01
2.647612550690038447e+01
2.687016476584774338e+01
2.734484380896652311e+01
2.763589489156133538e+01
2.791456433728248498e+01
2.801906905665097014e+01
2.798517093953604729e+01
2.780027017190140270e+01
2.732004438660832335e+01
2.672544541842642118e+01
2.562726794963511878e+01
2.444524666161566984e+01
2.228515157070086161e+01
1.840658006977441730e+01
1.489635512890629343e+01
1.298844963164336619e+01
1.078376311576757729e+01
9.186881444710307321e+00
7.301609441205539675e+00
5.929073753547879910e+00
4.358590747787433273e+00
3.259403942797200138e+00
2.052943861893280264e+00
1.268530535080108379e+00
4.489048382303183482e-01
0.000000000000000000e+00
0.000000000000000000e+00
0.000000000000000000e+00
0.000000000000000000e+00
0.000000000000000000e+00
0.000000000000000000e+00
0.000000000000000000e+00
0.000000000000000000e+00
0.000000000000000000e+00
1.790926310567312330e-01
4.196833018399872550e-01
7.752965655936887579e-01
1.013870961011615446e+00
1.379409683780163487e+00
1.601594363286786615e+00
1.954095754955525344e+00
2.150159020270760113e+00
2.468167882321048001e+00
2.626948625825588746e+00
2.887094336851451892e+00
2.995780505586149722e+00
3.176292113732144262e+00
3.223220967392540715e+00
3.309155397388707787e+00
3.288808432043200725e+00
3.277622949841714650e+00
3.194156440261104013e+00
3.097555789226966727e+00
2.964965101799726721e+00
2.806323800563762738e+00
2.644814394126121293e+00
2.452978955208147127e+00
2.284854368165897043e+00
2.088697695648004782e+00
1.933388564258885056e+00
1.756121122489617159e+00
1.627354117907377606e+00
1.484008200000435540e+00
1.387159219278351285e+00
1.282430607669622136e+00
1.214850797445766517e+00
1.144411671898852845e+00
1.096722510873209266e+00
1.049094443171156188e+00
1.009261720434121656e+00
9.706158202034965710e-01
9.271678272754111383e-01
8.847585210376578413e-01
8.310685362774168361e-01
7.779972971937813009e-01
7.147923814352353800e-01
6.526167959546677055e-01
5.888699488500888091e-01
5.283625541661896019e-01
4.807942836358487515e-01
4.412919858399120265e-01
4.305415151867653112e-01
4.356794253075187973e-01
4.825085922429499519e-01
5.564444060220418153e-01
6.788851188932908398e-01
8.437088613219101418e-01
1.054336141493670276e+00
1.327185930283172111e+00
1.631710706111427100e+00
2.023056013223084815e+00
2.419024938054745721e+00
2.931206832812855545e+00
3.404957986059025110e+00
4.029538535149792544e+00
4.550775831431130847e+00
5.265465361016307355e+00
5.771966922463903416e+00
6.531754899515826551e+00
6.843511669368385064e+00
7.384747595783212049e+00
6.814948498129544063e+00
6.371593427381312402e+00
5.527225301294147464e+00
4.759878055267738439e+00
3.855965040784668840e+00
2.953998139702946002e+00
2.046791356897038838e+00
1.099925261871379512e+00
2.468623819947607378e-01
0.000000000000000000e+00
0.000000000000000000e+00
0.000000000000000000e+00
0.000000000000000000e+00
0.000000000000000000e+00
0.000000000000000000e+00
0.000000000000000000e+00
0.000000000000000000e+00
0.000000000000000000e+00
0.000000000000000000e+00
0.000000000000000000e+00
0.000000000000000000e+00
1.561701630579185762e+00
7.628952448851951118e+00
1.192260975772727249e+01
1.501544447359853329e+01
1.781044859966487692e+01
2.040017417703077385e+01
2.299773877972949521e+01
2.538270359562817902e+01
2.785788610981241931e+01
3.005214504350658089e+01
3.236833900614576720e+01
3.432726966046597994e+01
3.641644720273978919e+01
3.808177142455895137e+01
3.986970935235864744e+01
4.118811145062338142e+01
4.260699582962450194e+01
4.353747022780185461e+01
4.453046867343753945e+01
4.504279958457568256e+01
4.556157904233585043e+01
4.562890639978321872e+01
4.562714934858500726e+01
4.521525472153838621e+01
4.463994218924960933e+01
4.369924080832939950e+01
4.248298509927286659e+01
4.094032053941322857e+01
3.898265096177817668e+01
3.670851046681648455e+01
3.377778386151673118e+01
3.034387276504332576e+01
2.478576835054505167e+01
1.577446636921876966e+01
1.153664681727024544e+01
8.628050246405077672e+00
5.901533178209535713e+00
3.873275548457851603e+00
1.883964115003090800e+00
4.769650162925693770e-01
0.000000000000000000e+00
0.000000000000000000e+00
0.000000000000000000e+00
0.000000000000000000e+00
0.000000000000000000e+00
0.000000000000000000e+00
0.000000000000000000e+00
0.000000000000000000e+00
0.000000000000000000e+00
0.000000000000000000e+00
0.000000000000000000e+00
0.000000000000000000e+00
4.640039883416982036e-01
1.248183571007497328e+00
2.070626223382908471e+00
2.872412558831086038e+00
3.718063683386734652e+00
4.511217069651498157e+00
5.342616508978013101e+00
6.102246054791659269e+00
6.879962642126336902e+00
7.579151920229112882e+00
8.266417834386572849e+00
8.883430838111813443e+00
9.460262992490012124e+00
9.997038212925570377e+00
1.048363591056366317e+01
1.099317127248126447e+01
1.148615793912823690e+01
1.213624417065035566e+01
1.295551334529429255e+01
1.552644979283912718e+01
1.732930096054159463e+01
1.824175676314750660e+01
1.888452977800843513e+01
1.945181373368096445e+01
1.997837123720099584e+01
2.047457352331888103e+01
2.100193083432922592e+01
2.147745240483429541e+01
2.200349736292512048e+01
2.242596503782747419e+01
2.288737862832315173e+01
2.318258122953788813e+01
2.349029403299024210e+01
2.357732215724282199e+01
2.365040487507993561e+01
2.347296907378149911e+01
2.326621365520523455e+01
2.281431054093569344e+01
2.233363135269862809e+01
2.165404533027605893e+01
2.095906759702442201e+01
2.015040629749348966e+01
1.934132865104916021e+01
1.853856895251681891e+01
1.773499800926645165e+01
1.710480344973458244e+01
1.644781398917706383e+01
1.626880627374765709e+01
1.610354078862881622e+01
1.685035191605468441e+01
1.750983987088741500e+01
1.871637880332546899e+01
1.969069764158550839e+01
2.092214267207283029e+01
2.192433955324474937e+01
2.301462065344830421e+01
2.390638779819528992e+01
2.476831168738794275e+01
2.548129906464404826e+01
2.607573013111483107e+01
2.658098794459998260e+01
2.689260478636299823e+01
2.717061865475576354e+01
2.717970975991731564e+01
2.719409479877308655e+01
2.685466596388462790e+01
2.653729387599414835e+01
2.576587039479971608e+01
2.500749182929594028e+01
2.364840826613082925e+01
2.221627580467378138e+01
1.959164538176126413e+01
1.492205795131401658e+01
1.219335540011660157e+01
1.025794861206122199e+01
8.318373254656558302e+00
6.699597605828189195e+00
5.107061702875357767e+00
3.738093496764507861e+00
2.472970023287460073e+00
1.383319852543736239e+00
4.656272772045821906e-01
0.000000000000000000e+00
0.000000000000000000e+00
0.000000000000000000e+00
0.000000000000000000e+00
0.000000000000000000e+00
0.000000000000000000e+00
0.000000000000000000e+00
0.000000000000000000e+00
0.000000000000000000e+00
0.000000000000000000e+00
0.000000000000000000e+00
6.027654156267758800e-02
4.859722686472008890e-01
1.055741691310291497e+00
1.526649023558674045e+00
2.106643406015464404e+00
2.592617839760171794e+00
3.146709168192983519e+00
3.617505651133936517e+00
4.108938915160818439e+00
4.530319997379463004e+00
4.917824904420818655e+00
5.249678782011468314e+00
5.491381817046406155e+00
5.695047310359599990e+00
5.763945465289726400e+00
5.819491505171674461e+00
5.721236448549328557e+00
5.640038801259514400e+00
5.412107049667699066e+00
5.228925046218964034e+00
4.920922061414077398e+00
4.675885868862272865e+00
4.331665164122143530e+00
4.058428754404044270e+00
3.708191113746868162e+00
3.429327671325565596e+00
3.090455465503639587e+00
2.818419689237795733e+00
2.497929881814330066e+00
2.237211195571797262e+00
1.935096269860835161e+00
1.685272561674239000e+00
1.399031524643120861e+00
1.158687854177704590e+00
8.872575361493804103e-01
6.570574579310777263e-01
4.033254622350179730e-01
1.874735481651090829e-01
0.000000000000000000e+00
0.000000000000000000e+00
0.000000000000000000e+00
0.000000000000000000e+00
0.000000000000000000e+00
0.000000000000000000e+00
0.000000000000000000e+00
0.000000000000000000e+00
0.000000000000000000e+00
0.000000000000000000e+00
0.000000000000000000e+00
0.000000000000000000e+00
0.000000000000000000e+00
0.000000000000000000e+00
0.000000000000000000e+00
0.000000000000000000e+00
0.000000000000000000e+00
0.000000000000000000e+00
0.000000000000000000e+00
0.000000000000000000e+00
0.000000000000000000e+00
0.000000000000000000e+00
0.000000000000000000e+00
0.000000000000000000e+00
0.000000000000000000e+00
0.000000000000000000e+00
0.000000000000000000e+00
0.000000000000000000e+00
0.000000000000000000e+00
0.000000000000000000e+00
0.000000000000000000e+00
0.000000000000000000e+00
0.000000000000000000e+00
0.000000000000000000e+00
0.000000000000000000e+00
0.000000000000000000e+00
0.000000000000000000e+00
0.000000000000000000e+00
0.000000000000000000e+00
0.000000000000000000e+00
0.000000000000000000e+00
0.000000000000000000e+00
1.279191107946915595e+00
3.503084270530431255e+00
1.009289028197521176e+01
1.219751982893735764e+01
1.518855810207599433e+01
1.698295121729769974e+01
1.966422717348895688e+01
2.141283606162213360e+01
2.393957408579371560e+01
2.566916671452649723e+01
2.803214884999183809e+01
2.971704074309584342e+01
3.185716534495947627e+01
3.344813038619918899e+01
3.528595608107233517e+01
3.672045391104781231e+01
3.817202018484196202e+01
3.938131472363053831e+01
4.036845630581296263e+01
4.128327399097375405e+01
4.174097863005395936e+01
4.229686225795338572e+01
4.217732067268376994e+01
4.231916495818904878e+01
4.159197220229880543e+01
4.127657147939974180e+01
3.992467566722214656e+01
3.911925271167250884e+01
3.712521218177467830e+01
3.579364151417940576e+01
3.309577087335452461e+01
3.113884290380115516e+01
2.741959685961106885e+01
2.421441036228689470e+01
1.441174994778941354e+01
1.105610636134631974e+01
7.737217086700501234e+00
5.882987491413411263e+00
3.847848514749541149e+00
2.593635984371776448e+00
1.334230202379218078e+00
5.177276618033443967e-01
0.000000000000000000e+00
0.000000000000000000e+00
0.000000000000000000e+00
0.000000000000000000e+00
0.000000000000000000e+00
0.000000000000000000e+00
0.000000000000000000e+00
2.960482553984240539e-01
1.067249646537784535e+00
1.527646917840291607e+00
2.436066639301092351e+00
3.002800233365286786e+00
3.963608178324083298e+00
4.580268328636782016e+00
5.507199989194992540e+00
6.109947170549931528e+00
6.922312588166092517e+00
7.447971912981871334e+00
8.086207645349679396e+00
8.486440960829565228e+00
8.927766402548975577e+00
9.181364124516900205e+00
9.446819030585441368e+00
9.563779416040423698e+00
9.710716024112027611e+00
9.726172032574897486e+00
9.829236441973586480e+00
9.792063865655553201e+00
9.928929070628701226e+00
9.895334393528855799e+00
1.014449536749414449e+01
1.017930603158327685e+01
1.063295334620720922e+01
1.082398262820033707e+01
1.166639905425973289e+01
1.227308151900006195e+01
1.509505978981767882e+01
1.575667839146742111e+01
1.666922819784860366e+01
1.703931405770555330e+01
1.762569071097809115e+01
1.789002330371929617e+01
1.827390956879122186e+01
1.845717554291246287e+01
1.867455227748808255e+01
1.878533954978752263e+01
1.886481510236610148e+01
1.891702556913933009e+01
1.890155396569111090e+01
1.892262671140903763e+01
1.887475268406647189e+01
1.890546056378431672e+01
1.890255867078514740e+01
1.898998756519334918e+01
1.911193206724892235e+01
1.929785058553963140e+01
1.960508218848495332e+01
1.991052669259076779e+01
2.041869123585409440e+01
2.083173182485016639e+01
2.150031686611356463e+01
2.197850892208429840e+01
2.272491154820402670e+01
2.321368822328647852e+01
2.394782034224999023e+01
2.440466808771267893e+01
2.505501683967820625e+01
2.546105843848511796e+01
2.598440246977402168e+01
2.634051237358118058e+01
2.671074911416948083e+01
2.701892244876010807e+01
2.720606871666340965e+01
2.744699713930948093e+01
2.739505968883161557e+01
2.751205696286864111e+01
2.712694453255806692e+01
2.702379654697632461e+01
2.616793492846471025e+01
2.571266647464322830e+01
2.416197359548293733e+01
2.313310799056410971e+01
1.985525776095856187e+01
1.604332296258473889e+01
1.295526051167007964e+01
1.144188446090693567e+01
9.214643629901296151e+00
7.853665028547249349e+00
5.989941755116724664e+00
4.774973487006450412e+00
3.261734680728442637e+00
2.252274790116051140e+00
1.122216506631767752e+00
3.634122419690251071e-01
0.000000000000000000e+00
0.000000000000000000e+00
0.000000000000000000e+00
0.000000000000000000e+00
0.000000000000000000e+00
0.000000000000000000e+00
0.000000000000000000e+00
0.000000000000000000e+00
0.000000000000000000e+00
0.000000000000000000e+00
0.000000000000000000e+00
0.000000000000000000e+00
7.251422971117049698e-02
2.556434680219865641e-01
7.206676022504789891e-01
9.059998853893234116e-01
1.348155651030155777e+00
1.527279528854355917e+00
1.927358940257575703e+00
2.093320654628042732e+00
2.435831183928287125e+00
2.580389632321512750e+00
2.852345508277276842e+00
2.965718432217780531e+00
3.157584017301076962e+00
3.230411317211878242e+00
3.337606971779499609e+00
3.363684734150370836e+00
3.386813046731360632e+00
3.364831378871528500e+00
3.310203819494159205e+00
3.244512164300585866e+00
3.121678428639576897e+00
3.020195638579688424e+00
2.838692283153256390e+00
2.709624331428220234e+00
2.477410188233481581e+00
2.326864208748165908e+00
2.048238521357082398e+00
1.878533224408665880e+00
1.557049322465950070e+00
1.368643026600749435e+00
1.009571463753382581e+00
8.035771008186055608e-01
4.185820615471066430e-01
2.002063977415153850e-01
0.000000000000000000e+00
0.000000000000000000e+00
0.000000000000000000e+00
0.000000000000000000e+00
0.000000000000000000e+00
0.000000000000000000e+00
0.000000000000000000e+00
0.000000000000000000e+00
0.000000000000000000e+00
0.000000000000000000e+00
0.000000000000000000e+00
0.000000000000000000e+00
0.000000000000000000e+00
0.000000000000000000e+00
0.000000000000000000e+00
0.000000000000000000e+00
0.000000000000000000e+00
0.000000000000000000e+00
0.000000000000000000e+00
0.000000000000000000e+00
0.000000000000000000e+00
0.000000000000000000e+00
5.583861845651938438e-02
1.871507931468106012e-01
4.126456304493870686e-01
4.908267698167287918e-01
5.089856805652104299e-01
4.962689328016318679e-01
2.772027991181051920e-01
1.573914660921780229e-01
0.000000000000000000e+00
0.000000000000000000e+00
0.000000000000000000e+00
0.000000000000000000e+00
0.000000000000000000e+00
0.000000000000000000e+00
0.000000000000000000e+00
0.000000000000000000e+00
0.000000000000000000e+00
0.000000000000000000e+00
0.000000000000000000e+00
0.000000000000000000e+00
0.000000000000000000e+00
3.983089081368544893e-01
4.708762060441975095e+00
8.192781252610657816e+00
1.244103370372650730e+01
1.379683138875209991e+01
1.718946711318463727e+01
1.850105409970556991e+01
2.168138330690172921e+01
2.299843228082038848e+01
2.600426002011003490e+01
2.731999457438468326e+01
3.010178042246633723e+01
3.140166006287437384e+01
3.388886944620524844e+01
3.515963784121072422e+01
3.728003641027569870e+01
3.850719984944824148e+01
4.019204987073786839e+01
4.135138101320841741e+01
4.253424570423613460e+01
4.358174706812175714e+01
4.419289450825073828e+01
4.505761004733650310e+01
4.502034826566322323e+01
4.560605378737407989e+01
4.483806770123599250e+01
4.503598086088152996e+01
4.345589218424771616e+01
4.316483930880207254e+01
4.069403332493118342e+01
3.983500073419856591e+01
3.636073090043172584e+01
3.485234798291836000e+01
2.997205013516742511e+01
2.743221140280678583e+01
1.556832596481619824e+01
1.267781457711836524e+01
7.888668173110149340e+00
6.120898750050440817e+00
3.021827732546609635e+00
1.779429287575425178e+00
0.000000000000000000e+00
0.000000000000000000e+00
0.000000000000000000e+00
0.000000000000000000e+00
0.000000000000000000e+00
0.000000000000000000e+00
0.000000000000000000e+00
0.000000000000000000e+00
0.000000000000000000e+00
0.000000000000000000e+00
1.019862379929683094e+00
1.651848140666551501e+00
3.008568654582349566e+00
3.555414928702640864e+00
4.860248779481937120e+00
5.235638223308580308e+00
6.377250969352314058e+00
6.548493035244081995e+00
7.481692487461543806e+00
7.471097146658344457e+00
8.215028945002796235e+00
8.088551933324650278e+00
8.711419239775917589e+00
8.556771563670601211e+00
9.153672569587477881e+00
9.054741970515490124e+00
9.725647522557149927e+00
9.742469985380855846e+00
1.059101125332646376e+01
1.076250052160996873e+01
1.198154997660892640e+01
1.242645283021685643e+01
1.572602489270463444e+01
1.620079890898803043e+01
1.743928211083972002e+01
1.765243216890755207e+01
1.850114991813159904e+01
1.861773120138843751e+01
1.927164342612316617e+01
1.934455956733582838e+01
1.987405614681794219e+01
1.994672692108723311e+01
2.038997376052281751e+01
2.049305835834637080e+01
2.086505253045032759e+01
2.100907427058917065e+01
2.130523541749579408e+01
2.148141855727806160e+01
2.168640180027911057e+01
2.187545254783939797e+01
2.197787710946044371e+01
2.216198620084912818e+01
2.216618899031190892e+01
2.233696153680999430e+01
2.226826485150446899e+01
2.242781481316875158e+01
2.233024409104098851e+01
2.248685579820461555e+01
2.241324470762366516e+01
2.257524020309618962e+01
2.257612172382013682e+01
2.274887390562023981e+01
2.285979676485958478e+01
2.304551243909148894e+01
2.327463133050385480e+01
2.347300568653538733e+01
2.379520617795131088e+01
2.400401039612580334e+01
2.436587015573392989e+01
2.458079365201136568e+01
2.491284972501089712e+01
2.512616751677153459e+01
2.535288543871549649e+01
2.555098604322888534e+01
2.559471321660372922e+01
2.575579621073669401e+01
2.553617903594065908e+01
2.562936006880332229e+01
2.505283512563893211e+01
2.503588551999554568e+01
2.395312272503141315e+01
2.375039174158203892e+01
2.156237353343112062e+01
2.004058813974976516e+01
1.654518686343901379e+01
1.616485675603886563e+01
1.455118768294486920e+01
1.433807835695685284e+01
1.316711731542491215e+01
1.303676889272242256e+01
1.216185802305988517e+01
1.205475915193459002e+01
1.138751629235184737e+01
1.123834134875511026e+01
1.070097521037914134e+01
1.045312402830791321e+01
9.986010569918455815e+00
9.609904462408879411e+00
9.181613368709417244e+00
8.682041780811511344e+00
8.288784560011938751e+00
7.698995890621068483e+00
7.354676301659429427e+00
6.723758061330934233e+00
6.447186480790920271e+00
5.827379971766813327e+00
5.632424266083186026e+00
5.068929358593301515e+00
4.956844965071522502e+00
4.479981591530981078e+00
4.435080536763592818e+00
4.056608882783885761e+00
4.047941855871618699e+00
3.762715994075442438e+00
3.751662159507791472e+00
3.542843324683581763e+00
3.492656020271748485e+00
3.337553173535064310e+00
3.223608026612937216e+00
3.099378305665093425e+00
2.913351427724215181e+00
2.800772705360162540e+00
2.550797167057318848e+00
2.436694749031856233e+00
2.143303990635018419e+00
2.021319563785951789e+00
1.710129620044856580e+00
1.579717857450966267e+00
1.276982678321238351e+00
1.142063797505028067e+00
8.699989350848131853e-01
7.367118406911388195e-01
5.103234677747662262e-01
3.848409687507761134e-01
2.088711007497953132e-01
9.534211898666544727e-02
0.000000000000000000e+00
0.000000000000000000e+00
0.000000000000000000e+00
0.000000000000000000e+00
0.000000000000000000e+00
0.000000000000000000e+00
0.000000000000000000e+00
0.000000000000000000e+00
0.000000000000000000e+00
0.000000000000000000e+00
0.000000000000000000e+00
0.000000000000000000e+00
0.000000000000000000e+00
0.000000000000000000e+00
0.000000000000000000e+00
0.000000000000000000e+00
0.000000000000000000e+00
0.000000000000000000e+00
0.000000000000000000e+00
0.000000000000000000e+00
0.000000000000000000e+00
0.000000000000000000e+00
0.000000000000000000e+00
0.000000000000000000e+00
0.000000000000000000e+00
0.000000000000000000e+00
0.000000000000000000e+00
0.000000000000000000e+00
0.000000000000000000e+00
0.000000000000000000e+00
0.000000000000000000e+00
0.000000000000000000e+00
0.000000000000000000e+00
0.000000000000000000e+00
0.000000000000000000e+00
0.000000000000000000e+00
0.000000000000000000e+00
0.000000000000000000e+00
0.000000000000000000e+00
0.000000000000000000e+00
0.000000000000000000e+00
0.000000000000000000e+00
0.000000000000000000e+00
0.000000000000000000e+00
0.000000000000000000e+00
0.000000000000000000e+00
0.000000000000000000e+00
0.000000000000000000e+00
0.000000000000000000e+00
0.000000000000000000e+00
0.000000000000000000e+00
1.598631059293406098e-01
6.132060612433327229e+00
7.657856220826190885e+00
1.254428395016357634e+01
1.337072912441318806e+01
1.730508719489565905e+01
1.814788432886864911e+01
2.190121692571888801e+01
2.279468447304788015e+01
2.640947482895498410e+01
2.735351098363436506e+01
3.075825801567988194e+01
3.174298994837711518e+01
3.482475419282957319e+01
3.583411879101442565e+01
3.846383223664984286e+01
3.947500011415945664e+01
4.152416880930556431e+01
4.250640222872064555e+01
4.386137600216763843e+01
4.477570145511235467e+01
4.534751755024889519e+01
4.614748445713634339e+01
4.587679445333040462e+01
4.651088413135591537e+01
4.536383614469286130e+01
4.577891020016559054e+01
4.373505958818368811e+01
4.388035201857240963e+01
4.090382996743844757e+01
4.073051421042388398e+01
3.669732492806213031e+01
3.613827426763504036e+01
3.050131944773589510e+01
2.930059165113865305e+01
1.585171938238269185e+01
1.431543377107241177e+01
8.614442512533315721e+00
7.645459584138425413e+00
3.936318551561587942e+00
3.127227568905005306e+00
5.232708850007719015e-01
0.000000000000000000e+00
0.000000000000000000e+00
0.000000000000000000e+00
0.000000000000000000e+00
0.000000000000000000e+00
0.000000000000000000e+00
0.000000000000000000e+00
0.000000000000000000e+00
0.000000000000000000e+00
0.000000000000000000e+00
0.000000000000000000e+00
0.000000000000000000e+00
0.000000000000000000e+00
0.000000000000000000e+00
0.000000000000000000e+00
4.282357312876143851e-01
6.532715956787953360e-01
2.418234526788776151e+00
2.728373482502562730e+00
4.497676218892319611e+00
4.843301557203949059e+00
6.532510585507235845e+00
6.863256434572747366e+00
8.427172902040847902e+00
8.706935787340317034e+00
1.015568218933576361e+01
1.037020859860447786e+01
1.179705884650437397e+01
1.196246089574114535e+01
1.371804596875543147e+01
1.398486724257133673e+01
1.736422551020369553e+01
1.741989307729499359e+01
1.858684411263402581e+01
1.851988734285817984e+01
1.931960492929280804e+01
1.923044309732984303e+01
1.985808130307043484e+01
1.980723957953598102e+01
2.033573302705778829e+01
2.036172875038464980e+01
2.081133405672501269e+01
2.092146952440857888e+01
2.127616907064534857e+01
2.144371575706970390e+01
2.166215368093317295e+01
2.183510105526609735e+01
2.187387723065335265e+01
2.199481113628674578e+01
2.183508714208971924e+01
2.186445213289525924e+01
2.153662855447458213e+01
2.147083025659902589e+01
2.106667366961200827e+01
2.094324578711401941e+01
2.060615393921536764e+01
2.049234449683495285e+01
2.037723399170825545e+01
2.034501819308452752e+01
2.056131009012481314e+01
2.066106849996273809e+01
2.122571994225880587e+01
2.147161749636155292e+01
2.230728317700404517e+01
2.268031363039000325e+01
2.365137653721236077e+01
2.411309524147156935e+01
2.506539206009187026e+01
2.557073305467916668e+01
2.635376129330331096e+01
2.685496461691976222e+01
2.732819516133541526e+01
2.776990828558186308e+01
2.779374846259029752e+01
2.810607998860178824e+01
2.753136036943255860e+01
2.763156905769882599e+01
2.627736755349535258e+01
2.608058974385149753e+01
2.360474764238829337e+01
2.300421971905348073e+01
1.641675520668735899e+01
1.543416053218589035e+01
1.177239031050282314e+01
1.084316954968897662e+01
8.040731154839271255e+00
7.126722342451097703e+00
4.860549205846468546e+00
4.043591498220671099e+00
2.311607636580722325e+00
1.659894287918060263e+00
4.739294155854949508e-01
1.654072623100544259e-02
0.000000000000000000e+00
0.000000000000000000e+00
0.000000000000000000e+00
0.000000000000000000e+00
0.000000000000000000e+00
0.000000000000000000e+00
0.000000000000000000e+00
0.000000000000000000e+00
0.000000000000000000e+00
0.000000000000000000e+00
4.069971717406934975e-01
4.142965180100675049e-01
1.003071264057639134e+00
9.926479378885939564e-01
1.512339282265644735e+00
1.482503672433034492e+00
1.894841328098254563e+00
1.846519183519114815e+00
2.132237350088395100e+00
2.067679754615075360e+00
2.225587695509899433e+00
2.148565884064359999e+00
2.195941932958229703e+00
2.112527310800460079e+00
2.077100597244554425e+00
1.994476205667043978e+00
1.905831794734322404e+00
1.829835023433513452e+00
1.712036607473193861e+00
1.644593497936892135e+00
1.508442956882579455e+00
1.445976060505539174e+00
1.289173985523236032e+00
1.223658275445205668e+00
1.034600615345773633e+00
9.567221352718482397e-01
7.218164899545447266e-01
6.252085100661459727e-01
3.369059817783910393e-01
2.215319814485916528e-01
0.000000000000000000e+00
0.000000000000000000e+00
0.000000000000000000e+00
0.000000000000000000e+00
0.000000000000000000e+00
0.000000000000000000e+00
0.000000000000000000e+00
0.000000000000000000e+00
0.000000000000000000e+00
0.000000000000000000e+00
0.000000000000000000e+00
0.000000000000000000e+00
0.000000000000000000e+00
0.000000000000000000e+00
0.000000000000000000e+00
0.000000000000000000e+00
0.000000000000000000e+00
0.000000000000000000e+00
0.000000000000000000e+00
0.000000000000000000e+00
0.000000000000000000e+00
0.000000000000000000e+00
7.272090939113704522e-01
7.473622716399810351e-01
1.878578625089475373e+00
1.937388117566850587e+00
3.165643078661923848e+00
3.263954246276925986e+00
4.489653058873810387e+00
4.618344566401515472e+00
5.623792124446366003e+00
5.753434422577842433e+00
5.966127225661227662e+00
6.020082296062608584e+00
5.213453273543908750e+00
5.184092517397703048e+00
3.986028109680905374e+00
3.897405561524740492e+00
2.622382253501092997e+00
2.483835045888207915e+00
1.303814808337055764e+00
1.130508867600187095e+00
2.067154913376940684e-01
2.527365495585076616e-02
0.000000000000000000e+00
0.000000000000000000e+00
0.000000000000000000e+00
0.000000000000000000e+00
7.752487599952742059e-01
8.191588624117978057e-01
4.619174056802293649e+00
5.108260514256294904e+00
1.223116369276420023e+01
1.255859456979100486e+01
1.688679409279570365e+01
1.726776131188284324e+01
2.141472507969268690e+01
2.185218401349074213e+01
2.588279300751789336e+01
2.636743955376618942e+01
3.020223662223957106e+01
3.072794743495456515e+01
3.424600112839894450e+01
3.481413634668410850e+01
3.788394490749396226e+01
3.850281986994327355e+01
4.099849675380320946e+01
4.167970315749867183e+01
4.349435880077052730e+01
4.424764452182277097e+01
4.530127035256837331e+01
4.612867461017135184e+01
4.637116140000821929e+01
4.726095276186276806e+01
4.666526685543066577e+01
4.758630621612714862e+01
4.613204951242335028e+01
4.703070185021095995e+01
4.467820490761171470e+01
4.548023742173219830e+01
4.212693931491891419e+01
4.274449342156876241e+01
3.811044126239713847e+01
3.844700140578028424e+01
3.136947529969420856e+01
3.124054009342192728e+01
1.690094487929408729e+01
1.659015229262308821e+01
1.061334548876786243e+01
1.013746364541916911e+01
5.799023992251171045e+00
5.148796058329044634e+00
1.818387224802124003e+00
1.061848347779244861e+00
0.000000000000000000e+00
0.000000000000000000e+00
0.000000000000000000e+00
0.000000000000000000e+00
0.000000000000000000e+00
0.000000000000000000e+00
0.000000000000000000e+00
0.000000000000000000e+00
0.000000000000000000e+00
0.000000000000000000e+00
0.000000000000000000e+00
0.000000000000000000e+00
0.000000000000000000e+00
0.000000000000000000e+00
1.126750720079483514e-01
4.451444183566000135e-02
2.104773011370367541e+00
1.940025831005307566e+00
3.885228782401541459e+00
3.619470837572458244e+00
5.407560633688362373e+00
5.083020080011566577e+00
6.747366005793175248e+00
6.431742691804073431e+00
8.064886778155042180e+00
7.822381525635199395e+00
9.589607870524558209e+00
9.458690166721982706e+00
1.186661331479097825e+01
1.187266634644362107e+01
1.597013119382170032e+01
1.600088591579463326e+01
1.767317532969191163e+01
1.769744188583123901e+01
1.895721731394426612e+01
1.893740611067475754e+01
1.994761060974326838e+01
1.986513434374985110e+01
2.066817013268308756e+01
2.053603991309218202e+01
2.115097376051381062e+01
2.100927263469423778e+01
2.145461830084798294e+01
2.135620371291467379e+01
2.164383812004933461e+01
2.163658146545882488e+01
2.176560406258464297e+01
2.187744596773016070e+01
2.182747372075369441e+01
2.205776373310030891e+01
2.178702094149644708e+01
2.210573900184524732e+01
2.155320471817315919e+01
2.190838822380167272e+01
2.099827817571580368e+01
2.133036446167444566e+01
1.996037344406042990e+01
2.021910507188466966e+01
1.813492402865507103e+01
1.829102178802978429e+01
1.353276621168599902e+01
1.359395163828808961e+01
1.153554366113288054e+01
1.153225953820981076e+01
1.030095438996610824e+01
1.025965633947739697e+01
9.538339669386248332e+00
9.484243325646133371e+00
1.557458000015443211e+01
