1.527272727272727337e+01
1.527272727272727337e+01
1.527272727272727337e+01
1.527272727272727337e+01
1.527272727272727337e+01
1.527272727272727337e+01
1.527272727272727337e+01
1.527272727272727337e+01
1.527272727272727337e+01
1.527272727272727337e+01
1.527272727272727337e+01
1.527272727272727337e+01
1.527272727272727337e+01
1.527272727272727337e+01
1.527272727272727337e+01
1.527272727272727337e+01
1.527272727272727337e+01
1.527272727272727337e+01
1.527272727272727337e+01
1.527272727272727337e+01
1.527272727272727337e+01
1.527272727272727337e+01
1.527272727272727337e+01
1.527272727272727337e+01
1.527272727272727337e+01
1.527272727272727337e+01
1.527272727272727337e+01
1.527272727272727337e+01
1.527272727272727337e+01
1.527272727272727337e+01
1.527272727272727337e+01
1.527272727272727337e+01
1.527272727272727337e+01
1.527272727272727337e+01
1.527272727272727337e+01
1.527272727272727337e+01
1.527272727272727337e+01
1.527272727272727337e+01
1.527272727272727337e+01
1.527272727272727337e+01
1.527272727272727337e+01
1.527272727272727337e+01
1.527272727272727337e+01
1.527272727272727337e+01
1.527272727272727337e+01
1.527272727272727337e+01
1.527272727272727337e+01
1.527272727272727337e+01
1.527272727272727337e+01
1.527272727272727337e+01
1.527272727272727337e+01
1.527272727272727337e+01
1.527272727272727337e+01
1.527272727272727337e+01
1.527272727272727337e+01
1.527272727272727337e+01
1.527272727272727337e+01
1.527272727272727337e+01
1.527272727272727337e+01
1.527272727272727337e+01
1.527272727272727337e+01
1.527272727272727337e+01
1.527272727272727337e+01
1.527272727272727337e+01
1.527272727272727337e+01
1.527272727272727337e+01
1.527272727272727337e+01
1.527272727272727337e+01
1.527272727272727337e+01
1.527272727272727337e+01
1.527272727272727337e+01
1.527272727272727337e+01
1.527272727272727337e+01
1.527272727272727337e+01
1.527272727272727337e+01
1.527272727272727337e+01
1.527272727272727337e+01
1.527272727272727337e+01
1.527272727272727337e+01
1.527272727272727337e+01
1.527272727272727337e+01
1.527272727272727337e+01
1.527272727272727337e+01
1.527272727272727337e+01
1.527272727272727337e+01
1.527272727272727337e+01
1.527272727272727337e+01
1.527272727272727337e+01
1.527272727272727337e+01
1.527272727272727337e+01
1.527272727272727337e+01
1.527272727272727337e+01
1.527272727272727337e+01
1.527272727272727337e+01
1.527272727272727337e+01
1.527272727272727337e+01
1.527272727272727337e+01
1.527272727272727337e+01
1.527272727272727337e+01
1.527272727272727337e+01
1.527272727272727337e+01
1.527272727272727337e+01
1.527272727272727337e+01
1.527272727272727337e+01
1.527272727272727337e+01
1.527272727272727337e+01
1.527272727272727337e+01
1.527272727272727337e+01
1.527272727272727337e+01
1.527272727272727337e+01
1.527272727272727337e+01
1.527272727272727337e+01
1.527272727272727337e+01
1.527272727272727337e+01
1.527272727272727337e+01
1.527272727272727337e+01
1.527272727272727337e+01
1.527272727272727337e+01
1.527272727272727337e+01
1.527272727272727337e+01
1.527272727272727337e+01
1.527272727272727337e+01
1.527272727272727337e+01
1.527272727272727337e+01
1.527272727272727337e+01
1.527272727272727337e+01
1.527272727272727337e+01
1.527272727272727337e+01
1.527272727272727337e+01
1.527272727272727337e+01
1.527272727272727337e+01
1.527272727272727337e+01
1.527272727272727337e+01
1.527272727272727337e+01
1.527272727272727337e+01
1.527272727272727337e+01
1.527272727272727337e+01
1.527272727272727337e+01
1.527272727272727337e+01
1.527272727272727337e+01
1.527272727272727337e+01
1.527272727272727337e+01
1.527272727272727337e+01
1.527272727272727337e+01
1.527272727272727337e+01
1.527272727272727337e+01
1.527272727272727337e+01
1.527272727272727337e+01
1.527272727272727337e+01
1.527272727272727337e+01
1.527272727272727337e+01
1.527272727272727337e+01
1.527272727272727337e+01
1.527272727272727337e+01
1.527272727272727337e+01
1.527272727272727337e+01
1.527272727272727337e+01
1.527272727272727337e+01
1.527272727272727337e+01
1.527272727272727337e+01
1.527272727272727337e+01
1.527272727272727337e+01
1.527272727272727337e+01
1.527272727272727337e+01
1.527272727272727337e+01
1.527272727272727337e+01
1.527272727272727337e+01
0.000000000000000000e+00
0.000000000000000000e+00
0.000000000000000000e+00
0.000000000000000000e+00
0.000000000000000000e+00
0.000000000000000000e+00
0.000000000000000000e+00
0.000000000000000000e+00
0.000000000000000000e+00
0.000000000000000000e+00
0.000000000000000000e+00
0.000000000000000000e+00
0.000000000000000000e+00
0.000000000000000000e+00
0.000000000000000000e+00
0.000000000000000000e+00
0.000000000000000000e+00
0.000000000000000000e+00
0.000000000000000000e+00
0.000000000000000000e+00
0.000000000000000000e+00
0.000000000000000000e+00
0.000000000000000000e+00
0.000000000000000000e+00
0.000000000000000000e+00
0.000000000000000000e+00
0.000000000000000000e+00
0.000000000000000000e+00
0.000000000000000000e+00
0.000000000000000000e+00
0.000000000000000000e+00
0.000000000000000000e+00
0.000000000000000000e+00
0.000000000000000000e+00
0.000000000000000000e+00
0.000000000000000000e+00
0.000000000000000000e+00
0.000000000000000000e+00
0.000000000000000000e+00
0.000000000000000000e+00
0.000000000000000000e+00
0.000000000000000000e+00
0.000000000000000000e+00
0.000000000000000000e+00
0.000000000000000000e+00
0.000000000000000000e+00
0.000000000000000000e+00
0.000000000000000000e+00
0.000000000000000000e+00
0.000000000000000000e+00
2.499999988449133355e+02
2.427893187955689598e+02
2.358001464833774037e+02
2.290256773244044837e+02
2.224593157674256361e+02
2.160946688725675244e+02
2.099255400872092707e+02
2.039459232130851944e+02
1.981499965587134682e+02
1.925321172714594127e+02
1.870868158437140210e+02
1.818087907878393139e+02
1.766929034746965499e+02
1.717341731307312216e+02
1.669277719887448939e+02
1.622690205876324683e+02
1.577533832165083538e+02
1.533764634987866202e+02
1.491340001119154692e+02
1.450218626385987477e+02
1.410360475454656353e+02
1.371726742852730467e+02
1.334279815188461100e+02
1.297983234530780976e+02
1.262801662914252319e+02
1.228700847934396876e+02
1.195647589399920463e+02
1.163609707009357521e+02
1.132556009020673571e+02
1.102456261883313857e+02
1.073281160803142029e+02
1.045002301211602287e+02
1.017592151111333578e+02
9.910240242713095427e+01
9.652720542454071051e+01
9.403111691891095347e+01
9.161170674498244182e+01
8.926661939070534402e+01
8.699357170393767547e+01
8.479035066959262679e+01
8.265481125507062643e+01
8.058487432187831701e+01
7.857852460140141204e+01
7.663380873286065764e+01
7.474883336154034907e+01
7.292176329543853797e+01
7.115081971854333176e+01
6.943427845899670103e+01
6.777046831045895203e+01
6.615776940504009929e+01
6.459461163621357116e+01
6.307947313017726287e+01
6.161087876417332154e+01
6.018739873032427568e+01
5.880764714358736001e+01
5.747028069247143378e+01
5.617399733120329586e+01
5.491753501206965637e+01
5.369967045670095729e+01
5.251921796510046647e+01
5.137502826125947308e+01
5.026598737423421426e+01
4.919101555359574718e+01
4.814906621819627475e+01
4.713912493722895647e+01
4.616020844258878242e+01
4.521136367157321700e+01
4.429166683899044443e+01
4.340022253777198813e+01
4.253616286721378259e+01
4.169864658799740198e+01
4.088685830316830305e+01
4.010000766427398844e+01
3.933732860188923297e+01
3.859807857977899914e+01
3.788153787197299494e+01
3.718700886204816669e+01
3.651381536393672889e+01
3.586130196359864186e+01
3.522883338091737215e+01
3.461579385119799213e+01
3.402158652566519237e+01
3.344563289037765941e+01
3.288737220299302066e+01
3.234626094683507347e+01
3.182177230173173754e+01
3.131339563110849866e+01
3.082063598483809130e+01
3.034301361736227776e+01
2.988006352061670867e+01
2.943133497130398624e+01
2.899639109207424070e+01
2.857480842618599581e+01
2.816617652523320459e+01
2.777009754953699172e+01
2.738618588081319771e+01
2.701406774673850819e+01
2.665338085704970084e+01
2.630377405082166220e+01
2.596490695458087572e+01
2.563644965092139216e+01
2.531808235730077428e+01
2.500949511470319919e+01
2.471038748586662948e+01
2.442046826278032512e+01
2.413945518316780081e+01
2.386707465567926079e+01
2.360306149352597060e+01
2.334715865629722487e+01
2.309911699970853860e+01
2.285869503303739236e+01
2.262565868401044611e+01
2.239978107091327786e+01
2.218084228170070915e+01
2.196862915989282072e+01
2.176293509704804308e+01
2.156355983161137857e+01
2.137030925394187619e+01
2.118299521732954105e+01
2.100143535481770840e+01
2.082545290165251117e+01
2.065487652318657297e+01
2.048954014806943746e+01
2.032928280656225439e+01
2.017394847381936174e+01
2.002338591798412892e+01
1.987744855295126456e+01
1.973599429565209817e+01
1.959888542772405629e+01
1.946598846142949313e+01
1.933717400969346656e+01
1.921231666013384043e+01
1.909129485296114837e+01
1.897399076262924211e+01
1.886029018312160943e+01
1.875008241676160736e+01
1.864326016643837391e+01
1.853971943114351006e+01
1.843935940471678947e+01
1.834208237770236849e+01
1.824779364221987166e+01
1.815640139975784351e+01
1.806781667179965467e+01
1.798195321319498774e+01
1.789872742819245843e+01
1.781805828905169875e+01
1.773986725715558777e+01
1.766407820654590211e+01
1.759061734980789637e+01
1.751941316623164724e+01
1.745039633218024733e+01
1.738349965359706317e+01
1.731865800058631066e+01
1.725580824400326563e+01
1.719488919399242732e+01
1.713584154041368990e+01
1.707860779509865523e+01
1.702313223588074109e+01
1.696936085234466418e+01
1.691724129324250470e+01
1.686672281552506192e+01
1.681775623493895466e+01
1.677029387814138772e+01
1.672428953628585191e+01
1.667969842003371284e+01
1.663647711594776624e+01
1.659458354422539372e+01
1.655397691773009328e+01
1.651461770228158343e+01
1.647646757816570684e+01
1.643948940282681548e+01
1.640364717470611566e+01
1.636890599819098213e+01
1.633523204964092557e+01
1.630259254445727635e+01
1.627095570516443246e+01
1.624029073047167060e+01
1.621056776528529753e+01
1.618175787164208757e+01
1.615383300053556681e+01
1.612676596460780232e+01
1.610053041168008647e+01
1.607510079909671674e+01
1.605045236885696625e+01
1.602656112351093043e+01
1.600340380279587649e+01
1.598095786099030491e+01
1.595920144496366078e+01
1.593811337290036434e+01
1.591767311367742188e+01
1.589786076687554406e+01
1.587865704340430106e+01
0.000000000000000000e+00
0.000000000000000000e+00
0.000000000000000000e+00
0.000000000000000000e+00
0.000000000000000000e+00
0.000000000000000000e+00
0.000000000000000000e+00
0.000000000000000000e+00
0.000000000000000000e+00
0.000000000000000000e+00
0.000000000000000000e+00
0.000000000000000000e+00
0.000000000000000000e+00
0.000000000000000000e+00
0.000000000000000000e+00
0.000000000000000000e+00
0.000000000000000000e+00
0.000000000000000000e+00
0.000000000000000000e+00
0.000000000000000000e+00
0.000000000000000000e+00
0.000000000000000000e+00
0.000000000000000000e+00
0.000000000000000000e+00
0.000000000000000000e+00
0.000000000000000000e+00
0.000000000000000000e+00
0.000000000000000000e+00
0.000000000000000000e+00
0.000000000000000000e+00
0.000000000000000000e+00
0.000000000000000000e+00
0.000000000000000000e+00
0.000000000000000000e+00
0.000000000000000000e+00
0.000000000000000000e+00
0.000000000000000000e+00
0.000000000000000000e+00
0.000000000000000000e+00
0.000000000000000000e+00
0.000000000000000000e+00
0.000000000000000000e+00
0.000000000000000000e+00
0.000000000000000000e+00
0.000000000000000000e+00
0.000000000000000000e+00
0.000000000000000000e+00
0.000000000000000000e+00
0.000000000000000000e+00
0.000000000000000000e+00
0.000000000000000000e+00
0.000000000000000000e+00
0.000000000000000000e+00
0.000000000000000000e+00
0.000000000000000000e+00
0.000000000000000000e+00
0.000000000000000000e+00
0.000000000000000000e+00
0.000000000000000000e+00
0.000000000000000000e+00
0.000000000000000000e+00
0.000000000000000000e+00
0.000000000000000000e+00
0.000000000000000000e+00
0.000000000000000000e+00
2.499999988449133355e+02
2.427893187955689598e+02
2.358001464833774037e+02
2.290256773244044837e+02
2.224593157674256361e+02
2.160946688725675244e+02
2.099255400872092707e+02
2.039459232130851944e+02
1.981499965587134682e+02
1.925321172714594127e+02
1.870868158437140210e+02
1.818087907878393139e+02
1.766929034746965499e+02
1.717341731307312216e+02
1.669277719887448939e+02
1.622690205876324683e+02
1.577533832165083538e+02
1.533764634987866202e+02
1.491340001119154692e+02
1.450218626385987477e+02
1.410360475454656353e+02
1.371726742852730467e+02
1.334279815188461100e+02
1.297983234530780976e+02
1.262801662914252319e+02
1.228700847934396876e+02
1.195647589399920463e+02
1.163609707009357521e+02
1.132556009020673571e+02
1.102456261883313857e+02
1.073281160803142029e+02
1.045002301211602287e+02
1.017592151111333578e+02
9.910240242713095427e+01
9.652720542454071051e+01
9.403111691891095347e+01
9.161170674498244182e+01
8.926661939070534402e+01
8.699357170393767547e+01
8.479035066959262679e+01
8.265481125507062643e+01
8.058487432187831701e+01
7.857852460140141204e+01
7.663380873286065764e+01
7.474883336154034907e+01
7.292176329543853797e+01
7.115081971854333176e+01
6.943427845899670103e+01
6.777046831045895203e+01
6.615776940504009929e+01
6.459461163621357116e+01
6.307947313017726287e+01
6.161087876417332154e+01
6.018739873032427568e+01
5.880764714358736001e+01
5.747028069247143378e+01
5.617399733120329586e+01
5.491753501206965637e+01
5.369967045670095729e+01
5.251921796510046647e+01
5.137502826125947308e+01
5.026598737423421426e+01
4.919101555359574718e+01
4.814906621819627475e+01
4.713912493722895647e+01
4.616020844258878242e+01
4.521136367157321700e+01
4.429166683899044443e+01
4.340022253777198813e+01
4.253616286721378259e+01
4.169864658799740198e+01
4.088685830316830305e+01
4.010000766427398844e+01
3.933732860188923297e+01
3.859807857977899914e+01
3.788153787197299494e+01
3.718700886204816669e+01
3.651381536393672889e+01
3.586130196359864186e+01
3.522883338091737215e+01
3.461579385119799213e+01
3.402158652566519237e+01
3.344563289037765941e+01
3.288737220299302066e+01
3.234626094683507347e+01
3.182177230173173754e+01
3.131339563110849866e+01
3.082063598483809130e+01
3.034301361736227776e+01
2.988006352061670867e+01
2.943133497130398624e+01
2.899639109207424070e+01
2.857480842618599581e+01
2.816617652523320459e+01
2.777009754953699172e+01
2.738618588081319771e+01
2.701406774673850819e+01
2.665338085704970084e+01
2.630377405082166220e+01
2.596490695458087572e+01
2.563644965092139216e+01
2.531808235730077428e+01
2.500949511470319919e+01
2.471038748586662948e+01
2.442046826278032512e+01
2.413945518316780081e+01
2.386707465567926079e+01
2.360306149352597060e+01
2.334715865629722487e+01
2.309911699970853860e+01
2.285869503303739236e+01
2.262565868401044611e+01
2.239978107091327786e+01
2.218084228170070915e+01
2.196862915989282072e+01
2.176293509704804308e+01
2.156355983161137857e+01
2.137030925394187619e+01
2.118299521732954105e+01
2.100143535481770840e+01
2.082545290165251117e+01
2.065487652318657297e+01
2.048954014806943746e+01
2.032928280656225439e+01
2.017394847381936174e+01
2.002338591798412892e+01
1.987744855295126456e+01
1.973599429565209817e+01
1.959888542772405629e+01
1.946598846142949313e+01
1.933717400969346656e+01
1.921231666013384043e+01
1.909129485296114837e+01
1.897399076262924211e+01
1.886029018312160943e+01
1.875008241676160736e+01
1.864326016643837391e+01
1.853971943114351006e+01
1.843935940471678947e+01
1.834208237770236849e+01
1.824779364221987166e+01
1.815640139975784351e+01
1.806781667179965467e+01
1.798195321319498774e+01
1.789872742819245843e+01
1.781805828905169875e+01
1.773986725715558777e+01
1.766407820654590211e+01
1.759061734980789637e+01
1.751941316623164724e+01
1.745039633218024733e+01
1.738349965359706317e+01
1.731865800058631066e+01
1.725580824400326563e+01
1.719488919399242732e+01
1.713584154041368990e+01
1.707860779509865523e+01
1.702313223588074109e+01
1.696936085234466418e+01
1.691724129324250470e+01
1.686672281552506192e+01
1.681775623493895466e+01
1.677029387814138772e+01
1.672428953628585191e+01
1.667969842003371284e+01
1.663647711594776624e+01
1.659458354422539372e+01
1.655397691773009328e+01
1.651461770228158343e+01
1.647646757816570684e+01
1.643948940282681548e+01
1.640364717470611566e+01
1.636890599819098213e+01
1.633523204964092557e+01
0.000000000000000000e+00
0.000000000000000000e+00
0.000000000000000000e+00
0.000000000000000000e+00
0.000000000000000000e+00
0.000000000000000000e+00
0.000000000000000000e+00
0.000000000000000000e+00
0.000000000000000000e+00
0.000000000000000000e+00
0.000000000000000000e+00
0.000000000000000000e+00
0.000000000000000000e+00
0.000000000000000000e+00
0.000000000000000000e+00
0.000000000000000000e+00
0.000000000000000000e+00
0.000000000000000000e+00
0.000000000000000000e+00
0.000000000000000000e+00
0.000000000000000000e+00
0.000000000000000000e+00
0.000000000000000000e+00
0.000000000000000000e+00
0.000000000000000000e+00
0.000000000000000000e+00
0.000000000000000000e+00
0.000000000000000000e+00
0.000000000000000000e+00
0.000000000000000000e+00
0.000000000000000000e+00
0.000000000000000000e+00
0.000000000000000000e+00
0.000000000000000000e+00
0.000000000000000000e+00
0.000000000000000000e+00
0.000000000000000000e+00
0.000000000000000000e+00
0.000000000000000000e+00
0.000000000000000000e+00
0.000000000000000000e+00
0.000000000000000000e+00
0.000000000000000000e+00
0.000000000000000000e+00
0.000000000000000000e+00
0.000000000000000000e+00
0.000000000000000000e+00
0.000000000000000000e+00
0.000000000000000000e+00
0.000000000000000000e+00
0.000000000000000000e+00
0.000000000000000000e+00
0.000000000000000000e+00
0.000000000000000000e+00
0.000000000000000000e+00
0.000000000000000000e+00
2.499999988449133355e+02
2.427893187955689598e+02
2.358001464833774037e+02
2.290256773244044837e+02
2.224593157674256361e+02
2.160946688725675244e+02
2.099255400872092707e+02
2.039459232130851944e+02
1.981499965587134682e+02
1.925321172714594127e+02
1.870868158437140210e+02
1.818087907878393139e+02
1.766929034746965499e+02
1.717341731307312216e+02
1.669277719887448939e+02
1.622690205876324683e+02
1.577533832165083538e+02
1.533764634987866202e+02
1.491340001119154692e+02
1.450218626385987477e+02
1.410360475454656353e+02
1.371726742852730467e+02
1.334279815188461100e+02
1.297983234530780976e+02
1.262801662914252319e+02
1.228700847934396876e+02
1.195647589399920463e+02
1.163609707009357521e+02
1.132556009020673571e+02
1.102456261883313857e+02
1.073281160803142029e+02
1.045002301211602287e+02
1.017592151111333578e+02
9.910240242713095427e+01
9.652720542454071051e+01
9.403111691891095347e+01
9.161170674498244182e+01
8.926661939070534402e+01
8.699357170393767547e+01
8.479035066959262679e+01
8.265481125507062643e+01
8.058487432187831701e+01
7.857852460140141204e+01
7.663380873286065764e+01
7.474883336154034907e+01
7.292176329543853797e+01
7.115081971854333176e+01
6.943427845899670103e+01
6.777046831045895203e+01
6.615776940504009929e+01
6.459461163621357116e+01
6.307947313017726287e+01
6.161087876417332154e+01
6.018739873032427568e+01
5.880764714358736001e+01
5.747028069247143378e+01
5.617399733120329586e+01
5.491753501206965637e+01
5.369967045670095729e+01
5.251921796510046647e+01
5.137502826125947308e+01
5.026598737423421426e+01
4.919101555359574718e+01
4.814906621819627475e+01
4.713912493722895647e+01
4.616020844258878242e+01
4.521136367157321700e+01
4.429166683899044443e+01
4.340022253777198813e+01
4.253616286721378259e+01
4.169864658799740198e+01
4.088685830316830305e+01
4.010000766427398844e+01
3.933732860188923297e+01
3.859807857977899914e+01
3.788153787197299494e+01
3.718700886204816669e+01
3.651381536393672889e+01
3.586130196359864186e+01
3.522883338091737215e+01
3.461579385119799213e+01
3.402158652566519237e+01
3.344563289037765941e+01
3.288737220299302066e+01
3.234626094683507347e+01
3.182177230173173754e+01
3.131339563110849866e+01
3.082063598483809130e+01
3.034301361736227776e+01
2.988006352061670867e+01
2.943133497130398624e+01
2.899639109207424070e+01
2.857480842618599581e+01
2.816617652523320459e+01
2.777009754953699172e+01
2.738618588081319771e+01
2.701406774673850819e+01
2.665338085704970084e+01
2.630377405082166220e+01
2.596490695458087572e+01
2.563644965092139216e+01
2.531808235730077428e+01
2.500949511470319919e+01
2.471038748586662948e+01
2.442046826278032512e+01
2.413945518316780081e+01
2.386707465567926079e+01
2.360306149352597060e+01
2.334715865629722487e+01
2.309911699970853860e+01
2.285869503303739236e+01
2.262565868401044611e+01
2.239978107091327786e+01
2.218084228170070915e+01
2.196862915989282072e+01
2.176293509704804308e+01
2.156355983161137857e+01
2.137030925394187619e+01
2.118299521732954105e+01
2.100143535481770840e+01
2.082545290165251117e+01
2.065487652318657297e+01
2.048954014806943746e+01
2.032928280656225439e+01
2.017394847381936174e+01
2.002338591798412892e+01
1.987744855295126456e+01
1.973599429565209817e+01
1.959888542772405629e+01
1.946598846142949313e+01
1.933717400969346656e+01
1.921231666013384043e+01
1.909129485296114837e+01
1.897399076262924211e+01
1.886029018312160943e+01
1.875008241676160736e+01
1.864326016643837391e+01
1.853971943114351006e+01
1.843935940471678947e+01
1.834208237770236849e+01
1.824779364221987166e+01
1.815640139975784351e+01
1.806781667179965467e+01
1.798195321319498774e+01
1.789872742819245843e+01
1.781805828905169875e+01
1.773986725715558777e+01
1.766407820654590211e+01
1.759061734980789637e+01
1.751941316623164724e+01
1.745039633218024733e+01
1.738349965359706317e+01
1.731865800058631066e+01
1.725580824400326563e+01
1.719488919399242732e+01
1.713584154041368990e+01
1.707860779509865523e+01
1.702313223588074109e+01
1.696936085234466418e+01
1.691724129324250470e+01
1.686672281552506192e+01
1.681775623493895466e+01
1.677029387814138772e+01
1.672428953628585191e+01
1.667969842003371284e+01
1.663647711594776624e+01
1.659458354422539372e+01
1.655397691773009328e+01
1.651461770228158343e+01
1.647646757816570684e+01
1.643948940282681548e+01
0.000000000000000000e+00
0.000000000000000000e+00
0.000000000000000000e+00
0.000000000000000000e+00
0.000000000000000000e+00
0.000000000000000000e+00
0.000000000000000000e+00
0.000000000000000000e+00
0.000000000000000000e+00
0.000000000000000000e+00
0.000000000000000000e+00
0.000000000000000000e+00
0.000000000000000000e+00
0.000000000000000000e+00
0.000000000000000000e+00
0.000000000000000000e+00
0.000000000000000000e+00
0.000000000000000000e+00
0.000000000000000000e+00
0.000000000000000000e+00
0.000000000000000000e+00
0.000000000000000000e+00
0.000000000000000000e+00
0.000000000000000000e+00
0.000000000000000000e+00
0.000000000000000000e+00
0.000000000000000000e+00
0.000000000000000000e+00
0.000000000000000000e+00
0.000000000000000000e+00
0.000000000000000000e+00
0.000000000000000000e+00
0.000000000000000000e+00
0.000000000000000000e+00
0.000000000000000000e+00
0.000000000000000000e+00
0.000000000000000000e+00
0.000000000000000000e+00
0.000000000000000000e+00
0.000000000000000000e+00
0.000000000000000000e+00
0.000000000000000000e+00
0.000000000000000000e+00
0.000000000000000000e+00
0.000000000000000000e+00
0.000000000000000000e+00
0.000000000000000000e+00
0.000000000000000000e+00
0.000000000000000000e+00
0.000000000000000000e+00
0.000000000000000000e+00
0.000000000000000000e+00
0.000000000000000000e+00
0.000000000000000000e+00
0.000000000000000000e+00
0.000000000000000000e+00
0.000000000000000000e+00
0.000000000000000000e+00
0.000000000000000000e+00
0.000000000000000000e+00
2.499999988449133355e+02
2.427893187955689598e+02
2.358001464833774037e+02
2.290256773244044837e+02
2.224593157674256361e+02
2.160946688725675244e+02
2.099255400872092707e+02
2.039459232130851944e+02
1.981499965587134682e+02
1.925321172714594127e+02
1.870868158437140210e+02
1.818087907878393139e+02
1.766929034746965499e+02
1.717341731307312216e+02
1.669277719887448939e+02
1.622690205876324683e+02
1.577533832165083538e+02
1.533764634987866202e+02
1.491340001119154692e+02
1.450218626385987477e+02
1.410360475454656353e+02
1.371726742852730467e+02
1.334279815188461100e+02
1.297983234530780976e+02
1.262801662914252319e+02
1.228700847934396876e+02
1.195647589399920463e+02
1.163609707009357521e+02
1.132556009020673571e+02
1.102456261883313857e+02
1.073281160803142029e+02
1.045002301211602287e+02
1.017592151111333578e+02
9.910240242713095427e+01
9.652720542454071051e+01
9.403111691891095347e+01
9.161170674498244182e+01
8.926661939070534402e+01
8.699357170393767547e+01
8.479035066959262679e+01
8.265481125507062643e+01
8.058487432187831701e+01
7.857852460140141204e+01
7.663380873286065764e+01
7.474883336154034907e+01
7.292176329543853797e+01
7.115081971854333176e+01
6.943427845899670103e+01
6.777046831045895203e+01
6.615776940504009929e+01
6.459461163621357116e+01
6.307947313017726287e+01
6.161087876417332154e+01
6.018739873032427568e+01
5.880764714358736001e+01
5.747028069247143378e+01
5.617399733120329586e+01
5.491753501206965637e+01
5.369967045670095729e+01
5.251921796510046647e+01
5.137502826125947308e+01
5.026598737423421426e+01
4.919101555359574718e+01
4.814906621819627475e+01
4.713912493722895647e+01
4.616020844258878242e+01
4.521136367157321700e+01
4.429166683899044443e+01
4.340022253777198813e+01
4.253616286721378259e+01
4.169864658799740198e+01
4.088685830316830305e+01
4.010000766427398844e+01
3.933732860188923297e+01
3.859807857977899914e+01
3.788153787197299494e+01
3.718700886204816669e+01
3.651381536393672889e+01
3.586130196359864186e+01
3.522883338091737215e+01
3.461579385119799213e+01
3.402158652566519237e+01
3.344563289037765941e+01
3.288737220299302066e+01
3.234626094683507347e+01
3.182177230173173754e+01
3.131339563110849866e+01
3.082063598483809130e+01
3.034301361736227776e+01
2.988006352061670867e+01
2.943133497130398624e+01
2.899639109207424070e+01
2.857480842618599581e+01
2.816617652523320459e+01
2.777009754953699172e+01
2.738618588081319771e+01
2.701406774673850819e+01
2.665338085704970084e+01
2.630377405082166220e+01
2.596490695458087572e+01
2.563644965092139216e+01
2.531808235730077428e+01
2.500949511470319919e+01
2.471038748586662948e+01
2.442046826278032512e+01
2.413945518316780081e+01
2.386707465567926079e+01
2.360306149352597060e+01
2.334715865629722487e+01
2.309911699970853860e+01
2.285869503303739236e+01
2.262565868401044611e+01
2.239978107091327786e+01
2.218084228170070915e+01
2.196862915989282072e+01
2.176293509704804308e+01
2.156355983161137857e+01
2.137030925394187619e+01
2.118299521732954105e+01
2.100143535481770840e+01
2.082545290165251117e+01
2.065487652318657297e+01
2.048954014806943746e+01
2.032928280656225439e+01
2.017394847381936174e+01
2.002338591798412892e+01
1.987744855295126456e+01
1.973599429565209817e+01
1.959888542772405629e+01
1.946598846142949313e+01
1.933717400969346656e+01
1.921231666013384043e+01
1.909129485296114837e+01
1.897399076262924211e+01
1.886029018312160943e+01
1.875008241676160736e+01
1.864326016643837391e+01
1.853971943114351006e+01
1.843935940471678947e+01
1.834208237770236849e+01
1.824779364221987166e+01
1.815640139975784351e+01
1.806781667179965467e+01
1.798195321319498774e+01
1.789872742819245843e+01
1.781805828905169875e+01
1.773986725715558777e+01
1.766407820654590211e+01
1.759061734980789637e+01
1.751941316623164724e+01
1.745039633218024733e+01
1.738349965359706317e+01
1.731865800058631066e+01
1.725580824400326563e+01
1.719488919399242732e+01
1.713584154041368990e+01
1.707860779509865523e+01
0.000000000000000000e+00
0.000000000000000000e+00
0.000000000000000000e+00
0.000000000000000000e+00
0.000000000000000000e+00
0.000000000000000000e+00
0.000000000000000000e+00
0.000000000000000000e+00
0.000000000000000000e+00
0.000000000000000000e+00
0.000000000000000000e+00
0.000000000000000000e+00
0.000000000000000000e+00
0.000000000000000000e+00
0.000000000000000000e+00
0.000000000000000000e+00
0.000000000000000000e+00
0.000000000000000000e+00
0.000000000000000000e+00
0.000000000000000000e+00
0.000000000000000000e+00
0.000000000000000000e+00
0.000000000000000000e+00
0.000000000000000000e+00
0.000000000000000000e+00
0.000000000000000000e+00
0.000000000000000000e+00
0.000000000000000000e+00
0.000000000000000000e+00
0.000000000000000000e+00
0.000000000000000000e+00
0.000000000000000000e+00
0.000000000000000000e+00
0.000000000000000000e+00
0.000000000000000000e+00
0.000000000000000000e+00
0.000000000000000000e+00
0.000000000000000000e+00
0.000000000000000000e+00
0.000000000000000000e+00
0.000000000000000000e+00
0.000000000000000000e+00
0.000000000000000000e+00
0.000000000000000000e+00
0.000000000000000000e+00
0.000000000000000000e+00
0.000000000000000000e+00
0.000000000000000000e+00
0.000000000000000000e+00
0.000000000000000000e+00
0.000000000000000000e+00
0.000000000000000000e+00
0.000000000000000000e+00
0.000000000000000000e+00
0.000000000000000000e+00
0.000000000000000000e+00
0.000000000000000000e+00
0.000000000000000000e+00
0.000000000000000000e+00
0.000000000000000000e+00
0.000000000000000000e+00
0.000000000000000000e+00
0.000000000000000000e+00
0.000000000000000000e+00
0.000000000000000000e+00
0.000000000000000000e+00
0.000000000000000000e+00
0.000000000000000000e+00
0.000000000000000000e+00
0.000000000000000000e+00
0.000000000000000000e+00
0.000000000000000000e+00
0.000000000000000000e+00
0.000000000000000000e+00
0.000000000000000000e+00
0.000000000000000000e+00
0.000000000000000000e+00
0.000000000000000000e+00
0.000000000000000000e+00
0.000000000000000000e+00
0.000000000000000000e+00
0.000000000000000000e+00
0.000000000000000000e+00
0.000000000000000000e+00
0.000000000000000000e+00
0.000000000000000000e+00
0.000000000000000000e+00
0.000000000000000000e+00
0.000000000000000000e+00
0.000000000000000000e+00
0.000000000000000000e+00
0.000000000000000000e+00
0.000000000000000000e+00
0.000000000000000000e+00
0.000000000000000000e+00
0.000000000000000000e+00
0.000000000000000000e+00
0.000000000000000000e+00
2.499999988449133355e+02
2.427893187955689598e+02
2.358001464833774037e+02
2.290256773244044837e+02
2.224593157674256361e+02
2.160946688725675244e+02
2.099255400872092707e+02
2.039459232130851944e+02
1.981499965587134682e+02
1.925321172714594127e+02
1.870868158437140210e+02
1.818087907878393139e+02
1.766929034746965499e+02
1.717341731307312216e+02
1.669277719887448939e+02
1.622690205876324683e+02
1.577533832165083538e+02
1.533764634987866202e+02
1.491340001119154692e+02
1.450218626385987477e+02
1.410360475454656353e+02
1.371726742852730467e+02
1.334279815188461100e+02
1.297983234530780976e+02
1.262801662914252319e+02
1.228700847934396876e+02
1.195647589399920463e+02
1.163609707009357521e+02
1.132556009020673571e+02
1.102456261883313857e+02
1.073281160803142029e+02
1.045002301211602287e+02
1.017592151111333578e+02
9.910240242713095427e+01
9.652720542454071051e+01
9.403111691891095347e+01
9.161170674498244182e+01
8.926661939070534402e+01
8.699357170393767547e+01
8.479035066959262679e+01
8.265481125507062643e+01
8.058487432187831701e+01
7.857852460140141204e+01
7.663380873286065764e+01
7.474883336154034907e+01
7.292176329543853797e+01
7.115081971854333176e+01
6.943427845899670103e+01
6.777046831045895203e+01
6.615776940504009929e+01
6.459461163621357116e+01
6.307947313017726287e+01
6.161087876417332154e+01
6.018739873032427568e+01
5.880764714358736001e+01
5.747028069247143378e+01
5.617399733120329586e+01
5.491753501206965637e+01
5.369967045670095729e+01
5.251921796510046647e+01
5.137502826125947308e+01
5.026598737423421426e+01
4.919101555359574718e+01
4.814906621819627475e+01
4.713912493722895647e+01
4.616020844258878242e+01
4.521136367157321700e+01
4.429166683899044443e+01
4.340022253777198813e+01
4.253616286721378259e+01
4.169864658799740198e+01
4.088685830316830305e+01
4.010000766427398844e+01
3.933732860188923297e+01
3.859807857977899914e+01
3.788153787197299494e+01
3.718700886204816669e+01
3.651381536393672889e+01
3.586130196359864186e+01
3.522883338091737215e+01
3.461579385119799213e+01
3.402158652566519237e+01
3.344563289037765941e+01
3.288737220299302066e+01
3.234626094683507347e+01
3.182177230173173754e+01
3.131339563110849866e+01
3.082063598483809130e+01
3.034301361736227776e+01
2.988006352061670867e+01
2.943133497130398624e+01
2.899639109207424070e+01
2.857480842618599581e+01
2.816617652523320459e+01
2.777009754953699172e+01
2.738618588081319771e+01
2.701406774673850819e+01
2.665338085704970084e+01
2.630377405082166220e+01
2.596490695458087572e+01
2.563644965092139216e+01
2.531808235730077428e+01
2.500949511470319919e+01
2.471038748586662948e+01
2.442046826278032512e+01
2.413945518316780081e+01
2.386707465567926079e+01
2.360306149352597060e+01
2.334715865629722487e+01
2.309911699970853860e+01
2.285869503303739236e+01
2.262565868401044611e+01
2.239978107091327786e+01
2.218084228170070915e+01
2.196862915989282072e+01
2.176293509704804308e+01
2.156355983161137857e+01
2.137030925394187619e+01
2.118299521732954105e+01
2.100143535481770840e+01
2.082545290165251117e+01
2.065487652318657297e+01
2.048954014806943746e+01
2.032928280656225439e+01
2.017394847381936174e+01
2.002338591798412892e+01
1.987744855295126456e+01
1.973599429565209817e+01
1.959888542772405629e+01
1.946598846142949313e+01
1.933717400969346656e+01
1.921231666013384043e+01
1.909129485296114837e+01
1.897399076262924211e+01
1.886029018312160943e+01
1.875008241676160736e+01
1.864326016643837391e+01
1.853971943114351006e+01
1.843935940471678947e+01
1.834208237770236849e+01
1.824779364221987166e+01
1.815640139975784351e+01
1.806781667179965467e+01
1.798195321319498774e+01
1.789872742819245843e+01
1.781805828905169875e+01
1.773986725715558777e+01
1.766407820654590211e+01
1.759061734980789637e+01
1.751941316623164724e+01
1.745039633218024733e+01
1.738349965359706317e+01
1.731865800058631066e+01
1.725580824400326563e+01
1.719488919399242732e+01
1.713584154041368990e+01
0.000000000000000000e+00
0.000000000000000000e+00
0.000000000000000000e+00
0.000000000000000000e+00
0.000000000000000000e+00
0.000000000000000000e+00
0.000000000000000000e+00
0.000000000000000000e+00
0.000000000000000000e+00
0.000000000000000000e+00
0.000000000000000000e+00
0.000000000000000000e+00
0.000000000000000000e+00
0.000000000000000000e+00
0.000000000000000000e+00
0.000000000000000000e+00
0.000000000000000000e+00
0.000000000000000000e+00
0.000000000000000000e+00
0.000000000000000000e+00
0.000000000000000000e+00
0.000000000000000000e+00
0.000000000000000000e+00
0.000000000000000000e+00
0.000000000000000000e+00
0.000000000000000000e+00
0.000000000000000000e+00
0.000000000000000000e+00
0.000000000000000000e+00
0.000000000000000000e+00
0.000000000000000000e+00
0.000000000000000000e+00
0.000000000000000000e+00
0.000000000000000000e+00
0.000000000000000000e+00
0.000000000000000000e+00
0.000000000000000000e+00
0.000000000000000000e+00
0.000000000000000000e+00
0.000000000000000000e+00
0.000000000000000000e+00
0.000000000000000000e+00
0.000000000000000000e+00
0.000000000000000000e+00
0.000000000000000000e+00
0.000000000000000000e+00
0.000000000000000000e+00
0.000000000000000000e+00
0.000000000000000000e+00
0.000000000000000000e+00
0.000000000000000000e+00
0.000000000000000000e+00
0.000000000000000000e+00
0.000000000000000000e+00
0.000000000000000000e+00
0.000000000000000000e+00
0.000000000000000000e+00
0.000000000000000000e+00
0.000000000000000000e+00
0.000000000000000000e+00
0.000000000000000000e+00
0.000000000000000000e+00
0.000000000000000000e+00
0.000000000000000000e+00
0.000000000000000000e+00
0.000000000000000000e+00
0.000000000000000000e+00
0.000000000000000000e+00
0.000000000000000000e+00
0.000000000000000000e+00
0.000000000000000000e+00
0.000000000000000000e+00
0.000000000000000000e+00
0.000000000000000000e+00
0.000000000000000000e+00
0.000000000000000000e+00
2.499999988449133355e+02
2.427893187955689598e+02
2.358001464833774037e+02
2.290256773244044837e+02
2.224593157674256361e+02
2.160946688725675244e+02
2.099255400872092707e+02
2.039459232130851944e+02
1.981499965587134682e+02
1.925321172714594127e+02
1.870868158437140210e+02
1.818087907878393139e+02
1.766929034746965499e+02
1.717341731307312216e+02
1.669277719887448939e+02
1.622690205876324683e+02
1.577533832165083538e+02
1.533764634987866202e+02
1.491340001119154692e+02
1.450218626385987477e+02
1.410360475454656353e+02
1.371726742852730467e+02
1.334279815188461100e+02
1.297983234530780976e+02
1.262801662914252319e+02
1.228700847934396876e+02
1.195647589399920463e+02
1.163609707009357521e+02
1.132556009020673571e+02
1.102456261883313857e+02
1.073281160803142029e+02
1.045002301211602287e+02
1.017592151111333578e+02
9.910240242713095427e+01
9.652720542454071051e+01
9.403111691891095347e+01
9.161170674498244182e+01
8.926661939070534402e+01
8.699357170393767547e+01
8.479035066959262679e+01
8.265481125507062643e+01
8.058487432187831701e+01
7.857852460140141204e+01
7.663380873286065764e+01
7.474883336154034907e+01
7.292176329543853797e+01
7.115081971854333176e+01
6.943427845899670103e+01
6.777046831045895203e+01
6.615776940504009929e+01
6.459461163621357116e+01
6.307947313017726287e+01
6.161087876417332154e+01
6.018739873032427568e+01
5.880764714358736001e+01
5.747028069247143378e+01
5.617399733120329586e+01
5.491753501206965637e+01
5.369967045670095729e+01
5.251921796510046647e+01
5.137502826125947308e+01
5.026598737423421426e+01
4.919101555359574718e+01
4.814906621819627475e+01
4.713912493722895647e+01
4.616020844258878242e+01
4.521136367157321700e+01
4.429166683899044443e+01
4.340022253777198813e+01
4.253616286721378259e+01
4.169864658799740198e+01
4.088685830316830305e+01
4.010000766427398844e+01
3.933732860188923297e+01
3.859807857977899914e+01
3.788153787197299494e+01
3.718700886204816669e+01
3.651381536393672889e+01
3.586130196359864186e+01
3.522883338091737215e+01
3.461579385119799213e+01
3.402158652566519237e+01
3.344563289037765941e+01
3.288737220299302066e+01
3.234626094683507347e+01
3.182177230173173754e+01
3.131339563110849866e+01
3.082063598483809130e+01
3.034301361736227776e+01
2.988006352061670867e+01
2.943133497130398624e+01
2.899639109207424070e+01
2.857480842618599581e+01
2.816617652523320459e+01
2.777009754953699172e+01
2.738618588081319771e+01
2.701406774673850819e+01
2.665338085704970084e+01
2.630377405082166220e+01
2.596490695458087572e+01
2.563644965092139216e+01
2.531808235730077428e+01
2.500949511470319919e+01
2.471038748586662948e+01
2.442046826278032512e+01
2.413945518316780081e+01
2.386707465567926079e+01
2.360306149352597060e+01
2.334715865629722487e+01
2.309911699970853860e+01
2.285869503303739236e+01
2.262565868401044611e+01
2.239978107091327786e+01
2.218084228170070915e+01
2.196862915989282072e+01
2.176293509704804308e+01
2.156355983161137857e+01
2.137030925394187619e+01
2.118299521732954105e+01
2.100143535481770840e+01
2.082545290165251117e+01
2.065487652318657297e+01
2.048954014806943746e+01
2.032928280656225439e+01
2.017394847381936174e+01
2.002338591798412892e+01
1.987744855295126456e+01
1.973599429565209817e+01
1.959888542772405629e+01
1.946598846142949313e+01
1.933717400969346656e+01
1.921231666013384043e+01
1.909129485296114837e+01
1.897399076262924211e+01
1.886029018312160943e+01
1.875008241676160736e+01
1.864326016643837391e+01
1.853971943114351006e+01
1.843935940471678947e+01
1.834208237770236849e+01
1.824779364221987166e+01
1.815640139975784351e+01
1.806781667179965467e+01
1.798195321319498774e+01
1.789872742819245843e+01
1.781805828905169875e+01
1.773986725715558777e+01
1.766407820654590211e+01
1.759061734980789637e+01
1.751941316623164724e+01
1.745039633218024733e+01
1.738349965359706317e+01
1.731865800058631066e+01
1.725580824400326563e+01
1.719488919399242732e+01
1.713584154041368990e+01
1.707860779509865523e+01
1.702313223588074109e+01
1.696936085234466418e+01
0.000000000000000000e+00
0.000000000000000000e+00
0.000000000000000000e+00
0.000000000000000000e+00
0.000000000000000000e+00
0.000000000000000000e+00
0.000000000000000000e+00
0.000000000000000000e+00
0.000000000000000000e+00
0.000000000000000000e+00
0.000000000000000000e+00
0.000000000000000000e+00
0.000000000000000000e+00
0.000000000000000000e+00
0.000000000000000000e+00
0.000000000000000000e+00
0.000000000000000000e+00
0.000000000000000000e+00
0.000000000000000000e+00
0.000000000000000000e+00
0.000000000000000000e+00
0.000000000000000000e+00
0.000000000000000000e+00
0.000000000000000000e+00
0.000000000000000000e+00
0.000000000000000000e+00
0.000000000000000000e+00
0.000000000000000000e+00
0.000000000000000000e+00
0.000000000000000000e+00
0.000000000000000000e+00
0.000000000000000000e+00
0.000000000000000000e+00
0.000000000000000000e+00
0.000000000000000000e+00
0.000000000000000000e+00
0.000000000000000000e+00
0.000000000000000000e+00
0.000000000000000000e+00
0.000000000000000000e+00
0.000000000000000000e+00
0.000000000000000000e+00
0.000000000000000000e+00
0.000000000000000000e+00
0.000000000000000000e+00
0.000000000000000000e+00
0.000000000000000000e+00
0.000000000000000000e+00
0.000000000000000000e+00
0.000000000000000000e+00
0.000000000000000000e+00
0.000000000000000000e+00
0.000000000000000000e+00
0.000000000000000000e+00
0.000000000000000000e+00
0.000000000000000000e+00
0.000000000000000000e+00
0.000000000000000000e+00
0.000000000000000000e+00
0.000000000000000000e+00
2.499999988449133355e+02
2.427893187955689598e+02
2.358001464833774037e+02
2.290256773244044837e+02
2.224593157674256361e+02
2.160946688725675244e+02
2.099255400872092707e+02
2.039459232130851944e+02
1.981499965587134682e+02
1.925321172714594127e+02
1.870868158437140210e+02
1.818087907878393139e+02
1.766929034746965499e+02
1.717341731307312216e+02
1.669277719887448939e+02
1.622690205876324683e+02
1.577533832165083538e+02
1.533764634987866202e+02
1.491340001119154692e+02
1.450218626385987477e+02
1.410360475454656353e+02
1.371726742852730467e+02
1.334279815188461100e+02
1.297983234530780976e+02
1.262801662914252319e+02
1.228700847934396876e+02
1.195647589399920463e+02
1.163609707009357521e+02
1.132556009020673571e+02
1.102456261883313857e+02
1.073281160803142029e+02
1.045002301211602287e+02
1.017592151111333578e+02
9.910240242713095427e+01
9.652720542454071051e+01
9.403111691891095347e+01
9.161170674498244182e+01
8.926661939070534402e+01
8.699357170393767547e+01
8.479035066959262679e+01
8.265481125507062643e+01
8.058487432187831701e+01
7.857852460140141204e+01
7.663380873286065764e+01
7.474883336154034907e+01
7.292176329543853797e+01
7.115081971854333176e+01
6.943427845899670103e+01
6.777046831045895203e+01
6.615776940504009929e+01
6.459461163621357116e+01
6.307947313017726287e+01
6.161087876417332154e+01
6.018739873032427568e+01
5.880764714358736001e+01
5.747028069247143378e+01
5.617399733120329586e+01
5.491753501206965637e+01
5.369967045670095729e+01
5.251921796510046647e+01
5.137502826125947308e+01
5.026598737423421426e+01
4.919101555359574718e+01
4.814906621819627475e+01
4.713912493722895647e+01
4.616020844258878242e+01
4.521136367157321700e+01
4.429166683899044443e+01
4.340022253777198813e+01
4.253616286721378259e+01
4.169864658799740198e+01
4.088685830316830305e+01
4.010000766427398844e+01
3.933732860188923297e+01
3.859807857977899914e+01
3.788153787197299494e+01
3.718700886204816669e+01
3.651381536393672889e+01
3.586130196359864186e+01
3.522883338091737215e+01
3.461579385119799213e+01
3.402158652566519237e+01
3.344563289037765941e+01
3.288737220299302066e+01
3.234626094683507347e+01
3.182177230173173754e+01
3.131339563110849866e+01
3.082063598483809130e+01
3.034301361736227776e+01
2.988006352061670867e+01
2.943133497130398624e+01
2.899639109207424070e+01
2.857480842618599581e+01
2.816617652523320459e+01
2.777009754953699172e+01
2.738618588081319771e+01
2.701406774673850819e+01
2.665338085704970084e+01
2.630377405082166220e+01
2.596490695458087572e+01
2.563644965092139216e+01
2.531808235730077428e+01
2.500949511470319919e+01
2.471038748586662948e+01
2.442046826278032512e+01
2.413945518316780081e+01
2.386707465567926079e+01
2.360306149352597060e+01
2.334715865629722487e+01
2.309911699970853860e+01
2.285869503303739236e+01
2.262565868401044611e+01
2.239978107091327786e+01
2.218084228170070915e+01
2.196862915989282072e+01
2.176293509704804308e+01
2.156355983161137857e+01
2.137030925394187619e+01
2.118299521732954105e+01
2.100143535481770840e+01
2.082545290165251117e+01
2.065487652318657297e+01
2.048954014806943746e+01
2.032928280656225439e+01
2.017394847381936174e+01
2.002338591798412892e+01
1.987744855295126456e+01
1.973599429565209817e+01
1.959888542772405629e+01
1.946598846142949313e+01
1.933717400969346656e+01
1.921231666013384043e+01
1.909129485296114837e+01
1.897399076262924211e+01
1.886029018312160943e+01
1.875008241676160736e+01
1.864326016643837391e+01
1.853971943114351006e+01
1.843935940471678947e+01
1.834208237770236849e+01
1.824779364221987166e+01
1.815640139975784351e+01
1.806781667179965467e+01
1.798195321319498774e+01
1.789872742819245843e+01
1.781805828905169875e+01
1.773986725715558777e+01
1.766407820654590211e+01
1.759061734980789637e+01
1.751941316623164724e+01
1.745039633218024733e+01
1.738349965359706317e+01
1.731865800058631066e+01
1.725580824400326563e+01
1.719488919399242732e+01
1.713584154041368990e+01
1.707860779509865523e+01
1.702313223588074109e+01
1.696936085234466418e+01
1.691724129324250470e+01
1.686672281552506192e+01
1.681775623493895466e+01
1.677029387814138772e+01
1.672428953628585191e+01
1.667969842003371284e+01
1.663647711594776624e+01
1.659458354422539372e+01
1.655397691773009328e+01
1.651461770228158343e+01
1.647646757816570684e+01
1.643948940282681548e+01
1.640364717470611566e+01
1.636890599819098213e+01
1.633523204964092557e+01
1.630259254445727635e+01
1.627095570516443246e+01
1.624029073047167060e+01
1.621056776528529753e+01
1.618175787164208757e+01
0.000000000000000000e+00
0.000000000000000000e+00
0.000000000000000000e+00
0.000000000000000000e+00
0.000000000000000000e+00
0.000000000000000000e+00
0.000000000000000000e+00
0.000000000000000000e+00
0.000000000000000000e+00
0.000000000000000000e+00
0.000000000000000000e+00
0.000000000000000000e+00
0.000000000000000000e+00
0.000000000000000000e+00
0.000000000000000000e+00
0.000000000000000000e+00
0.000000000000000000e+00
0.000000000000000000e+00
0.000000000000000000e+00
0.000000000000000000e+00
0.000000000000000000e+00
0.000000000000000000e+00
0.000000000000000000e+00
0.000000000000000000e+00
0.000000000000000000e+00
0.000000000000000000e+00
0.000000000000000000e+00
0.000000000000000000e+00
0.000000000000000000e+00
0.000000000000000000e+00
0.000000000000000000e+00
0.000000000000000000e+00
0.000000000000000000e+00
0.000000000000000000e+00
0.000000000000000000e+00
0.000000000000000000e+00
0.000000000000000000e+00
0.000000000000000000e+00
0.000000000000000000e+00
0.000000000000000000e+00
0.000000000000000000e+00
0.000000000000000000e+00
0.000000000000000000e+00
0.000000000000000000e+00
0.000000000000000000e+00
0.000000000000000000e+00
0.000000000000000000e+00
0.000000000000000000e+00
2.499999988449133355e+02
2.427893187955689598e+02
2.358001464833774037e+02
2.290256773244044837e+02
2.224593157674256361e+02
2.160946688725675244e+02
2.099255400872092707e+02
2.039459232130851944e+02
1.981499965587134682e+02
1.925321172714594127e+02
1.870868158437140210e+02
1.818087907878393139e+02
1.766929034746965499e+02
1.717341731307312216e+02
1.669277719887448939e+02
1.622690205876324683e+02
1.577533832165083538e+02
1.533764634987866202e+02
1.491340001119154692e+02
1.450218626385987477e+02
1.410360475454656353e+02
1.371726742852730467e+02
1.334279815188461100e+02
1.297983234530780976e+02
1.262801662914252319e+02
1.228700847934396876e+02
1.195647589399920463e+02
1.163609707009357521e+02
1.132556009020673571e+02
1.102456261883313857e+02
1.073281160803142029e+02
1.045002301211602287e+02
1.017592151111333578e+02
9.910240242713095427e+01
9.652720542454071051e+01
9.403111691891095347e+01
9.161170674498244182e+01
8.926661939070534402e+01
8.699357170393767547e+01
8.479035066959262679e+01
8.265481125507062643e+01
8.058487432187831701e+01
7.857852460140141204e+01
7.663380873286065764e+01
7.474883336154034907e+01
7.292176329543853797e+01
7.115081971854333176e+01
6.943427845899670103e+01
6.777046831045895203e+01
6.615776940504009929e+01
6.459461163621357116e+01
6.307947313017726287e+01
6.161087876417332154e+01
6.018739873032427568e+01
5.880764714358736001e+01
5.747028069247143378e+01
5.617399733120329586e+01
5.491753501206965637e+01
5.369967045670095729e+01
5.251921796510046647e+01
5.137502826125947308e+01
5.026598737423421426e+01
4.919101555359574718e+01
4.814906621819627475e+01
4.713912493722895647e+01
4.616020844258878242e+01
4.521136367157321700e+01
4.429166683899044443e+01
4.340022253777198813e+01
4.253616286721378259e+01
4.169864658799740198e+01
4.088685830316830305e+01
4.010000766427398844e+01
3.933732860188923297e+01
3.859807857977899914e+01
3.788153787197299494e+01
3.718700886204816669e+01
3.651381536393672889e+01
3.586130196359864186e+01
3.522883338091737215e+01
3.461579385119799213e+01
3.402158652566519237e+01
3.344563289037765941e+01
3.288737220299302066e+01
3.234626094683507347e+01
3.182177230173173754e+01
3.131339563110849866e+01
3.082063598483809130e+01
3.034301361736227776e+01
2.988006352061670867e+01
2.943133497130398624e+01
2.899639109207424070e+01
2.857480842618599581e+01
2.816617652523320459e+01
2.777009754953699172e+01
2.738618588081319771e+01
2.701406774673850819e+01
2.665338085704970084e+01
2.630377405082166220e+01
2.596490695458087572e+01
2.563644965092139216e+01
2.531808235730077428e+01
2.500949511470319919e+01
2.471038748586662948e+01
2.442046826278032512e+01
2.413945518316780081e+01
2.386707465567926079e+01
2.360306149352597060e+01
2.334715865629722487e+01
2.309911699970853860e+01
2.285869503303739236e+01
2.262565868401044611e+01
2.239978107091327786e+01
2.218084228170070915e+01
2.196862915989282072e+01
2.176293509704804308e+01
2.156355983161137857e+01
2.137030925394187619e+01
2.118299521732954105e+01
2.100143535481770840e+01
2.082545290165251117e+01
2.065487652318657297e+01
2.048954014806943746e+01
2.032928280656225439e+01
2.017394847381936174e+01
2.002338591798412892e+01
1.987744855295126456e+01
1.973599429565209817e+01
1.959888542772405629e+01
1.946598846142949313e+01
1.933717400969346656e+01
1.921231666013384043e+01
1.909129485296114837e+01
1.897399076262924211e+01
1.886029018312160943e+01
1.875008241676160736e+01
1.864326016643837391e+01
1.853971943114351006e+01
1.843935940471678947e+01
1.834208237770236849e+01
1.824779364221987166e+01
1.815640139975784351e+01
1.806781667179965467e+01
1.798195321319498774e+01
1.789872742819245843e+01
1.781805828905169875e+01
1.773986725715558777e+01
1.766407820654590211e+01
1.759061734980789637e+01
1.751941316623164724e+01
1.745039633218024733e+01
1.738349965359706317e+01
1.731865800058631066e+01
1.725580824400326563e+01
1.719488919399242732e+01
1.713584154041368990e+01
1.707860779509865523e+01
1.702313223588074109e+01
1.696936085234466418e+01
1.691724129324250470e+01
1.686672281552506192e+01
1.681775623493895466e+01
1.677029387814138772e+01
1.672428953628585191e+01
1.667969842003371284e+01
1.663647711594776624e+01
1.659458354422539372e+01
1.655397691773009328e+01
1.651461770228158343e+01
1.647646757816570684e+01
1.643948940282681548e+01
1.640364717470611566e+01
1.636890599819098213e+01
1.633523204964092557e+01
1.630259254445727635e+01
1.627095570516443246e+01
1.624029073047167060e+01
1.621056776528529753e+01
1.618175787164208757e+01
1.615383300053556681e+01
1.612676596460780232e+01
1.610053041168008647e+01
1.607510079909671674e+01
1.605045236885696625e+01
1.602656112351093043e+01
1.600340380279587649e+01
1.598095786099030491e+01
1.595920144496366078e+01
1.593811337290036434e+01
1.591767311367742188e+01
1.589786076687554406e+01
1.587865704340430106e+01
1.586004324672247279e+01
1.584200125463530284e+01
0.000000000000000000e+00
0.000000000000000000e+00
0.000000000000000000e+00
0.000000000000000000e+00
0.000000000000000000e+00
0.000000000000000000e+00
0.000000000000000000e+00
0.000000000000000000e+00
0.000000000000000000e+00
0.000000000000000000e+00
0.000000000000000000e+00
0.000000000000000000e+00
0.000000000000000000e+00
0.000000000000000000e+00
0.000000000000000000e+00
0.000000000000000000e+00
0.000000000000000000e+00
0.000000000000000000e+00
0.000000000000000000e+00
0.000000000000000000e+00
0.000000000000000000e+00
0.000000000000000000e+00
0.000000000000000000e+00
0.000000000000000000e+00
0.000000000000000000e+00
0.000000000000000000e+00
0.000000000000000000e+00
0.000000000000000000e+00
0.000000000000000000e+00
0.000000000000000000e+00
0.000000000000000000e+00
0.000000000000000000e+00
0.000000000000000000e+00
0.000000000000000000e+00
0.000000000000000000e+00
0.000000000000000000e+00
0.000000000000000000e+00
0.000000000000000000e+00
0.000000000000000000e+00
0.000000000000000000e+00
0.000000000000000000e+00
0.000000000000000000e+00
0.000000000000000000e+00
0.000000000000000000e+00
0.000000000000000000e+00
0.000000000000000000e+00
0.000000000000000000e+00
0.000000000000000000e+00
0.000000000000000000e+00
0.000000000000000000e+00
0.000000000000000000e+00
0.000000000000000000e+00
0.000000000000000000e+00
0.000000000000000000e+00
0.000000000000000000e+00
2.499999988449133355e+02
2.427893187955689598e+02
2.358001464833774037e+02
2.290256773244044837e+02
2.224593157674256361e+02
2.160946688725675244e+02
2.099255400872092707e+02
2.039459232130851944e+02
1.981499965587134682e+02
1.925321172714594127e+02
1.870868158437140210e+02
1.818087907878393139e+02
1.766929034746965499e+02
1.717341731307312216e+02
1.669277719887448939e+02
1.622690205876324683e+02
1.577533832165083538e+02
1.533764634987866202e+02
1.491340001119154692e+02
1.450218626385987477e+02
1.410360475454656353e+02
1.371726742852730467e+02
1.334279815188461100e+02
1.297983234530780976e+02
1.262801662914252319e+02
1.228700847934396876e+02
1.195647589399920463e+02
1.163609707009357521e+02
1.132556009020673571e+02
1.102456261883313857e+02
1.073281160803142029e+02
1.045002301211602287e+02
1.017592151111333578e+02
9.910240242713095427e+01
9.652720542454071051e+01
9.403111691891095347e+01
9.161170674498244182e+01
8.926661939070534402e+01
8.699357170393767547e+01
8.479035066959262679e+01
8.265481125507062643e+01
8.058487432187831701e+01
7.857852460140141204e+01
7.663380873286065764e+01
7.474883336154034907e+01
7.292176329543853797e+01
7.115081971854333176e+01
6.943427845899670103e+01
6.777046831045895203e+01
6.615776940504009929e+01
6.459461163621357116e+01
6.307947313017726287e+01
6.161087876417332154e+01
6.018739873032427568e+01
5.880764714358736001e+01
5.747028069247143378e+01
5.617399733120329586e+01
5.491753501206965637e+01
5.369967045670095729e+01
5.251921796510046647e+01
5.137502826125947308e+01
5.026598737423421426e+01
4.919101555359574718e+01
4.814906621819627475e+01
4.713912493722895647e+01
4.616020844258878242e+01
4.521136367157321700e+01
4.429166683899044443e+01
4.340022253777198813e+01
4.253616286721378259e+01
4.169864658799740198e+01
4.088685830316830305e+01
4.010000766427398844e+01
3.933732860188923297e+01
3.859807857977899914e+01
3.788153787197299494e+01
3.718700886204816669e+01
3.651381536393672889e+01
3.586130196359864186e+01
3.522883338091737215e+01
3.461579385119799213e+01
3.402158652566519237e+01
3.344563289037765941e+01
3.288737220299302066e+01
3.234626094683507347e+01
3.182177230173173754e+01
3.131339563110849866e+01
3.082063598483809130e+01
3.034301361736227776e+01
2.988006352061670867e+01
2.943133497130398624e+01
2.899639109207424070e+01
2.857480842618599581e+01
2.816617652523320459e+01
2.777009754953699172e+01
2.738618588081319771e+01
2.701406774673850819e+01
2.665338085704970084e+01
2.630377405082166220e+01
2.596490695458087572e+01
2.563644965092139216e+01
2.531808235730077428e+01
2.500949511470319919e+01
2.471038748586662948e+01
2.442046826278032512e+01
2.413945518316780081e+01
2.386707465567926079e+01
2.360306149352597060e+01
2.334715865629722487e+01
2.309911699970853860e+01
2.285869503303739236e+01
2.262565868401044611e+01
2.239978107091327786e+01
2.218084228170070915e+01
2.196862915989282072e+01
2.176293509704804308e+01
2.156355983161137857e+01
2.137030925394187619e+01
2.118299521732954105e+01
2.100143535481770840e+01
2.082545290165251117e+01
2.065487652318657297e+01
2.048954014806943746e+01
2.032928280656225439e+01
2.017394847381936174e+01
2.002338591798412892e+01
1.987744855295126456e+01
1.973599429565209817e+01
1.959888542772405629e+01
1.946598846142949313e+01
1.933717400969346656e+01
1.921231666013384043e+01
1.909129485296114837e+01
1.897399076262924211e+01
1.886029018312160943e+01
1.875008241676160736e+01
1.864326016643837391e+01
1.853971943114351006e+01
1.843935940471678947e+01
1.834208237770236849e+01
1.824779364221987166e+01
1.815640139975784351e+01
1.806781667179965467e+01
1.798195321319498774e+01
1.789872742819245843e+01
1.781805828905169875e+01
1.773986725715558777e+01
1.766407820654590211e+01
1.759061734980789637e+01
1.751941316623164724e+01
1.745039633218024733e+01
1.738349965359706317e+01
1.731865800058631066e+01
1.725580824400326563e+01
1.719488919399242732e+01
1.713584154041368990e+01
1.707860779509865523e+01
1.702313223588074109e+01
1.696936085234466418e+01
1.691724129324250470e+01
1.686672281552506192e+01
1.681775623493895466e+01
1.677029387814138772e+01
1.672428953628585191e+01
1.667969842003371284e+01
1.663647711594776624e+01
1.659458354422539372e+01
1.655397691773009328e+01
1.651461770228158343e+01
1.647646757816570684e+01
1.643948940282681548e+01
1.640364717470611566e+01
1.636890599819098213e+01
1.633523204964092557e+01
1.630259254445727635e+01
1.627095570516443246e+01
1.624029073047167060e+01
1.621056776528529753e+01
1.618175787164208757e+01
1.615383300053556681e+01
1.612676596460780232e+01
1.610053041168008647e+01
1.607510079909671674e+01
1.605045236885696625e+01
1.602656112351093043e+01
1.600340380279587649e+01
1.598095786099030491e+01
1.595920144496366078e+01
1.593811337290036434e+01
1.591767311367742188e+01
1.589786076687554406e+01
1.587865704340430106e+01
1.586004324672247279e+01
1.584200125463530284e+01
1.582451350165090886e+01
1.580756296187871612e+01
1.579113313245322736e+01
1.577520801746700485e+01
1.575977211239723452e+01
1.574481038901067720e+01
1.573030828073234488e+01
1.571625166846364330e+01
1.570262686683614817e+01
1.568942061088770856e+01
1.567662004314778024e+01
1.566421270111956687e+01
1.565218650514663956e+01
1.564052974665232654e+01
1.562923107674036061e+01
1.561827949514571046e+01
1.560766433952484711e+01
1.559737527507500054e+01
1.558740228447229370e+01
1.557773565811899807e+01
1.556836598469035948e+01
1.555928414197183862e+01
1.555048128797782070e+01
1.554194885234314683e+01
1.553367852797910231e+01
1.552566226298572261e+01
0.000000000000000000e+00
0.000000000000000000e+00
0.000000000000000000e+00
0.000000000000000000e+00
0.000000000000000000e+00
0.000000000000000000e+00
0.000000000000000000e+00
0.000000000000000000e+00
0.000000000000000000e+00
0.000000000000000000e+00
0.000000000000000000e+00
0.000000000000000000e+00
0.000000000000000000e+00
0.000000000000000000e+00
0.000000000000000000e+00
0.000000000000000000e+00
0.000000000000000000e+00
0.000000000000000000e+00
0.000000000000000000e+00
0.000000000000000000e+00
0.000000000000000000e+00
0.000000000000000000e+00
0.000000000000000000e+00
0.000000000000000000e+00
0.000000000000000000e+00
0.000000000000000000e+00
0.000000000000000000e+00
0.000000000000000000e+00
0.000000000000000000e+00
0.000000000000000000e+00
0.000000000000000000e+00
0.000000000000000000e+00
0.000000000000000000e+00
0.000000000000000000e+00
0.000000000000000000e+00
0.000000000000000000e+00
0.000000000000000000e+00
0.000000000000000000e+00
0.000000000000000000e+00
0.000000000000000000e+00
0.000000000000000000e+00
0.000000000000000000e+00
0.000000000000000000e+00
0.000000000000000000e+00
0.000000000000000000e+00
0.000000000000000000e+00
0.000000000000000000e+00
0.000000000000000000e+00
2.499999988449133355e+02
2.427893187955689598e+02
2.358001464833774037e+02
2.290256773244044837e+02
2.224593157674256361e+02
2.160946688725675244e+02
2.099255400872092707e+02
2.039459232130851944e+02
1.981499965587134682e+02
1.925321172714594127e+02
1.870868158437140210e+02
1.818087907878393139e+02
1.766929034746965499e+02
1.717341731307312216e+02
1.669277719887448939e+02
1.622690205876324683e+02
1.577533832165083538e+02
1.533764634987866202e+02
1.491340001119154692e+02
1.450218626385987477e+02
1.410360475454656353e+02
1.371726742852730467e+02
1.334279815188461100e+02
1.297983234530780976e+02
1.262801662914252319e+02
1.228700847934396876e+02
1.195647589399920463e+02
1.163609707009357521e+02
1.132556009020673571e+02
1.102456261883313857e+02
1.073281160803142029e+02
1.045002301211602287e+02
1.017592151111333578e+02
9.910240242713095427e+01
9.652720542454071051e+01
9.403111691891095347e+01
9.161170674498244182e+01
8.926661939070534402e+01
8.699357170393767547e+01
8.479035066959262679e+01
8.265481125507062643e+01
8.058487432187831701e+01
7.857852460140141204e+01
7.663380873286065764e+01
7.474883336154034907e+01
7.292176329543853797e+01
7.115081971854333176e+01
6.943427845899670103e+01
6.777046831045895203e+01
6.615776940504009929e+01
6.459461163621357116e+01
6.307947313017726287e+01
6.161087876417332154e+01
6.018739873032427568e+01
5.880764714358736001e+01
5.747028069247143378e+01
5.617399733120329586e+01
5.491753501206965637e+01
5.369967045670095729e+01
5.251921796510046647e+01
5.137502826125947308e+01
5.026598737423421426e+01
4.919101555359574718e+01
4.814906621819627475e+01
4.713912493722895647e+01
4.616020844258878242e+01
4.521136367157321700e+01
4.429166683899044443e+01
4.340022253777198813e+01
4.253616286721378259e+01
4.169864658799740198e+01
4.088685830316830305e+01
4.010000766427398844e+01
3.933732860188923297e+01
3.859807857977899914e+01
3.788153787197299494e+01
3.718700886204816669e+01
3.651381536393672889e+01
3.586130196359864186e+01
3.522883338091737215e+01
3.461579385119799213e+01
3.402158652566519237e+01
3.344563289037765941e+01
3.288737220299302066e+01
3.234626094683507347e+01
3.182177230173173754e+01
3.131339563110849866e+01
3.082063598483809130e+01
3.034301361736227776e+01
2.988006352061670867e+01
2.943133497130398624e+01
2.899639109207424070e+01
2.857480842618599581e+01
