6.798519980555973063e+01
1.963413773591589973e+02
2.355807766060943607e+02
1.258138977242698076e+02
0.000000000000000000e+00
0.000000000000000000e+00
0.000000000000000000e+00
0.000000000000000000e+00
0.000000000000000000e+00
0.000000000000000000e+00
0.000000000000000000e+00
0.000000000000000000e+00
4.121671938577764394e+01
1.321428822566855672e+02
9.316789920075729015e+01
0.000000000000000000e+00
0.000000000000000000e+00
0.000000000000000000e+00
7.791545218090223557e+01
1.503353473011026438e+02
3.871143429091616639e+01
0.000000000000000000e+00
0.000000000000000000e+00
0.000000000000000000e+00
0.000000000000000000e+00
4.845958460050816541e+01
2.165305196104444292e+02
3.057308307806310950e+02
2.536671247825989042e+02
1.112701482487454285e+02
0.000000000000000000e+00
0.000000000000000000e+00
0.000000000000000000e+00
0.000000000000000000e+00
1.335402572736260538e+02
2.142737788727194470e+02
4.639961430660313368e+01
0.000000000000000000e+00
0.000000000000000000e+00
0.000000000000000000e+00
0.000000000000000000e+00
6.486820076795289935e+01
1.957978618530765118e+02
2.228569294046972402e+02
1.067201839848208635e+02
0.000000000000000000e+00
0.000000000000000000e+00
1.464743914101673816e+01
5.420854593647828068e+01
1.045831885071740714e+02
9.118325009689731075e+01
0.000000000000000000e+00
0.000000000000000000e+00
0.000000000000000000e+00
0.000000000000000000e+00
0.000000000000000000e+00
2.410805106073610204e+01
6.589750405976313630e+01
1.159948967450941097e+02
2.031489575303741049e+02
2.392325107524301018e+02
2.128244275811803163e+02
5.166656114761413932e+01
1.649570963597906115e+01
2.095442033251893861e+02
2.020904865169825371e+02
0.000000000000000000e+00
0.000000000000000000e+00
0.000000000000000000e+00
0.000000000000000000e+00
2.350935540361776077e+02
5.805237971224107696e+02
5.333767039673965655e+02
0.000000000000000000e+00
0.000000000000000000e+00
0.000000000000000000e+00
0.000000000000000000e+00
0.000000000000000000e+00
0.000000000000000000e+00
0.000000000000000000e+00
0.000000000000000000e+00
1.635971960838311645e+02
3.799187397789416991e+02
4.189595057502220357e+02
4.191278866754599903e+02
5.892537107376483618e+02
6.552295580373723851e+02
4.962330050965595660e+02
8.858509205217916360e+01
0.000000000000000000e+00
0.000000000000000000e+00
0.000000000000000000e+00
0.000000000000000000e+00
0.000000000000000000e+00
8.652730633822329764e+01
2.282302051921647035e+02
2.327861531082913871e+02
2.733666226677322584e+02
2.714243091583534238e+02
1.180584885766167105e+02
0.000000000000000000e+00
0.000000000000000000e+00
0.000000000000000000e+00
0.000000000000000000e+00
1.384066546109597198e+02
3.002298532312302655e+02
2.557001849927334263e+02
1.438090049199658438e+02
1.324226185460659622e+01
0.000000000000000000e+00
0.000000000000000000e+00
0.000000000000000000e+00
0.000000000000000000e+00
1.638323066957907415e+01
9.067706112251201489e+01
1.322573046061214939e+02
1.389918696090994104e+02
1.156255463692530583e+02
7.270299774754850830e+01
2.105072841065160816e+01
0.000000000000000000e+00
0.000000000000000000e+00
0.000000000000000000e+00
0.000000000000000000e+00
1.952349746495024574e+00
3.749313625557984153e+01
3.798639899406666842e+01
1.124106711757527677e+01
5.347040345434067810e+00
3.718541399507779843e+00
0.000000000000000000e+00
0.000000000000000000e+00
0.000000000000000000e+00
0.000000000000000000e+00
4.184214916652384098e+00
1.088296212649400019e+01
0.000000000000000000e+00
0.000000000000000000e+00
0.000000000000000000e+00
1.240597686486333284e+00
2.251264787241199272e+01
3.653985280419817627e+01
3.820885067343251507e+01
2.700373061255790574e+01
1.284225345470069168e+00
0.000000000000000000e+00
0.000000000000000000e+00
0.000000000000000000e+00
0.000000000000000000e+00
0.000000000000000000e+00
0.000000000000000000e+00
0.000000000000000000e+00
0.000000000000000000e+00
0.000000000000000000e+00
0.000000000000000000e+00
2.821094777359572703e+00
9.183736281613841257e+00
1.102238881010381100e+01
8.778141788500434473e+00
1.451216856898522600e+01
2.719427102097597526e+01
3.004999594733909873e+01
2.582995597439351343e+01
1.587216647623519350e+01
0.000000000000000000e+00
0.000000000000000000e+00
0.000000000000000000e+00
0.000000000000000000e+00
0.000000000000000000e+00
0.000000000000000000e+00
3.002428433170745148e+00
6.424100615664706915e+00
8.474953557409536486e+00
1.473162691853290340e+01
1.888949563891087280e+01
1.669465608225582542e+01
1.547787826716898074e+01
1.672169797421210191e+01
1.774716241433736386e+01
2.531462983605587524e+01
5.146683993964666826e+01
5.822970814575646159e+01
2.903630753767587436e+01
0.000000000000000000e+00
0.000000000000000000e+00
0.000000000000000000e+00
0.000000000000000000e+00
2.572087033529402156e+00
5.361631065156219478e+01
4.537478425564886209e+01
8.783573378886854854e+00
0.000000000000000000e+00
0.000000000000000000e+00
0.000000000000000000e+00
1.016816859811736578e+02
4.110208822368092001e+02
6.203713234279281323e+02
3.968142215215356714e+02
0.000000000000000000e+00
0.000000000000000000e+00
0.000000000000000000e+00
0.000000000000000000e+00
0.000000000000000000e+00
1.618109012309820685e+02
6.797409327801484835e+01
0.000000000000000000e+00
0.000000000000000000e+00
0.000000000000000000e+00
0.000000000000000000e+00
0.000000000000000000e+00
1.592629779695542425e-01
2.488997700232998227e+02
3.858832047445716853e+02
3.422618317471304294e+02
1.579932444597295387e+02
0.000000000000000000e+00
7.295475451767341468e+00
1.902219306020174940e+02
2.139195472718203064e+02
7.467717953801766839e+01
0.000000000000000000e+00
0.000000000000000000e+00
0.000000000000000000e+00
0.000000000000000000e+00
0.000000000000000000e+00
0.000000000000000000e+00
4.364484541411359686e+01
7.061681490475646683e+01
8.281936521128075412e+01
1.078214069251270928e+02
9.639322815501616049e+01
9.503660409980074064e+01
1.601754072379829381e+02
3.172110725236321400e+02
2.691440680644868735e+02
0.000000000000000000e+00
0.000000000000000000e+00
0.000000000000000000e+00
0.000000000000000000e+00
0.000000000000000000e+00
9.021502404360059302e+01
3.118090936744532087e+02
3.680343759740506471e+02
2.459816895173288742e+02
4.093876650163586106e+01
0.000000000000000000e+00
0.000000000000000000e+00
0.000000000000000000e+00
0.000000000000000000e+00
7.358153731902051220e+01
1.896130443103238576e+02
2.997365344584207492e+02
3.090971483753065741e+02
1.767005638505259526e+02
0.000000000000000000e+00
0.000000000000000000e+00
0.000000000000000000e+00
0.000000000000000000e+00
0.000000000000000000e+00
3.506760824273413846e+00
2.416104547826219573e+02
3.508286316933712214e+02
2.356435961983849268e+02
4.894438964922471769e+01
0.000000000000000000e+00
0.000000000000000000e+00
0.000000000000000000e+00
0.000000000000000000e+00
1.448888769328143553e+02
2.231553540756942198e+02
1.628288383281317238e+02
0.000000000000000000e+00
0.000000000000000000e+00
0.000000000000000000e+00
0.000000000000000000e+00
0.000000000000000000e+00
0.000000000000000000e+00
0.000000000000000000e+00
5.337701254019444264e+01
4.070296377008485820e+02
7.169970413184233848e+02
9.447414756150118365e+02
8.549957482751890439e+02
2.737157056499149803e+02
0.000000000000000000e+00
0.000000000000000000e+00
0.000000000000000000e+00
0.000000000000000000e+00
0.000000000000000000e+00
3.951390420811051740e+00
7.544276365533342243e+01
0.000000000000000000e+00
0.000000000000000000e+00
0.000000000000000000e+00
0.000000000000000000e+00
0.000000000000000000e+00
0.000000000000000000e+00
2.361921208652343864e+02
4.851308264676026170e+02
6.646955276933973664e+02
7.571449603772994124e+02
5.853824579996263537e+02
2.497039477271273995e+02
0.000000000000000000e+00
0.000000000000000000e+00
0.000000000000000000e+00
0.000000000000000000e+00
0.000000000000000000e+00
0.000000000000000000e+00
4.193637933187330447e+01
1.500806669901710961e+02
2.354059946274911113e+02
2.117851404192738585e+02
8.774361893000681789e+01
0.000000000000000000e+00
0.000000000000000000e+00
0.000000000000000000e+00
0.000000000000000000e+00
0.000000000000000000e+00
0.000000000000000000e+00
9.482102640532286131e+00
9.412391494801406111e+01
1.632708634672325445e+02
2.261256964141391848e+02
1.988108898470105999e+02
7.431452403683537966e+01
0.000000000000000000e+00
0.000000000000000000e+00
0.000000000000000000e+00
0.000000000000000000e+00
0.000000000000000000e+00
4.111585524716199203e+00
7.256399019783800952e+01
1.117834295575369907e+02
1.191060263766780025e+02
1.041811588640266564e+02
5.954204496637450461e+01
6.804820761172614141e-02
0.000000000000000000e+00
0.000000000000000000e+00
0.000000000000000000e+00
0.000000000000000000e+00
1.688374141764481529e-01
1.530136416540428534e+01
1.100394433827908713e+01
0.000000000000000000e+00
0.000000000000000000e+00
0.000000000000000000e+00
0.000000000000000000e+00
0.000000000000000000e+00
0.000000000000000000e+00
1.246183128875797408e+01
2.954397373826258644e+01
3.976898358342244677e+01
5.229378404482641685e+01
5.998893196102521586e+01
4.217815187678311162e+01
0.000000000000000000e+00
0.000000000000000000e+00
0.000000000000000000e+00
0.000000000000000000e+00
0.000000000000000000e+00
2.244305755786088952e+01
9.224550861038473215e+01
8.850310991251677706e+01
3.105779320390425013e+01
0.000000000000000000e+00
0.000000000000000000e+00
0.000000000000000000e+00
0.000000000000000000e+00
2.898212371054296099e+01
7.083755436585646237e+01
6.834966887243810163e+01
3.033131444178778224e+01
0.000000000000000000e+00
0.000000000000000000e+00
0.000000000000000000e+00
0.000000000000000000e+00
0.000000000000000000e+00
0.000000000000000000e+00
0.000000000000000000e+00
7.748241528006826861e+00
2.140738613410047364e+01
3.688337534868725243e+01
3.289758913485221115e+01
1.406729411089935233e+01
0.000000000000000000e+00
0.000000000000000000e+00
0.000000000000000000e+00
0.000000000000000000e+00
0.000000000000000000e+00
0.000000000000000000e+00
0.000000000000000000e+00
0.000000000000000000e+00
0.000000000000000000e+00
2.138996567620027101e+00
1.002719789662899785e+01
1.314577302399179715e+01
1.421941919005416111e+01
1.186039983916912988e+01
5.220648093539892010e+00
0.000000000000000000e+00
0.000000000000000000e+00
0.000000000000000000e+00
1.873762676697608764e+00
7.204830315534725749e+00
4.196703474660146149e+00
3.545047971110076634e+00
7.744375961887783433e+00
7.104445565144498431e+00
1.161693246467604412e+00
0.000000000000000000e+00
0.000000000000000000e+00
0.000000000000000000e+00
0.000000000000000000e+00
2.997788396338352257e+00
6.625523598782420365e+00
2.708632625217227474e+00
0.000000000000000000e+00
0.000000000000000000e+00
0.000000000000000000e+00
1.058271673264943225e+01
2.504280726002935964e+01
2.073778023902024259e+01
1.891509601410767960e+00
0.000000000000000000e+00
0.000000000000000000e+00
0.000000000000000000e+00
0.000000000000000000e+00
4.013959091119698996e+01
8.145323759831414634e+01
8.583672509378158111e+01
6.177631600625463903e+01
5.447866301644399556e-01
0.000000000000000000e+00
0.000000000000000000e+00
0.000000000000000000e+00
0.000000000000000000e+00
0.000000000000000000e+00
0.000000000000000000e+00
2.500843598232702547e+01
4.747382814704644716e+01
5.314745603291023457e+01
3.759049487965834402e+01
7.487071052233313040e+00
0.000000000000000000e+00
0.000000000000000000e+00
8.464615368612926716e+01
1.612394144835885470e+02
1.414595691086509248e+02
5.562857299143062306e+01
0.000000000000000000e+00
0.000000000000000000e+00
0.000000000000000000e+00
0.000000000000000000e+00
0.000000000000000000e+00
0.000000000000000000e+00
1.292165618127219489e+02
1.767206531116211181e+02
1.340809997323046048e+02
7.975166701522707058e+01
2.840392591970288905e+01
0.000000000000000000e+00
0.000000000000000000e+00
0.000000000000000000e+00
0.000000000000000000e+00
0.000000000000000000e+00
0.000000000000000000e+00
5.749304776454577848e+01
1.888953191992223424e+02
3.028465377526137559e+02
2.993641621782637117e+02
6.479150768391228610e+01
0.000000000000000000e+00
0.000000000000000000e+00
8.458059598978051952e+01
3.250371110399919985e+02
2.366176793230266640e+02
0.000000000000000000e+00
0.000000000000000000e+00
0.000000000000000000e+00
0.000000000000000000e+00
0.000000000000000000e+00
8.677259746212246228e+01
1.563339892527004622e+02
0.000000000000000000e+00
0.000000000000000000e+00
0.000000000000000000e+00
5.049490932968696200e+01
3.726964702667289657e+02
3.754722857004266530e+02
1.786391979549028974e+02
3.852011329648630067e+01
0.000000000000000000e+00
2.908533672982937901e+01
1.819845247883655759e+02
2.899904868257307839e+02
2.499767086097436959e+02
0.000000000000000000e+00
0.000000000000000000e+00
0.000000000000000000e+00
0.000000000000000000e+00
0.000000000000000000e+00
8.435421852675757748e+01
1.923313894645150981e+02
3.679774565936766635e+02
4.939051134895788095e+02
3.482737056285301946e+02
6.388413259865934890e+01
0.000000000000000000e+00
0.000000000000000000e+00
0.000000000000000000e+00
0.000000000000000000e+00
0.000000000000000000e+00
0.000000000000000000e+00
0.000000000000000000e+00
4.176373723090172234e+02
8.096074519430361534e+02
8.769471072692670077e+02
5.964525227562255623e+02
1.403690124577979930e+02
0.000000000000000000e+00
0.000000000000000000e+00
0.000000000000000000e+00
0.000000000000000000e+00
0.000000000000000000e+00
1.269783134833663212e+02
2.007630993446801426e+02
2.213395015847302432e+02
1.955916767261472842e+02
8.217236202246844812e+01
0.000000000000000000e+00
0.000000000000000000e+00
0.000000000000000000e+00
0.000000000000000000e+00
0.000000000000000000e+00
2.064075274294127667e+02
4.848663579679745794e+02
4.740722554298451428e+02
1.582760624408408034e+02
0.000000000000000000e+00
0.000000000000000000e+00
0.000000000000000000e+00
0.000000000000000000e+00
9.830975534007002636e+00
1.725548932097092631e+02
2.717202385361358665e+02
2.641665161577910794e+02
1.285293747792595696e+02
0.000000000000000000e+00
0.000000000000000000e+00
0.000000000000000000e+00
0.000000000000000000e+00
0.000000000000000000e+00
7.303135686940827043e+01
1.311707637060355296e+02
9.490917553194364586e+01
1.963294624196394267e+01
0.000000000000000000e+00
0.000000000000000000e+00
0.000000000000000000e+00
2.830609469491916030e+01
6.026893097641512043e+01
6.618200106414721517e+01
5.931389766681067499e+01
4.893385308563459546e+01
3.242164077776464381e+01
6.587046253139360985e+00
0.000000000000000000e+00
0.000000000000000000e+00
0.000000000000000000e+00
0.000000000000000000e+00
2.368772017731016177e+01
3.884157314947552919e+01
2.010750561304688233e+01
0.000000000000000000e+00
0.000000000000000000e+00
0.000000000000000000e+00
0.000000000000000000e+00
2.959418964150779630e+01
5.701784152482166235e+01
4.138992057504827926e+01
5.515102858764941551e+00
0.000000000000000000e+00
0.000000000000000000e+00
0.000000000000000000e+00
0.000000000000000000e+00
0.000000000000000000e+00
5.833987772052650733e+00
3.408266626379698039e+01
7.817984671406708230e+01
8.176957000329740310e+01
2.512542512471169687e+01
0.000000000000000000e+00
0.000000000000000000e+00
0.000000000000000000e+00
0.000000000000000000e+00
0.000000000000000000e+00
3.516600984255886431e+01
6.069951352384607191e+01
6.459218838271104346e+01
4.983449554969685380e+01
2.511237788096427437e+01
9.997794985343732677e+00
1.813696588346295258e+01
1.890226910187018206e+01
0.000000000000000000e+00
0.000000000000000000e+00
0.000000000000000000e+00
0.000000000000000000e+00
0.000000000000000000e+00
8.953379232112890662e+00
4.043701895045326467e+01
4.275290146754900178e+01
2.437055299941690123e+01
1.815804579284527209e+00
0.000000000000000000e+00
0.000000000000000000e+00
0.000000000000000000e+00
0.000000000000000000e+00
8.898834903771390969e+00
1.419209146063415972e+01
1.518790196410740911e+01
1.899407954798322251e+01
1.639432875705646353e+01
8.038296967725233610e-01
0.000000000000000000e+00
0.000000000000000000e+00
0.000000000000000000e+00
0.000000000000000000e+00
0.000000000000000000e+00
1.062308004799655814e+00
8.702370533818887921e+00
1.710079111630711424e+01
2.075685680128766464e+01
1.495113610072113453e+01
4.295125320967449589e+00
0.000000000000000000e+00
0.000000000000000000e+00
0.000000000000000000e+00
1.129830278362789375e+00
3.472890029199530826e+00
3.891087911169210933e+00
1.122241099484055837e+01
3.130928798748815467e+01
3.579642360267531842e+01
3.397416822920806823e+00
0.000000000000000000e+00
0.000000000000000000e+00
0.000000000000000000e+00
0.000000000000000000e+00
0.000000000000000000e+00
3.432591018694578366e+01
4.933020141849736717e+01
4.389451801211127702e+01
2.740038208799179742e+01
1.612318324401840197e+00
0.000000000000000000e+00
0.000000000000000000e+00
0.000000000000000000e+00
0.000000000000000000e+00
0.000000000000000000e+00
1.068657097933449762e+01
1.597134739680733695e+01
2.032175281773615438e+01
2.902534355743380701e+01
5.735707430367793336e+01
1.038546243453520646e+02
1.085406004958752817e+02
2.319166672284480413e+01
0.000000000000000000e+00
0.000000000000000000e+00
0.000000000000000000e+00
0.000000000000000000e+00
1.186588758852413683e+01
2.698792310000946770e+01
2.516528783785304313e+01
0.000000000000000000e+00
0.000000000000000000e+00
0.000000000000000000e+00
0.000000000000000000e+00
0.000000000000000000e+00
2.999974040113442086e+01
6.013573696438769645e+01
7.557324215589675021e+01
9.949613295964090298e+01
1.064990704003386526e+02
6.837684657281239708e+01
2.852831407938003494e+01
2.444058278129683615e+01
1.376817129092087200e+01
0.000000000000000000e+00
0.000000000000000000e+00
0.000000000000000000e+00
0.000000000000000000e+00
0.000000000000000000e+00
0.000000000000000000e+00
0.000000000000000000e+00
1.222967929128040794e+02
2.168541051353331568e+02
3.010021839998030941e+02
3.226079077951920908e+02
1.860280405072048211e+02
2.234595541667445673e+01
0.000000000000000000e+00
0.000000000000000000e+00
0.000000000000000000e+00
0.000000000000000000e+00
4.516446929337502780e+01
2.011191473544082839e+02
1.726098230586525233e+02
0.000000000000000000e+00
0.000000000000000000e+00
0.000000000000000000e+00
0.000000000000000000e+00
1.699763848304369844e+02
2.803620629038427978e+02
1.747678139623048992e+02
0.000000000000000000e+00
0.000000000000000000e+00
5.924466806954908549e+01
1.126974319195939103e+02
1.352773686748781472e+02
1.570409352164414543e+02
3.681755756389794954e+01
0.000000000000000000e+00
8.604326390977412586e+00
0.000000000000000000e+00
0.000000000000000000e+00
0.000000000000000000e+00
0.000000000000000000e+00
0.000000000000000000e+00
0.000000000000000000e+00
1.888430002291514143e+02
3.515942983211427872e+02
3.644761755374192944e+02
2.468175702317448668e+02
1.949591664479833071e+02
1.452936446551322263e+02
0.000000000000000000e+00
0.000000000000000000e+00
0.000000000000000000e+00
0.000000000000000000e+00
0.000000000000000000e+00
0.000000000000000000e+00
0.000000000000000000e+00
0.000000000000000000e+00
2.457983996676670984e+02
6.650349306919023320e+02
4.936906671098894321e+02
1.824984808410347341e+02
0.000000000000000000e+00
0.000000000000000000e+00
0.000000000000000000e+00
0.000000000000000000e+00
0.000000000000000000e+00
0.000000000000000000e+00
0.000000000000000000e+00
2.585905330129956496e+02
2.633206232682060772e+02
6.238246623549992265e+00
0.000000000000000000e+00
0.000000000000000000e+00
0.000000000000000000e+00
9.824458550625915620e+01
3.807434253020427377e+02
4.733370835456826171e+02
4.030824691316708481e+02
2.753465297286430769e+02
1.563886505582276527e+02
1.029941840049231061e+01
0.000000000000000000e+00
0.000000000000000000e+00
0.000000000000000000e+00
0.000000000000000000e+00
0.000000000000000000e+00
1.478287960636484968e+02
3.530769686153295766e+02
3.357906634964016916e+02
1.880339539999214935e+02
3.002635997186784422e+01
0.000000000000000000e+00
0.000000000000000000e+00
0.000000000000000000e+00
0.000000000000000000e+00
0.000000000000000000e+00
3.942619029205953751e+01
1.113286593214341025e+02
1.064626075463989565e+02
4.219305994414168737e+01
0.000000000000000000e+00
0.000000000000000000e+00
0.000000000000000000e+00
0.000000000000000000e+00
9.809751190313775737e+00
4.968228352006567405e+01
6.922609206024263528e+01
6.406731578825457518e+01
3.708914581682321199e+01
3.466771196543316780e+00
0.000000000000000000e+00
0.000000000000000000e+00
0.000000000000000000e+00
2.287976134069106848e+01
2.585454837068755651e+01
9.969106870286529087e+00
0.000000000000000000e+00
0.000000000000000000e+00
0.000000000000000000e+00
0.000000000000000000e+00
0.000000000000000000e+00
2.107654657106106111e+00
2.034755419155397504e+01
3.761847976903792556e+01
3.981382774509927458e+01
3.125621602847926184e+01
1.779130349414737111e+01
0.000000000000000000e+00
0.000000000000000000e+00
0.000000000000000000e+00
0.000000000000000000e+00
0.000000000000000000e+00
2.060453906840279359e+01
5.079785846954176520e+01
4.947663893866929641e+01
2.717335745656294677e+01
4.424633924628857073e+00
3.176155815576564567e+00
1.132933086339319928e+01
3.299190882460334429e+00
0.000000000000000000e+00
0.000000000000000000e+00
0.000000000000000000e+00
0.000000000000000000e+00
0.000000000000000000e+00
2.380725693305891610e+01
3.719805147485911334e+01
2.929789078911316835e+01
1.033124445695782256e+01
0.000000000000000000e+00
0.000000000000000000e+00
2.159139436303407322e+01
5.168739241925506178e+01
3.072837135322074076e+01
0.000000000000000000e+00
0.000000000000000000e+00
0.000000000000000000e+00
0.000000000000000000e+00
0.000000000000000000e+00
1.326582463341781093e+01
3.867790647397883674e+01
4.905176259894641078e+01
4.641934836196656988e+01
3.531654617998532331e+01
1.557905613464433614e+01
0.000000000000000000e+00
0.000000000000000000e+00
0.000000000000000000e+00
0.000000000000000000e+00
0.000000000000000000e+00
1.017973635328680615e+01
1.645323375869224947e+01
1.087760492342156660e+01
4.211758298704980419e+00
6.725547847361013076e+00
1.258378594047683485e+01
1.087153319415556574e+01
4.681261157715793431e+00
0.000000000000000000e+00
0.000000000000000000e+00
0.000000000000000000e+00
0.000000000000000000e+00
0.000000000000000000e+00
0.000000000000000000e+00
1.325848599928396432e+01
2.163250626200645144e+01
2.264505657381000248e+01
1.839825323241319310e+01
7.705384588014108083e+00
0.000000000000000000e+00
0.000000000000000000e+00
0.000000000000000000e+00
0.000000000000000000e+00
0.000000000000000000e+00
0.000000000000000000e+00
0.000000000000000000e+00
0.000000000000000000e+00
0.000000000000000000e+00
0.000000000000000000e+00
1.143215992304713602e+00
9.018357501975426516e+00
1.922905771725009316e+01
2.456777745511087119e+01
2.561822825965346340e+01
2.995169682256382870e+01
3.696743264950035268e+01
3.229310016512894066e+01
1.020051090836235907e+01
0.000000000000000000e+00
0.000000000000000000e+00
0.000000000000000000e+00
0.000000000000000000e+00
0.000000000000000000e+00
0.000000000000000000e+00
0.000000000000000000e+00
0.000000000000000000e+00
0.000000000000000000e+00
0.000000000000000000e+00
1.587225256745505853e+01
5.266152928797442456e+01
7.746160844293092396e+01
7.964295565372252383e+01
5.451815098053379671e+01
3.267796718522522070e+01
6.038765039035212823e+01
1.582837563030654451e+02
2.748788990908054188e+02
2.492440534841618387e+02
1.075223591991255319e+02
0.000000000000000000e+00
0.000000000000000000e+00
0.000000000000000000e+00
0.000000000000000000e+00
0.000000000000000000e+00
0.000000000000000000e+00
1.017186182458996058e+02
2.428847114835173500e+02
2.978993288252475509e+02
2.549350441810299515e+02
1.343446222326402619e+02
1.160273871133556867e+01
0.000000000000000000e+00
0.000000000000000000e+00
1.363837090167852040e+01
1.918363595085542954e+02
3.010754041397436822e+02
1.891653867757534044e+02
0.000000000000000000e+00
0.000000000000000000e+00
0.000000000000000000e+00
0.000000000000000000e+00
0.000000000000000000e+00
1.542981021539242548e+01
1.502332433438899102e+02
2.329911939951884392e+02
2.317694889312679720e+02
1.698653786630912919e+02
1.115371047082907836e+02
1.157916911261345234e+02
8.785322079819577823e+01
0.000000000000000000e+00
0.000000000000000000e+00
0.000000000000000000e+00
0.000000000000000000e+00
0.000000000000000000e+00
6.722057080772447080e+01
1.587030825193163821e+02
2.353394217243151729e+02
2.523562543528151423e+02
1.233340758484044528e+02
0.000000000000000000e+00
0.000000000000000000e+00
0.000000000000000000e+00
0.000000000000000000e+00
0.000000000000000000e+00
0.000000000000000000e+00
0.000000000000000000e+00
2.884272183421856539e+01
8.669859749526496273e+01
1.197283140303134701e+02
1.155315513087434880e+02
6.116231430363328059e+01
0.000000000000000000e+00
0.000000000000000000e+00
0.000000000000000000e+00
0.000000000000000000e+00
0.000000000000000000e+00
4.560435183672018056e+00
8.590183183332320027e+01
2.461481344009991119e+02
3.172359128280815526e+02
1.867913884751349087e+02
0.000000000000000000e+00
0.000000000000000000e+00
0.000000000000000000e+00
0.000000000000000000e+00
0.000000000000000000e+00
0.000000000000000000e+00
0.000000000000000000e+00
0.000000000000000000e+00
5.972901312102316496e+01
1.287571107679275144e+02
1.993668969456535649e+02
2.562353771406799865e+02
2.004404157855215942e+02
9.445324555428963720e+01
1.156251653405032442e+02
8.677656909461983048e+01
0.000000000000000000e+00
0.000000000000000000e+00
0.000000000000000000e+00
0.000000000000000000e+00
0.000000000000000000e+00
0.000000000000000000e+00
0.000000000000000000e+00
1.129182764905733478e+02
1.410222667185823013e+02
8.263185703316744934e+01
5.559305878684472901e+01
5.904794227614862479e+01
1.907886925057555771e+01
0.000000000000000000e+00
0.000000000000000000e+00
0.000000000000000000e+00
0.000000000000000000e+00
1.467832127698870579e+02
2.609825996360651743e+02
2.611999209184672850e+02
1.519962667909516085e+02
0.000000000000000000e+00
0.000000000000000000e+00
0.000000000000000000e+00
0.000000000000000000e+00
0.000000000000000000e+00
1.069746159475632084e+02
1.800647937806276389e+02
1.492708808053300231e+02
9.076891090864403111e+01
3.699606117976455266e+01
0.000000000000000000e+00
0.000000000000000000e+00
0.000000000000000000e+00
0.000000000000000000e+00
0.000000000000000000e+00
0.000000000000000000e+00
0.000000000000000000e+00
0.000000000000000000e+00
4.409691775442992068e+00
3.854441122248432805e+01
7.077562460145195189e+01
7.202550530275713925e+01
3.859950716975146889e+01
0.000000000000000000e+00
0.000000000000000000e+00
0.000000000000000000e+00
0.000000000000000000e+00
4.152565102060745694e+00
3.115998670029380690e+01
5.093979248425195294e+01
4.851144050230286808e+01
2.341124279134624686e+01
0.000000000000000000e+00
0.000000000000000000e+00
0.000000000000000000e+00
0.000000000000000000e+00
0.000000000000000000e+00
1.652608107191100295e+00
1.984393380771624038e+01
2.658194031845355099e+01
3.240878162619073066e+01
2.913543578584060256e+01
1.693681774424964459e+01
2.890635624503628875e+00
0.000000000000000000e+00
0.000000000000000000e+00
0.000000000000000000e+00
0.000000000000000000e+00
0.000000000000000000e+00
0.000000000000000000e+00
1.472454916408529790e+01
2.912814232524815239e+01
3.562879601389373363e+01
4.028564147547024277e+01
4.445168103543250027e+01
1.789534684222555683e+01
0.000000000000000000e+00
0.000000000000000000e+00
0.000000000000000000e+00
0.000000000000000000e+00
0.000000000000000000e+00
1.961676331996715561e+01
4.663016860161819466e+01
4.734493183329409760e+01
2.833677028541994858e+01
3.952921365790659891e+00
0.000000000000000000e+00
0.000000000000000000e+00
0.000000000000000000e+00
2.946718759713716551e+00
1.149633218973169946e+01
9.902319731255083468e+00
2.881521402451417302e+00
0.000000000000000000e+00
0.000000000000000000e+00
0.000000000000000000e+00
0.000000000000000000e+00
1.599802223476928797e-01
3.113733506831667164e+00
5.637005687777786100e+00
4.865480112530920387e+00
1.720915415916943081e+00
0.000000000000000000e+00
0.000000000000000000e+00
0.000000000000000000e+00
2.590761244590858436e-01
2.916256646649344031e+00
4.084303717044740267e+00
2.593829066490221713e+00
0.000000000000000000e+00
0.000000000000000000e+00
7.266578779991511583e-01
2.469184449362636702e+00
7.477784309951086783e+00
7.275745375158876094e+00
1.744409915601999206e+00
0.000000000000000000e+00
0.000000000000000000e+00
0.000000000000000000e+00
0.000000000000000000e+00
0.000000000000000000e+00
0.000000000000000000e+00
4.368717580760275609e+00
1.005988566578599119e+01
1.241946453811544515e+01
9.961108989318780971e+00
2.075731698860106000e+00
0.000000000000000000e+00
0.000000000000000000e+00
0.000000000000000000e+00
0.000000000000000000e+00
0.000000000000000000e+00
0.000000000000000000e+00
5.243686618853214298e+00
8.635873684175210840e+00
9.240434700538285639e+00
6.216366468332587658e+00
3.043056130543273063e+00
8.965103449675243530e-01
0.000000000000000000e+00
0.000000000000000000e+00
0.000000000000000000e+00
0.000000000000000000e+00
0.000000000000000000e+00
1.036064566844685331e+01
2.441037197247055701e+01
2.061124769014252678e+01
3.133264259590828882e+00
0.000000000000000000e+00
0.000000000000000000e+00
0.000000000000000000e+00
0.000000000000000000e+00
1.882296404089558806e+01
4.895358551270351199e+01
5.083496999191250154e+01
2.177108471744099205e+01
0.000000000000000000e+00
0.000000000000000000e+00
0.000000000000000000e+00
0.000000000000000000e+00
0.000000000000000000e+00
3.026549191102800851e+00
2.221461355615497268e+01
2.871503849047100587e+01
2.705787954799164297e+01
2.128224309355691801e+01
9.416109467878030159e+00
0.000000000000000000e+00
0.000000000000000000e+00
0.000000000000000000e+00
5.651279451102074347e+01
2.111291167227934693e+02
2.523605706862909699e+02
1.462804515585178251e+02
0.000000000000000000e+00
0.000000000000000000e+00
0.000000000000000000e+00
0.000000000000000000e+00
0.000000000000000000e+00
0.000000000000000000e+00
1.905980932058404065e+01
4.546034768745210641e+01
0.000000000000000000e+00
0.000000000000000000e+00
0.000000000000000000e+00
0.000000000000000000e+00
0.000000000000000000e+00
8.467020588157207328e+01
2.823098359430599089e+02
4.669397460137028588e+02
4.941650647367410443e+02
3.216650176729176565e+02
2.149038447734991166e+02
3.283164672304227452e+02
1.621841478054300012e+02
0.000000000000000000e+00
0.000000000000000000e+00
0.000000000000000000e+00
0.000000000000000000e+00
0.000000000000000000e+00
2.209789422174360141e+02
5.050779547224742032e+02
5.442888242166942518e+02
3.804949081099662749e+02
1.324583616723029706e+02
0.000000000000000000e+00
0.000000000000000000e+00
1.901472226352341011e+01
9.621893084567012977e+01
2.221307288593476414e+02
3.394373365099506827e+02
2.213389693420608353e+02
0.000000000000000000e+00
0.000000000000000000e+00
0.000000000000000000e+00
0.000000000000000000e+00
0.000000000000000000e+00
1.436445195034063431e+02
1.462055227667413533e+02
4.384416466808315960e+01
1.564699087133747391e+01
5.079365694645066043e+01
1.677599063441459464e+02
1.503195578678551101e+02
0.000000000000000000e+00
0.000000000000000000e+00
0.000000000000000000e+00
0.000000000000000000e+00
0.000000000000000000e+00
0.000000000000000000e+00
0.000000000000000000e+00
2.344042062945373175e+02
4.133677213469499634e+02
2.365260853734224611e+02
0.000000000000000000e+00
0.000000000000000000e+00
0.000000000000000000e+00
2.932523183084223319e+02
6.034797172623195820e+02
4.672534587997657241e+02
9.538865701254941598e+01
0.000000000000000000e+00
0.000000000000000000e+00
0.000000000000000000e+00
0.000000000000000000e+00
0.000000000000000000e+00
2.641968517533239833e+02
4.329259976699955246e+02
3.992396303706186700e+02
2.547980072733721215e+02
1.118737164247077374e+02
6.753768470493027110e+01
8.807980402535470432e+01
8.886507239237201361e+01
7.092093228077078493e+01
9.034543872858901636e+01
1.062057634347046644e+02
6.586885822645660937e+01
0.000000000000000000e+00
0.000000000000000000e+00
0.000000000000000000e+00
0.000000000000000000e+00
0.000000000000000000e+00
0.000000000000000000e+00
0.000000000000000000e+00
0.000000000000000000e+00
1.160643402163044442e+02
1.619830960010867500e+02
1.453377953990167839e+02
1.256413490879797052e+02
1.598309989926807759e+02
1.899241993735163589e+02
1.146010289349780038e+02
0.000000000000000000e+00
0.000000000000000000e+00
0.000000000000000000e+00
0.000000000000000000e+00
0.000000000000000000e+00
1.895990171621475540e+00
6.530013720574268632e+01
9.284848890988432402e+01
8.544827651770906130e+01
6.319461088677243765e+01
5.027121161203227473e+01
2.842859705779562773e+01
0.000000000000000000e+00
0.000000000000000000e+00
0.000000000000000000e+00
0.000000000000000000e+00
0.000000000000000000e+00
2.399814473627116485e+01
3.481650277687619166e+01
2.823167744186130079e+01
1.717034043558968293e+01
5.284857396919139916e+00
0.000000000000000000e+00
0.000000000000000000e+00
0.000000000000000000e+00
0.000000000000000000e+00
0.000000000000000000e+00
0.000000000000000000e+00
1.115625757346361269e+00
2.040116843311584383e+00
2.851941315744271677e+00
6.060443704983750735e+00
1.960168900607354203e+01
3.158320558408873424e+01
2.291778763764050098e+01
2.133235953188150624e-01
0.000000000000000000e+00
0.000000000000000000e+00
0.000000000000000000e+00
3.532805586141489584e+01
6.110313085551093337e+01
2.883173838541141976e+01
0.000000000000000000e+00
0.000000000000000000e+00
0.000000000000000000e+00
0.000000000000000000e+00
0.000000000000000000e+00
1.773429852498744452e+01
3.683336397517364702e+01
4.137916250881746549e+01
3.507651016943438549e+01
2.233580610779132769e+01
8.734212347089547634e+00
0.000000000000000000e+00
0.000000000000000000e+00
0.000000000000000000e+00
0.000000000000000000e+00
0.000000000000000000e+00
1.207220366966875247e+01
2.655203804396300882e+01
2.136941328475961299e+01
0.000000000000000000e+00
0.000000000000000000e+00
0.000000000000000000e+00
0.000000000000000000e+00
0.000000000000000000e+00
9.799512435831159163e-01
7.202441356460586697e+00
8.057824795703327325e+00
5.423734122424161974e+00
2.540115012504562397e+00
2.792123311405081409e+00
5.880336026589279008e+00
6.392258374146794431e+00
3.159003698629675227e+00
0.000000000000000000e+00
0.000000000000000000e+00
0.000000000000000000e+00
2.080356606781255557e+00
1.220999858726760223e+01
1.477972986813395551e+01
7.054145677569331419e+00
0.000000000000000000e+00
0.000000000000000000e+00
0.000000000000000000e+00
0.000000000000000000e+00
0.000000000000000000e+00
0.000000000000000000e+00
8.625734701140052252e+00
1.674479459570343209e+01
1.921550990252086066e+01
1.166193422620899156e+01
0.000000000000000000e+00
0.000000000000000000e+00
0.000000000000000000e+00
0.000000000000000000e+00
4.353952813413927814e+00
1.067400253432486323e+01
4.261036868991944004e+00
0.000000000000000000e+00
0.000000000000000000e+00
0.000000000000000000e+00
1.304192174138365967e+00
2.119280004603644585e+01
4.249352305453094658e+01
3.339418215084776165e+01
5.454043619449566727e+00
4.454194345886519635e+00
1.899854261096205477e+01
2.607970185773278438e+00
0.000000000000000000e+00
0.000000000000000000e+00
0.000000000000000000e+00
0.000000000000000000e+00
0.000000000000000000e+00
0.000000000000000000e+00
2.551466682574185896e+01
4.969456886683363450e+01
5.022710678433384857e+01
3.006031159617637627e+01
7.207490473882804949e+00
0.000000000000000000e+00
0.000000000000000000e+00
0.000000000000000000e+00
0.000000000000000000e+00
4.108183788361224664e+00
2.776190922882601608e+00
0.000000000000000000e+00
0.000000000000000000e+00
1.263577567709749161e+01
6.481479921918081288e+01
8.768195904375414784e+01
6.664844634666910395e+01
4.437673614928847599e+01
8.147620859462190168e+00
0.000000000000000000e+00
0.000000000000000000e+00
0.000000000000000000e+00
0.000000000000000000e+00
0.000000000000000000e+00
8.051310640356578574e+01
7.078453508313737075e+01
2.180888944498915549e+01
2.629936698837487263e+00
9.234330227554320913e+01
1.261798012745601909e+02
1.559114232704854608e+01
0.000000000000000000e+00
0.000000000000000000e+00
2.435949078929560869e+02
7.574511481834383630e+02
8.322707072116182871e+02
6.267693604775473659e+02
3.531858806639377235e+02
0.000000000000000000e+00
0.000000000000000000e+00
0.000000000000000000e+00
0.000000000000000000e+00
0.000000000000000000e+00
0.000000000000000000e+00
0.000000000000000000e+00
9.778320392794128679e+01
7.764734715884245020e+01
9.382931994420297883e+01
2.736744374582755768e+02
4.100728994102653360e+02
1.845322714678476643e+02
0.000000000000000000e+00
0.000000000000000000e+00
0.000000000000000000e+00
0.000000000000000000e+00
4.314107677729473380e+02
1.004917116095164033e+03
1.050694814986482470e+03
6.635176173345934103e+02
0.000000000000000000e+00
0.000000000000000000e+00
0.000000000000000000e+00
0.000000000000000000e+00
0.000000000000000000e+00
0.000000000000000000e+00
1.376781331971187683e+02
6.543946546809208940e+02
6.120560303155641577e+02
3.949239051202835071e+02
1.388240603211299344e+02
0.000000000000000000e+00
0.000000000000000000e+00
0.000000000000000000e+00
0.000000000000000000e+00
0.000000000000000000e+00
0.000000000000000000e+00
0.000000000000000000e+00
0.000000000000000000e+00
0.000000000000000000e+00
2.242590679223750953e+02
4.479541865987640108e+02
5.709664874420349179e+02
5.389047152433284964e+02
3.334127410347659293e+02
4.661122003276840786e+01
0.000000000000000000e+00
0.000000000000000000e+00
0.000000000000000000e+00
0.000000000000000000e+00
2.693597992387164552e+01
5.567081058052703035e+00
0.000000000000000000e+00
0.000000000000000000e+00
0.000000000000000000e+00
6.624106000489016211e+00
9.097469866910458336e+01
1.013899053349101393e+02
4.521394635925324224e+01
0.000000000000000000e+00
0.000000000000000000e+00
0.000000000000000000e+00
0.000000000000000000e+00
3.030419023516692789e+01
7.298959145115580327e+01
6.953536704818324665e+01
3.733410628278560495e+01
1.983638407593468855e+01
2.865917531105016636e+01
2.915669524028635706e+01
0.000000000000000000e+00
0.000000000000000000e+00
0.000000000000000000e+00
0.000000000000000000e+00
0.000000000000000000e+00
0.000000000000000000e+00
0.000000000000000000e+00
2.509122426674770168e+01
7.115230631179858278e+01
9.193143508897867378e+01
7.189785790714358882e+01
2.320088385483712301e+01
0.000000000000000000e+00
0.000000000000000000e+00
0.000000000000000000e+00
0.000000000000000000e+00
0.000000000000000000e+00
1.666352998940794450e+01
3.452977943640564007e+01
4.627948330427011570e+01
3.766282748484401566e+01
1.939935148888814354e+01
1.329710373329101580e+00
0.000000000000000000e+00
0.000000000000000000e+00
0.000000000000000000e+00
0.000000000000000000e+00
0.000000000000000000e+00
0.000000000000000000e+00
0.000000000000000000e+00
0.000000000000000000e+00
1.133655433967810566e+01
2.665062795454135625e+01
2.671851201704489398e+01
1.929242819796575503e+01
1.076774482965392110e+01
1.205265876582539697e-01
0.000000000000000000e+00
0.000000000000000000e+00
0.000000000000000000e+00
0.000000000000000000e+00
0.000000000000000000e+00
0.000000000000000000e+00
6.164027635014829087e+00
1.187358446344939367e+01
1.432360967341061908e+01
1.390634087475094915e+01
1.148856002231506857e+01
7.820888792959104663e+00
6.386985495364372323e-01
0.000000000000000000e+00
0.000000000000000000e+00
0.000000000000000000e+00
0.000000000000000000e+00
6.796854670729629788e+00
1.315637069581144125e+01
9.575607398968795536e+00
1.371963784688420729e+00
0.000000000000000000e+00
0.000000000000000000e+00
0.000000000000000000e+00
0.000000000000000000e+00
0.000000000000000000e+00
2.453889026567124265e+00
9.673495959875294758e+00
9.073369817847593666e+00
3.011047356217127824e+00
0.000000000000000000e+00
0.000000000000000000e+00
0.000000000000000000e+00
0.000000000000000000e+00
1.164712798742306710e+01
1.737182647418095272e+01
1.210166859028485575e+01
0.000000000000000000e+00
0.000000000000000000e+00
0.000000000000000000e+00
0.000000000000000000e+00
0.000000000000000000e+00
6.683965082353548581e+00
1.526070337696336843e+01
1.350820406497820692e+01
5.713812116125462026e+00
1.548024584788476599e+00
0.000000000000000000e+00
0.000000000000000000e+00
0.000000000000000000e+00
0.000000000000000000e+00
0.000000000000000000e+00
3.164911091053240533e+00
6.008912395615364943e+00
6.745930760624560207e+00
6.227566818214589794e+00
4.561948201903530453e+00
7.560021636443295279e+00
1.232457280136083888e+01
7.021823924702047748e+00
0.000000000000000000e+00
0.000000000000000000e+00
0.000000000000000000e+00
0.000000000000000000e+00
0.000000000000000000e+00
1.698263209362477211e+00
9.697613266337057780e+00
1.196073411681056164e+01
1.276438524732158264e+01
1.493089600942625061e+01
1.572793984057158134e+01
8.688582989754278785e+00
0.000000000000000000e+00
0.000000000000000000e+00
0.000000000000000000e+00
0.000000000000000000e+00
1.787600266254699122e+01
3.815792308206444972e+01
3.039208361107888479e+01
2.271484303067305976e+00
0.000000000000000000e+00
0.000000000000000000e+00
0.000000000000000000e+00
0.000000000000000000e+00
0.000000000000000000e+00
2.507617084809565711e+01
4.302001000087748395e+01
5.304856052625310525e+01
5.562197724163060286e+01
6.539039285303236682e+01
9.112898903517634608e+01
1.045301382211377899e+02
7.268599183145538234e+01
0.000000000000000000e+00
0.000000000000000000e+00
0.000000000000000000e+00
0.000000000000000000e+00
0.000000000000000000e+00
8.202601448177581744e+00
0.000000000000000000e+00
0.000000000000000000e+00
0.000000000000000000e+00
0.000000000000000000e+00
0.000000000000000000e+00
1.971408926136530795e+02
9.932509346452958425e+02
1.543948653090968037e+03
1.045536252372755371e+03
0.000000000000000000e+00
0.000000000000000000e+00
0.000000000000000000e+00
0.000000000000000000e+00
0.000000000000000000e+00
5.433063186831587927e+02
5.316606219343090061e+02
2.733429242581353336e+01
0.000000000000000000e+00
0.000000000000000000e+00
0.000000000000000000e+00
0.000000000000000000e+00
0.000000000000000000e+00
1.122693377519233593e+02
2.155272430776200565e+02
4.837909163909925496e+02
8.399990833316605858e+02
7.014502456576353779e+02
1.688725944330049629e+02
0.000000000000000000e+00
0.000000000000000000e+00
0.000000000000000000e+00
0.000000000000000000e+00
0.000000000000000000e+00
0.000000000000000000e+00
0.000000000000000000e+00
7.175834807065966459e+01
1.846711020404179635e+02
2.495638374805075443e+02
2.477102278075321351e+02
2.368312382613918601e+02
9.060051210669159616e+01
0.000000000000000000e+00
0.000000000000000000e+00
6.987709585430489767e+01
3.630569196389577087e+02
5.981209351499660443e+02
4.734057150609849600e+02
1.207741889475620667e+02
0.000000000000000000e+00
0.000000000000000000e+00
0.000000000000000000e+00
0.000000000000000000e+00
0.000000000000000000e+00
0.000000000000000000e+00
0.000000000000000000e+00
6.639750154676171690e+01
5.020814463196213637e+02
7.380660381834692316e+02
6.903423976638075601e+02
4.563750587467538367e+02
1.640113599512885401e+02
0.000000000000000000e+00
0.000000000000000000e+00
0.000000000000000000e+00
1.254708128115361632e+02
2.856346088641120673e+02
2.014321422801379811e+02
0.000000000000000000e+00
0.000000000000000000e+00
0.000000000000000000e+00
0.000000000000000000e+00
0.000000000000000000e+00
0.000000000000000000e+00
3.573999408707040004e+01
1.447049447050465858e+02
2.607972876111761025e+02
3.325192649471877644e+02
3.653798328322821476e+02
2.849664970436422209e+02
4.491675895014752484e+01
0.000000000000000000e+00
0.000000000000000000e+00
0.000000000000000000e+00
0.000000000000000000e+00
3.786661344722607936e+01
1.295667971288416709e+02
1.278968396153976101e+02
5.696316923390676124e+01
0.000000000000000000e+00
0.000000000000000000e+00
3.870549531654609865e+01
8.855244680402995172e+00
0.000000000000000000e+00
0.000000000000000000e+00
0.000000000000000000e+00
0.000000000000000000e+00
2.748131078194049337e+01
9.599392224065915968e+01
1.419759025673554333e+02
1.297740092762745974e+02
6.426330524902419938e+01
0.000000000000000000e+00
0.000000000000000000e+00
0.000000000000000000e+00
0.000000000000000000e+00
0.000000000000000000e+00
4.218806835715517423e+01
6.451125960013904148e+01
5.175508295743244958e+01
1.220840374452997246e+01
0.000000000000000000e+00
0.000000000000000000e+00
0.000000000000000000e+00
0.000000000000000000e+00
0.000000000000000000e+00
2.929408560825463681e+01
4.520016067867135945e+01
3.837710953764790389e+01
2.146740194913093447e+01
1.055367090185776924e+01
2.102965274489929204e+00
0.000000000000000000e+00
0.000000000000000000e+00
3.201644855075208351e+00
2.160628517930904380e+01
2.756485271643904866e+01
9.057815724044582240e+00
0.000000000000000000e+00
0.000000000000000000e+00
0.000000000000000000e+00
0.000000000000000000e+00
0.000000000000000000e+00
9.013643458807701236e+00
1.709214944637056632e+01
1.932302266905459831e+01
1.424880020502318523e+01
5.350437264626112466e+00
0.000000000000000000e+00
0.000000000000000000e+00
0.000000000000000000e+00
0.000000000000000000e+00
1.289076616305118161e+00
6.103084839682720641e+00
7.540903776796780811e+00
4.612018139732859900e+00
0.000000000000000000e+00
0.000000000000000000e+00
6.242117325084977963e+00
9.226351853151918192e+00
4.333730446912930745e+00
0.000000000000000000e+00
0.000000000000000000e+00
0.000000000000000000e+00
0.000000000000000000e+00
0.000000000000000000e+00
3.588051049207841015e+00
4.100756765043206187e+00
0.000000000000000000e+00
0.000000000000000000e+00
0.000000000000000000e+00
0.000000000000000000e+00
0.000000000000000000e+00
1.088920496908229474e+01
1.803092225315904429e+01
1.987728385320651014e+01
1.918490231150347114e+01
1.448245633803559329e+01
6.191192388004979286e+00
0.000000000000000000e+00
0.000000000000000000e+00
0.000000000000000000e+00
0.000000000000000000e+00
0.000000000000000000e+00
0.000000000000000000e+00
0.000000000000000000e+00
1.813609959593029286e+00
5.417372045467653940e+00
7.534669620888785779e+00
9.880112458161248057e+00
1.003464721170164253e+01
5.023909182727026135e+00
0.000000000000000000e+00
0.000000000000000000e+00
0.000000000000000000e+00
0.000000000000000000e+00
0.000000000000000000e+00
0.000000000000000000e+00
0.000000000000000000e+00
1.295636752416788084e+01
2.990031787744189984e+01
3.148708070285982075e+01
1.233977793064718931e+01
0.000000000000000000e+00
0.000000000000000000e+00
0.000000000000000000e+00
0.000000000000000000e+00
0.000000000000000000e+00
1.210848878192387623e+01
2.572434385473307827e+01
3.353790762607128784e+01
2.904812363155723887e+01
1.515531779999218465e+01
0.000000000000000000e+00
0.000000000000000000e+00
0.000000000000000000e+00
0.000000000000000000e+00
0.000000000000000000e+00
0.000000000000000000e+00
0.000000000000000000e+00
5.116668941195015918e+00
2.154308491747115895e+01
1.710446782817155764e+01
7.321643105447084299e-01
0.000000000000000000e+00
0.000000000000000000e+00
0.000000000000000000e+00
0.000000000000000000e+00
0.000000000000000000e+00
1.650080322927065524e+01
4.316418374611059505e+01
9.471405895820377907e+01
1.305354085110305675e+02
1.247749210727358360e+02
6.201162108363575953e+01
0.000000000000000000e+00
0.000000000000000000e+00
0.000000000000000000e+00
0.000000000000000000e+00
3.162609959630247047e+01
5.252727276211799357e+00
0.000000000000000000e+00
0.000000000000000000e+00
0.000000000000000000e+00
0.000000000000000000e+00
3.156495148751075064e+01
5.426326529001481731e+02
1.435551340783755450e+03
1.527796032555063448e+03
7.798615451271622305e+02
0.000000000000000000e+00
0.000000000000000000e+00
0.000000000000000000e+00
0.000000000000000000e+00
0.000000000000000000e+00
0.000000000000000000e+00
3.351309487156186151e+02
9.621982872713494999e+02
9.088852025522097620e+02
3.320124534771362619e+02
0.000000000000000000e+00
0.000000000000000000e+00
0.000000000000000000e+00
0.000000000000000000e+00
4.782568163233815426e+02
8.501309419909457574e+02
8.405826876177318354e+02
4.131658047940860570e+02
0.000000000000000000e+00
0.000000000000000000e+00
0.000000000000000000e+00
0.000000000000000000e+00
0.000000000000000000e+00
9.168024292938446251e+01
3.307637702147991945e+02
3.864207919301848051e+02
2.357733097206437947e+02
9.227038204234094110e+01
2.359567756831877361e+01
0.000000000000000000e+00
0.000000000000000000e+00
0.000000000000000000e+00
0.000000000000000000e+00
0.000000000000000000e+00
2.484673380460378667e+02
6.012207044264156366e+02
6.154085624830240704e+02
2.259859541964309528e+02
0.000000000000000000e+00
0.000000000000000000e+00
0.000000000000000000e+00
0.000000000000000000e+00
1.563990932044745250e+02
2.333164513498620067e+02
1.013730533404855123e+02
0.000000000000000000e+00
0.000000000000000000e+00
0.000000000000000000e+00
0.000000000000000000e+00
0.000000000000000000e+00
2.418650227959272172e+02
4.645615921216506763e+02
5.503104116947019975e+02
4.940323782018991210e+02
3.366801860106140794e+02
1.226440942480459171e+02
0.000000000000000000e+00
0.000000000000000000e+00
0.000000000000000000e+00
0.000000000000000000e+00
0.000000000000000000e+00
0.000000000000000000e+00
2.355699661652388244e+01
6.888731396656686456e+01
1.071432386629211919e+02
5.554219103688417647e+01
0.000000000000000000e+00
0.000000000000000000e+00
0.000000000000000000e+00
0.000000000000000000e+00
0.000000000000000000e+00
8.645930651140582768e+01
1.820549661260234586e+02
1.976974751375726385e+02
1.160357692447166755e+02
0.000000000000000000e+00
0.000000000000000000e+00
0.000000000000000000e+00
0.000000000000000000e+00
0.000000000000000000e+00
1.805396308128983662e+01
4.880161093259697935e+01
5.929243487617529240e+01
3.420185977321743565e+01
0.000000000000000000e+00
0.000000000000000000e+00
2.525813926492564931e+01
1.699982457340348674e+01
0.000000000000000000e+00
0.000000000000000000e+00
0.000000000000000000e+00
0.000000000000000000e+00
1.748258100497306344e+01
5.028976432159840471e+01
7.551885720807310065e+01
6.630814201477943470e+01
2.467238146168032387e+01
0.000000000000000000e+00
0.000000000000000000e+00
0.000000000000000000e+00
0.000000000000000000e+00
0.000000000000000000e+00
0.000000000000000000e+00
0.000000000000000000e+00
0.000000000000000000e+00
3.835910524227917051e+01
5.882416740205633943e+01
5.911332143568488107e+01
5.186589847043614299e+01
3.399384485982633919e+01
6.313575580638302931e+00
0.000000000000000000e+00
0.000000000000000000e+00
0.000000000000000000e+00
2.340671525694476429e+01
2.476190411087202037e+01
8.978635915594224137e-01
0.000000000000000000e+00
0.000000000000000000e+00
0.000000000000000000e+00
0.000000000000000000e+00
5.995823427100421377e+00
1.404214849849393332e+01
1.534159220913464061e+01
1.558263502603515249e+01
1.835943786948915246e+01
1.752613375814108920e+01
1.083642716516057547e+01
1.030581334118785275e+00
0.000000000000000000e+00
0.000000000000000000e+00
9.560799886283094295e+00
6.795544625605997702e+00
0.000000000000000000e+00
0.000000000000000000e+00
0.000000000000000000e+00
0.000000000000000000e+00
0.000000000000000000e+00
2.300439119407404576e+01
4.341488887218209669e+01
4.281914211633544909e+01
1.850827399364307624e+01
0.000000000000000000e+00
0.000000000000000000e+00
0.000000000000000000e+00
0.000000000000000000e+00
0.000000000000000000e+00
1.090733049638289920e+01
1.706103870708901482e+01
1.624610436953055626e+01
1.078760473605340486e+01
5.404254987616679884e+00
2.632294572981926262e+00
1.414211405592474824e+00
0.000000000000000000e+00
0.000000000000000000e+00
0.000000000000000000e+00
0.000000000000000000e+00
0.000000000000000000e+00
0.000000000000000000e+00
1.749109177893656719e+00
6.474652059094039735e+00
8.578616920113905309e+00
1.111199996155911407e+01
1.555075450028728845e+01
2.406097384088091218e+01
1.891952898152269213e+01
0.000000000000000000e+00
0.000000000000000000e+00
0.000000000000000000e+00
0.000000000000000000e+00
0.000000000000000000e+00
0.000000000000000000e+00
7.886016498084291726e+00
1.367986526561255012e+01
1.557219140015594583e+01
1.489117300443414926e+01
1.161675062861931806e+01
4.828907674152109308e+00
0.000000000000000000e+00
0.000000000000000000e+00
0.000000000000000000e+00
9.575005474674047612e-03
5.781149970419465767e+00
1.044216878289622130e+01
1.166274977278471603e+01
5.851625668011828374e+00
0.000000000000000000e+00
0.000000000000000000e+00
0.000000000000000000e+00
0.000000000000000000e+00
0.000000000000000000e+00
2.416604349728851187e+00
1.019864167334929483e+01
1.392372772680103310e+01
1.483434594764975678e+01
1.377536336419939111e+01
6.712619396348035394e+00
0.000000000000000000e+00
0.000000000000000000e+00
0.000000000000000000e+00
0.000000000000000000e+00
0.000000000000000000e+00
1.249051471595291618e+00
8.666033947962656470e+00
7.980008390791812012e+00
3.728241780969719699e+00
0.000000000000000000e+00
5.770539782076061774e-01
5.054923014525293468e+00
1.123721196305622172e+01
1.565334699857617551e+01
2.020685847717293271e+01
1.912783896008025764e+01
2.015759521564055490e+01
1.864396537238861384e+01
6.825013358607567859e+00
0.000000000000000000e+00
0.000000000000000000e+00
0.000000000000000000e+00
0.000000000000000000e+00
0.000000000000000000e+00
0.000000000000000000e+00
0.000000000000000000e+00
0.000000000000000000e+00
0.000000000000000000e+00
0.000000000000000000e+00
0.000000000000000000e+00
1.236057372618004635e+01
3.715640467393031798e+01
7.713784523493579570e+01
1.378817216960238738e+02
1.930236054611983150e+02
2.059341018373692123e+02
1.282730583314717308e+02
0.000000000000000000e+00
0.000000000000000000e+00
0.000000000000000000e+00
0.000000000000000000e+00
0.000000000000000000e+00
0.000000000000000000e+00
0.000000000000000000e+00
0.000000000000000000e+00
1.375307687512139125e+02
4.763415301164141624e+02
1.143239009973953671e+03
1.458927080977890455e+03
9.240091461560830339e+02
0.000000000000000000e+00
0.000000000000000000e+00
0.000000000000000000e+00
0.000000000000000000e+00
0.000000000000000000e+00
0.000000000000000000e+00
0.000000000000000000e+00
0.000000000000000000e+00
0.000000000000000000e+00
0.000000000000000000e+00
0.000000000000000000e+00
3.594350135702139823e+02
6.207225101954692263e+02
6.074605992027087495e+02
4.638319386496564789e+02
3.057739194027492431e+02
2.007913670989397588e+02
2.046284695268607550e+02
2.128853770305194075e+02
9.915429215037522681e+01
0.000000000000000000e+00
0.000000000000000000e+00
4.088996588088321573e+02
4.459534491818928359e+02
5.306280392737972988e+02
5.026831044725699940e+02
0.000000000000000000e+00
0.000000000000000000e+00
0.000000000000000000e+00
0.000000000000000000e+00
0.000000000000000000e+00
0.000000000000000000e+00
3.002259734757449792e+02
6.498106786223466997e+02
7.545978394090125221e+02
5.611363059469520067e+02
4.515808307130075718e+02
2.363292985842301448e+02
0.000000000000000000e+00
0.000000000000000000e+00
0.000000000000000000e+00
0.000000000000000000e+00
0.000000000000000000e+00
0.000000000000000000e+00
8.433157307287319782e+02
1.566876157546718332e+03
1.528487316013423879e+03
1.006960889497964331e+03
2.761110562723455928e+02
0.000000000000000000e+00
0.000000000000000000e+00
0.000000000000000000e+00
0.000000000000000000e+00
0.000000000000000000e+00
0.000000000000000000e+00
3.169280172365329804e+02
4.966770527122097292e+02
3.421174595272914303e+02
9.061148729509804411e+01
0.000000000000000000e+00
0.000000000000000000e+00
1.596679143511292693e+02
3.340137583675023052e+02
3.425322111233336386e+02
2.494609364947458516e+02
8.948148723436742102e+01
0.000000000000000000e+00
0.000000000000000000e+00
1.294222136107858745e+00
0.000000000000000000e+00
0.000000000000000000e+00
0.000000000000000000e+00
0.000000000000000000e+00
1.239006768291428529e+02
3.126549612423035001e+02
2.180440862256288597e+02
6.137279928772887416e+01
0.000000000000000000e+00
0.000000000000000000e+00
0.000000000000000000e+00
0.000000000000000000e+00
0.000000000000000000e+00
0.000000000000000000e+00
9.822735466297061180e+01
2.763576084767016141e+02
3.514415372224307816e+02
3.196958395791585303e+02
2.390485705602538076e+02
8.692305013194538788e+01
0.000000000000000000e+00
0.000000000000000000e+00
0.000000000000000000e+00
0.000000000000000000e+00
0.000000000000000000e+00
3.967401743015739157e+01
9.670730843409916133e+01
1.105451572561424882e+02
9.026938652081511805e+01
4.661136254792447176e+01
0.000000000000000000e+00
0.000000000000000000e+00
0.000000000000000000e+00
0.000000000000000000e+00
1.266121610440720247e+01
4.294965101217435688e+01
5.859523346876420646e+01
6.231672396041970785e+01
4.708023949480637782e+01
9.421928713074789741e+00
0.000000000000000000e+00
0.000000000000000000e+00
0.000000000000000000e+00
0.000000000000000000e+00
1.841876250678609050e+00
1.089421606547791299e+01
3.337256894318546330e+01
5.137954440265421852e+01
3.227898578530424345e+01
0.000000000000000000e+00
0.000000000000000000e+00
0.000000000000000000e+00
0.000000000000000000e+00
0.000000000000000000e+00
1.296812944659344602e+01
4.016174695295387664e+01
3.541670501100588098e+01
1.012544870434881084e+01
0.000000000000000000e+00
0.000000000000000000e+00
0.000000000000000000e+00
2.960504049797640924e+00
6.375136832800221143e+00
0.000000000000000000e+00
0.000000000000000000e+00
0.000000000000000000e+00
0.000000000000000000e+00
1.333960965335390014e+01
5.020027874556298286e+01
5.878473201922938784e+01
3.095100878452264936e+01
0.000000000000000000e+00
0.000000000000000000e+00
0.000000000000000000e+00
0.000000000000000000e+00
0.000000000000000000e+00
7.210624894458428358e+00
3.562079063608496199e+01
4.485266799650135994e+01
3.360040480295322851e+01
1.427961900740459811e+01
3.161354035712931942e+00
0.000000000000000000e+00
0.000000000000000000e+00
0.000000000000000000e+00
0.000000000000000000e+00
0.000000000000000000e+00
5.018203054015063280e+00
1.864791652963486257e+01
1.784171706296470106e+01
4.430886220414750554e+00
0.000000000000000000e+00
0.000000000000000000e+00
0.000000000000000000e+00
0.000000000000000000e+00
4.999702351145240975e+00
1.735601772671790854e+01
1.996692194515096119e+01
1.583509154899444304e+01
9.104813817643297114e+00
2.929903762708857329e+00
0.000000000000000000e+00
0.000000000000000000e+00
0.000000000000000000e+00
0.000000000000000000e+00
0.000000000000000000e+00
0.000000000000000000e+00
1.288651558182146717e+00
7.890886528606685602e+00
8.953083401636481753e+00
1.135661141881599612e+01
1.083258974510850514e+01
1.933343170402620936e+00
0.000000000000000000e+00
0.000000000000000000e+00
0.000000000000000000e+00
0.000000000000000000e+00
0.000000000000000000e+00
3.217919661657187014e+00
7.067011944435034998e+00
7.308512422149367360e+00
3.675499782452191777e+00
1.999088045620232901e+00
2.342844114025973035e+00
5.480719599490826432e-01
1.391587909915260823e+00
0.000000000000000000e+00
0.000000000000000000e+00
0.000000000000000000e+00
0.000000000000000000e+00
0.000000000000000000e+00
0.000000000000000000e+00
1.579671364440732306e+00
2.829072008289634788e+00
5.479202551355623285e+00
7.017663396578881496e+00
5.994818232843562633e+00
4.865253389878150259e+00
3.388032654179258252e+00
1.951807760282864290e+00
0.000000000000000000e+00
0.000000000000000000e+00
0.000000000000000000e+00
0.000000000000000000e+00
8.499327250495701591e+00
1.026291054981899542e+01
3.764999802777502236e+00
0.000000000000000000e+00
0.000000000000000000e+00
0.000000000000000000e+00
0.000000000000000000e+00
0.000000000000000000e+00
5.892478268078904513e+00
1.236612145258577300e+01
1.930230209582117240e+01
2.734315665575331877e+01
2.598902082864291785e+01
1.795141714812629274e+01
3.281097191731426932e+01
5.594450093734401719e+01
3.352957823428537409e+01
0.000000000000000000e+00
0.000000000000000000e+00
0.000000000000000000e+00
0.000000000000000000e+00
0.000000000000000000e+00
3.843280330567571212e+01
8.346214120334794018e+01
7.856980544764559227e+01
4.468335205145674394e+01
4.301925291748531777e+00
4.553121487382475152e+01
3.241907540783805644e+02
5.099252627110227536e+02
3.310576262686129780e+02
0.000000000000000000e+00
0.000000000000000000e+00
0.000000000000000000e+00
0.000000000000000000e+00
0.000000000000000000e+00
0.000000000000000000e+00
0.000000000000000000e+00
0.000000000000000000e+00
0.000000000000000000e+00
5.102556821991406366e+01
3.149800407440545200e+02
5.503564880798422791e+02
7.905646011194427274e+02
7.584530366748953156e+02
2.305144669543691975e+02
0.000000000000000000e+00
0.000000000000000000e+00
0.000000000000000000e+00
0.000000000000000000e+00
0.000000000000000000e+00
3.166860281717575276e+02
2.974745436495218769e+02
8.976436637592506429e+01
0.000000000000000000e+00
0.000000000000000000e+00
1.306010527743783314e+02
2.776828524550051611e+02
2.641421735187937543e+02
1.829223815659791512e+02
7.097255764019539015e+01
0.000000000000000000e+00
0.000000000000000000e+00
0.000000000000000000e+00
0.000000000000000000e+00
2.188793949975398334e-03
0.000000000000000000e+00
0.000000000000000000e+00
0.000000000000000000e+00
0.000000000000000000e+00
0.000000000000000000e+00
0.000000000000000000e+00
0.000000000000000000e+00
0.000000000000000000e+00
0.000000000000000000e+00
6.810910855880148063e+01
2.162528830087739777e+02
3.048582702169222216e+02
2.895922609462175501e+02
1.878979428691640408e+02
4.274157581054760158e+01
0.000000000000000000e+00
0.000000000000000000e+00
0.000000000000000000e+00
0.000000000000000000e+00
0.000000000000000000e+00
1.440868587175114897e+02
1.859301005187607814e+02
1.140704644754270163e+02
0.000000000000000000e+00
0.000000000000000000e+00
0.000000000000000000e+00
0.000000000000000000e+00
3.190493822769591148e+01
1.185928387534601569e+02
1.111839552409116294e+02
5.358602291231417780e+01
4.129018012294483242e+01
4.112909450999347172e+01
0.000000000000000000e+00
0.000000000000000000e+00
0.000000000000000000e+00
4.997378562575482874e+01
8.309137506172680787e+01
3.936337187627314194e+01
0.000000000000000000e+00
0.000000000000000000e+00
0.000000000000000000e+00
0.000000000000000000e+00
1.379246344278661809e+02
1.743255220885020549e+02
1.137859695239434785e+02
0.000000000000000000e+00
0.000000000000000000e+00
0.000000000000000000e+00
0.000000000000000000e+00
0.000000000000000000e+00
0.000000000000000000e+00
1.541508353638055269e+02
2.769960924359398859e+02
2.547805726310498358e+02
9.901143127168221270e+01
0.000000000000000000e+00
0.000000000000000000e+00
0.000000000000000000e+00
0.000000000000000000e+00
5.562765112516743216e+01
8.652978331847138804e+01
7.146601866330259156e+01
5.602044987767007456e+01
2.636993637388396294e+01
0.000000000000000000e+00
0.000000000000000000e+00
0.000000000000000000e+00
0.000000000000000000e+00
0.000000000000000000e+00
8.807455711062894821e+00
3.650032048856414946e+01
5.448534104829771962e+01
8.901362722345807299e+01
1.343064652832624688e+02
1.643186987214574515e+02
1.258002289322498939e+02
0.000000000000000000e+00
0.000000000000000000e+00
