1.012743942506855532e+01
1.562819659729952626e+01
1.697652374648897933e+01
1.886410606922932232e+01
2.030912773567819940e+01
2.128095238981932980e+01
2.319437607294712578e+01
2.403344063678842701e+01
2.502409450888375630e+01
2.602119763121257279e+01
2.658119768846227871e+01
2.711461182522445768e+01
2.797757130944305359e+01
2.855642670546441408e+01
2.908875352065153663e+01
2.982877096117311311e+01
3.047810539908342875e+01
3.100386441226679324e+01
3.155372236114040874e+01
3.202996807039306049e+01
3.248260456578681499e+01
3.295201440710783913e+01
3.363240384109148806e+01
3.422494054177424516e+01
3.495557570681475568e+01
3.609948263189398432e+01
3.662567457390156989e+01
3.805216453629483198e+01
3.932069045692361442e+01
4.042014269473893506e+01
4.202344128497257003e+01
4.420673686714257400e+01
4.554895385003618458e+01
4.695146375304396713e+01
4.772638546585931607e+01
4.743631446228022241e+01
4.771144836619038188e+01
4.655767095453141025e+01
4.489444433557198977e+01
4.396262872144368572e+01
4.139180255006065323e+01
3.767245459495581628e+01
3.290514771731487542e+01
2.202075733841179073e+01
1.728885331695837380e+01
1.375688843918200455e+01
1.129012088041187134e+01
9.239839097412300362e+00
7.524563742176194836e+00
6.116191555684689973e+00
4.861823559439661935e+00
3.298856101749258585e+00
1.935189489890435155e+00
2.833044665883708291e-01
0.000000000000000000e+00
0.000000000000000000e+00
0.000000000000000000e+00
0.000000000000000000e+00
0.000000000000000000e+00
0.000000000000000000e+00
0.000000000000000000e+00
0.000000000000000000e+00
0.000000000000000000e+00
0.000000000000000000e+00
0.000000000000000000e+00
0.000000000000000000e+00
0.000000000000000000e+00
0.000000000000000000e+00
0.000000000000000000e+00
0.000000000000000000e+00
5.056192135876806937e-01
8.721784828809848733e-01
1.196668620614961043e+00
1.453246255178470614e+00
1.890847638488198035e+00
2.618280398685237209e+00
3.664194180696560110e+00
5.480620618598213589e+00
8.216665093607144144e+00
1.443425629685563649e+01
1.733714562071610743e+01
1.943342435171083693e+01
2.098609277964231978e+01
2.272682631318643587e+01
2.318328647619625116e+01
2.322594041342176041e+01
2.292316328345409104e+01
2.222697532088921690e+01
2.109450120854909727e+01
1.964581754128867530e+01
1.765237401025898123e+01
1.247612761929443437e+01
9.950083914535557739e+00
8.497084768644132424e+00
7.858439681897045226e+00
8.074497507534207585e+00
9.451035475718057910e+00
1.333753305341665651e+01
2.117060150692108778e+01
2.595864082186393418e+01
2.961239149893579992e+01
3.323255227437305592e+01
3.601435033361506299e+01
3.798789519601345432e+01
3.922407292695089609e+01
3.978528754013405688e+01
3.933594399815974896e+01
3.747941175682175441e+01
3.459831567517428397e+01
2.992410183800436840e+01
2.358433002233417497e+01
1.001949750977103903e+01
4.726615224585340336e+00
1.081578886932284433e+00
0.000000000000000000e+00
0.000000000000000000e+00
0.000000000000000000e+00
0.000000000000000000e+00
0.000000000000000000e+00
0.000000000000000000e+00
0.000000000000000000e+00
0.000000000000000000e+00
0.000000000000000000e+00
0.000000000000000000e+00
0.000000000000000000e+00
0.000000000000000000e+00
0.000000000000000000e+00
0.000000000000000000e+00
0.000000000000000000e+00
0.000000000000000000e+00
0.000000000000000000e+00
0.000000000000000000e+00
0.000000000000000000e+00
4.159019072408971507e-01
1.483317764326238297e+00
2.900186059649090264e+00
4.348671897760556959e+00
6.837393558809832683e+00
1.099403671995073140e+01
1.281843796452556816e+01
1.410302491593970053e+01
1.522971116682710147e+01
1.667495652503573211e+01
1.856401775298844825e+01
1.982526124874512874e+01
2.120020724450084515e+01
2.208163694825091738e+01
2.332744906783977612e+01
2.421917200722777253e+01
2.539354048241971995e+01
2.608090527182043772e+01
2.691652925336156699e+01
2.798974386245972568e+01
2.867899159986918534e+01
2.912687716392585813e+01
2.955470003410399116e+01
3.006224476431967219e+01
3.048962449463817137e+01
3.094161659014570986e+01
3.144126918911451085e+01
3.201837680402200448e+01
3.274150467810347465e+01
3.350160790550357603e+01
3.429887690886945961e+01
3.515657655582147356e+01
3.620898763323122438e+01
3.761007085124778371e+01
3.878565835892104730e+01
4.065093157052261574e+01
4.243997150309643018e+01
4.391125993535635530e+01
4.551228367349957438e+01
4.638679465243886568e+01
4.684658158242553583e+01
4.748293662608799082e+01
4.715353508917623060e+01
4.709286745139187502e+01
4.532395612410346786e+01
4.331465728788200664e+01
4.032190742661592253e+01
3.716934983824758376e+01
3.207705464609675516e+01
2.110285976074228032e+01
1.643122201512342073e+01
1.326113463849765495e+01
1.096801924407325934e+01
8.903638296608997749e+00
7.188562246618719342e+00
5.491116017123429671e+00
3.756175546641500773e+00
2.328508790419384411e+00
6.827126895898203429e-01
0.000000000000000000e+00
0.000000000000000000e+00
0.000000000000000000e+00
0.000000000000000000e+00
0.000000000000000000e+00
0.000000000000000000e+00
0.000000000000000000e+00
0.000000000000000000e+00
0.000000000000000000e+00
0.000000000000000000e+00
0.000000000000000000e+00
0.000000000000000000e+00
0.000000000000000000e+00
0.000000000000000000e+00
0.000000000000000000e+00
0.000000000000000000e+00
0.000000000000000000e+00
0.000000000000000000e+00
0.000000000000000000e+00
0.000000000000000000e+00
0.000000000000000000e+00
0.000000000000000000e+00
1.433312213093573817e-01
7.029085459555246551e-01
1.542504003920107225e+00
2.777410097058791827e+00
4.116132925806408771e+00
6.833133519401797251e+00
1.197452101616303999e+01
1.431535397863675030e+01
1.586450106498912405e+01
1.695124006759362700e+01
1.753730234882203831e+01
1.777543228878737835e+01
1.791514415384950354e+01
1.917964732371418535e+01
1.826478574168323377e+01
1.649492566140794736e+01
1.249471924875010842e+01
1.101773145922840946e+01
1.077509333458250040e+01
1.188907890400921907e+01
1.715034879612943897e+01
2.109968608668207679e+01
2.459829243994890646e+01
2.813876153663970570e+01
3.151023777676787674e+01
3.466006842661585807e+01
3.734631413936246958e+01
3.953726402209120749e+01
4.084226606095828060e+01
4.205388460439887410e+01
4.153247842695891734e+01
3.987094071316599297e+01
3.708354743036505852e+01
3.197000380442672451e+01
2.666773377643054843e+01
1.553563692586614664e+01
8.532156312050904745e+00
4.894370020734110760e+00
2.458848814455168785e+00
8.836050894103530950e-01
0.000000000000000000e+00
0.000000000000000000e+00
0.000000000000000000e+00
0.000000000000000000e+00
0.000000000000000000e+00
1.544646306431314287e-01
2.409157919948059501e-01
4.431163030597637942e-01
4.017388131226224957e-01
0.000000000000000000e+00
0.000000000000000000e+00
0.000000000000000000e+00
2.659219044686835787e-01
6.349846699712795584e-01
1.113719689959696169e+00
1.659191074804981625e+00
2.041409338311969357e+00
2.903282236870639466e+00
3.746487881149595189e+00
4.658138029029792904e+00
5.859514127755905299e+00
6.566886923957132360e+00
7.697486048743350295e+00
9.901964296795258136e+00
1.397499449485814438e+01
1.576356727342536423e+01
1.684329992550370392e+01
1.752262109710161653e+01
1.819190474938019975e+01
1.867705867898774841e+01
1.871999496962594023e+01
1.907212304876777154e+01
1.952855722647386472e+01
1.996299720436500280e+01
2.026247229628253876e+01
2.050209675936867626e+01
2.065900296010395820e+01
2.060568412972486030e+01
2.107313005205351075e+01
2.172183152754024960e+01
2.238887242516094034e+01
2.303700302857189186e+01
2.392356241657102345e+01
2.473838700863305817e+01
2.590045174929440464e+01
2.729029712276680542e+01
2.935223515338439881e+01
3.120406171217181424e+01
3.310276613969186599e+01
3.519838902108605794e+01
3.727137309632799145e+01
3.914494417668760207e+01
4.076451400418412163e+01
4.291360431602986836e+01
4.452512784425429260e+01
4.581502899345817781e+01
4.693208863453095603e+01
4.698993076402236824e+01
4.637929925260714015e+01
4.543868072158544180e+01
4.415209871072470804e+01
4.194845616755892337e+01
3.878100621801692682e+01
3.475287232777935031e+01
2.847004764331654769e+01
1.637082928646393754e+01
1.110319732182171037e+01
7.352764475186535975e+00
4.479616426905281834e+00
2.112645576323387786e+00
2.451648265751451561e-01
0.000000000000000000e+00
0.000000000000000000e+00
0.000000000000000000e+00
0.000000000000000000e+00
0.000000000000000000e+00
0.000000000000000000e+00
0.000000000000000000e+00
0.000000000000000000e+00
0.000000000000000000e+00
0.000000000000000000e+00
0.000000000000000000e+00
0.000000000000000000e+00
0.000000000000000000e+00
0.000000000000000000e+00
0.000000000000000000e+00
0.000000000000000000e+00
0.000000000000000000e+00
0.000000000000000000e+00
0.000000000000000000e+00
0.000000000000000000e+00
3.839260389006071694e-01
4.778392217402069875e-01
7.448101675836991120e-01
1.538684430765129285e+00
2.524230797226386880e+00
3.878234900332085733e+00
5.889101301742708294e+00
1.014897124578161325e+01
1.377643517476536239e+01
1.618824191897601850e+01
1.771136685168284686e+01
1.897521765173710762e+01
2.003054314595203067e+01
2.046113899540567971e+01
2.044123426867750126e+01
1.974377635198040082e+01
1.894111730574401520e+01
1.728173610464319054e+01
1.527669703660781053e+01
1.031059887916439521e+01
8.182264337098498430e+00
7.182952460770126279e+00
6.489382136642626087e+00
6.469421016194882412e+00
8.462835490314647657e+00
9.494681670503901216e+00
1.158417845300456328e+01
1.830158747566497723e+01
2.312639520224952960e+01
2.649417823204521483e+01
2.985654766698350215e+01
3.285134459324274303e+01
3.532892865478218880e+01
3.757118157041151818e+01
3.954268681813641706e+01
4.045723052574000889e+01
4.117624821294371884e+01
4.042795464041333275e+01
3.837388475814400124e+01
3.553200454811975817e+01
3.163265045382333795e+01
2.598840445055016701e+01
1.505925682773615115e+01
1.051973918082643955e+01
6.573466107810798320e+00
4.174475130975456416e+00
2.608164147169185654e+00
1.276580452781217900e+00
4.999017221340453787e-01
5.340702325473580814e-01
7.410697063665061535e-01
1.075820123319468635e+00
1.377055615461477700e+00
1.515611731640152726e+00
1.116236403158852752e+00
1.270836727952777245e+00
5.660744632406355947e-02
0.000000000000000000e+00
2.385640154552581826e-01
7.418244279032975008e-01
1.580249195770341508e+00
2.182613213897158566e+00
2.886196254264672856e+00
3.778924348269312894e+00
4.698579598411996017e+00
5.637608490423495766e+00
6.772834708745856247e+00
7.899352882808839738e+00
8.948686789333232028e+00
1.035179610984705967e+01
1.229201514851795096e+01
1.252116292356289762e+01
1.308825736882858415e+01
1.352061816271474903e+01
1.384325350723070613e+01
1.391376269094874729e+01
1.416549422500333577e+01
1.444819797741210010e+01
1.525419431908706258e+01
1.781201336142390446e+01
1.863280265869881447e+01
1.964988295435846410e+01
2.058415699412189426e+01
2.163282279335815517e+01
2.278030743822338877e+01
2.376076104875498629e+01
2.469995883366518186e+01
2.573779806024089112e+01
2.743528202685657646e+01
2.862934778947114367e+01
2.941110267131116629e+01
3.019023951722923371e+01
3.101635493491281892e+01
3.193337636981991068e+01
3.299749110132923136e+01
3.427205382360578056e+01
3.574338104459813081e+01
3.741495328839206991e+01
3.922062964259485796e+01
3.997748909448564802e+01
4.157386848438061833e+01
4.326142178252923998e+01
4.505144617075661984e+01
4.656852908723006834e+01
4.786433919298627870e+01
4.868021021446167396e+01
4.972167526657657532e+01
4.987742840901689334e+01
4.840383681725961651e+01
4.645117434248410149e+01
4.489798660753153570e+01
4.222072516187378000e+01
3.872658413452340653e+01
3.446603559398172223e+01
2.856895282004272829e+01
1.761934058797713121e+01
1.330271482482411116e+01
1.039409744220167653e+01
9.542252181463464211e+00
8.941212752631949812e+00
7.727158904872382550e+00
6.503250893255378529e+00
5.262484972360857327e+00
4.034672270769851465e+00
3.491977010482427701e+00
2.168844193761234607e+00
5.746475416047029938e-01
0.000000000000000000e+00
0.000000000000000000e+00
0.000000000000000000e+00
0.000000000000000000e+00
0.000000000000000000e+00
0.000000000000000000e+00
0.000000000000000000e+00
0.000000000000000000e+00
0.000000000000000000e+00
0.000000000000000000e+00
0.000000000000000000e+00
0.000000000000000000e+00
0.000000000000000000e+00
0.000000000000000000e+00
0.000000000000000000e+00
9.355511568397636424e-01
1.966849999161793150e+00
7.691384367554683354e-01
2.076705928851728000e+00
3.463842950109314867e+00
6.311986870697039897e+00
1.233695983087189951e+01
1.500763342570910730e+01
1.737775390807911791e+01
1.966160933767489283e+01
2.099149106438948920e+01
2.257279961637657095e+01
2.306301437659915265e+01
2.345344890375600144e+01
2.311011930609846132e+01
2.275279622454182160e+01
2.147147584352311611e+01
2.011906164413411346e+01
1.820332840404723740e+01
1.535012886148587086e+01
1.162012605971925616e+01
1.141246945575833749e+01
1.212987571917116014e+01
1.468322074688323831e+01
2.023137881458992027e+01
2.386220642884734033e+01
2.686419813757328967e+01
2.953812433449405006e+01
3.219214959478938454e+01
3.425372688089065321e+01
3.587369288492541841e+01
3.682128938115612726e+01
3.735822950654142716e+01
3.828282229766497835e+01
3.815040817621385827e+01
3.683940168385824165e+01
3.457792420228003039e+01
3.157812530304860843e+01
2.748196814238969665e+01
1.872369563533500525e+01
1.433268270295110725e+01
1.114706481001379501e+01
8.684053543462013636e+00
6.479165224627864816e+00
5.053370224934461419e+00
3.840706500630634679e+00
3.444471404041745899e+00
3.185494203322678075e+00
2.772100226812646895e+00
2.621335707522202796e+00
2.772394492403428501e+00
2.959361424304965738e+00
3.281099181942535026e+00
2.292701161702946244e+00
1.469263036795326549e+00
9.410455427579051957e-01
1.587508173085558916e+00
1.802376326934000517e+00
2.064013098667783375e+00
2.272493509368262998e+00
2.628516366649779279e+00
3.044141200784999945e+00
3.480853563633661274e+00
3.518344753380062251e+00
3.769026471291763158e+00
4.405559041866372816e+00
4.181702204570595605e+00
4.378546603456415554e+00
4.765256837641024923e+00
5.155722559728962651e+00
5.491887266668757484e+00
5.839997706520397180e+00
5.969199142426142579e+00
6.147671015113608917e+00
6.424530062151616150e+00
6.723020091068532267e+00
7.461051827512799939e+00
8.026273291427109768e+00
8.795517062379254014e+00
1.000454558817448536e+01
1.313328584580195368e+01
1.483041366632049929e+01
1.660444541012328301e+01
1.792822276527244085e+01
1.903808788098385918e+01
1.982389944186331476e+01
2.083643401443850252e+01
2.184804968546315251e+01
2.283207804210974601e+01
2.390949799295493250e+01
2.504323999215466046e+01
2.632777373258228337e+01
2.789742730042413044e+01
2.958726764705631496e+01
3.149897277137770146e+01
3.352621717833692827e+01
3.487941002659251666e+01
3.720198477248674607e+01
3.954814307681436247e+01
4.164645483584880736e+01
4.380679314669445290e+01
4.601334273631506733e+01
4.633181429779776295e+01
4.652345285229453253e+01
4.651497512797806877e+01
4.592235379314861632e+01
4.443950822721556193e+01
4.252440830532263760e+01
3.966784885677393646e+01
3.601617991553332132e+01
3.143717716281421914e+01
2.329250720956697762e+01
1.406303802846554696e+01
1.003917524675550865e+01
7.173488801684343663e+00
5.140753918443261128e+00
3.456749341885744897e+00
2.009284098004069818e+00
9.129100018033886599e-01
0.000000000000000000e+00
0.000000000000000000e+00
0.000000000000000000e+00
0.000000000000000000e+00
0.000000000000000000e+00
0.000000000000000000e+00
0.000000000000000000e+00
0.000000000000000000e+00
0.000000000000000000e+00
0.000000000000000000e+00
0.000000000000000000e+00
0.000000000000000000e+00
0.000000000000000000e+00
0.000000000000000000e+00
0.000000000000000000e+00
0.000000000000000000e+00
0.000000000000000000e+00
0.000000000000000000e+00
0.000000000000000000e+00
0.000000000000000000e+00
4.938175978541696765e-01
1.293706448720932212e+00
3.253579587151572028e+00
7.091002686639411579e+00
1.306842922963987874e+01
1.582741857497165583e+01
1.790411193330944783e+01
1.928743030082102550e+01
2.014302949277509569e+01
2.080075433918894845e+01
2.132410333488065035e+01
2.202419252354548007e+01
2.174080025437838515e+01
2.076338399123486411e+01
2.006359736741343625e+01
1.873796784045793729e+01
1.744141491605007133e+01
1.509526643419059688e+01
1.331541528775379390e+01
1.389330544840948178e+01
1.609796747436393716e+01
1.831925600585450198e+01
2.293423936266432861e+01
2.552256351088581710e+01
2.817594005550273550e+01
3.085397642628507242e+01
3.354539855551966809e+01
3.605235172447296321e+01
3.818609866033330036e+01
3.986177314397508553e+01
4.206290422989852829e+01
4.288083536119123096e+01
4.263469536698099205e+01
4.166176434796059169e+01
3.961345302917346345e+01
3.694560619889124098e+01
3.309972641296093343e+01
2.787222141510163809e+01
1.701358723199455270e+01
1.226828848773568126e+01
7.560073758493439655e+00
5.534430054493713058e+00
3.335867125875703110e+00
2.390772455080224290e+00
2.187944828894935689e+00
2.615730726087917901e+00
2.809491257701086653e+00
2.820110948215749147e+00
2.816274747411183554e+00
2.862451427895777556e+00
1.862897921135314938e+00
3.610915079059076049e-01
8.569093470068978036e-02
3.165501430869355204e-03
1.733772149194132695e-01
4.327634238014201884e-01
7.418325521971267378e-01
1.110384264617417571e+00
1.582535901888297403e+00
2.138838292877359493e+00
2.777846638025823545e+00
3.475622420914083577e+00
4.270378788590948993e+00
5.248989166741482748e+00
6.118107601909618332e+00
6.025906990896704229e+00
6.556708702265472866e+00
7.560840826998968645e+00
1.144636939590630043e+01
1.313759846370631834e+01
1.440009593100077012e+01
1.557143503040449417e+01
1.720478377550681870e+01
1.857591268852207378e+01
2.032290912306146069e+01
2.129846795243902235e+01
2.323327769113029362e+01
2.419941390814543780e+01
2.494216171576268692e+01
2.565174289699139365e+01
2.632740472367746776e+01
2.702868887971060730e+01
2.782149581645769132e+01
2.853406308811906200e+01
2.930234538242595477e+01
3.008557141432952164e+01
3.098052581805540839e+01
3.207511658824844858e+01
3.317373127015106604e+01
3.423305556893529911e+01
3.553042565544127740e+01
3.687700793829488077e+01
3.822769738503694725e+01
3.969934290772525998e+01
4.085294210991843045e+01
4.229206824575150847e+01
4.262478489242781166e+01
4.395052652060947196e+01
4.771373712627988795e+01
5.286963142658331094e+01
5.486997344153764544e+01
5.602270400488926327e+01
5.585226145502142003e+01
5.510057388081023788e+01
5.378039571921715378e+01
5.170418744423133006e+01
4.882701125820440780e+01
4.545603116128862098e+01
4.102912266556290888e+01
3.531774086282466385e+01
2.386954917380483465e+01
1.930551059976589556e+01
1.622994713178357529e+01
1.414141705251366865e+01
1.249133745661570671e+01
1.144664599073083799e+01
1.059139240775589030e+01
1.004531612498859694e+01
8.672105467030258197e+00
4.981158481437036656e+00
3.264979006083121860e+00
1.068288064652056057e+00
0.000000000000000000e+00
0.000000000000000000e+00
0.000000000000000000e+00
0.000000000000000000e+00
0.000000000000000000e+00
0.000000000000000000e+00
0.000000000000000000e+00
0.000000000000000000e+00
0.000000000000000000e+00
0.000000000000000000e+00
0.000000000000000000e+00
0.000000000000000000e+00
0.000000000000000000e+00
0.000000000000000000e+00
0.000000000000000000e+00
0.000000000000000000e+00
0.000000000000000000e+00
0.000000000000000000e+00
0.000000000000000000e+00
0.000000000000000000e+00
0.000000000000000000e+00
1.687857409701400746e+00
4.534014802771372032e+00
1.070346254407652609e+01
1.439397222739592586e+01
1.656540595459004095e+01
1.876459069282810788e+01
2.014443355800858271e+01
2.063049348301507635e+01
2.136559321051114324e+01
2.103476882059869268e+01
1.969935326931866726e+01
1.766130010024647845e+01
1.235836466940866529e+01
1.000679070878253896e+01
8.964722198388614061e+00
9.592880696904135363e+00
1.217725671948618782e+01
1.379751469205682746e+01
1.712306754900685490e+01
2.455088998178268866e+01
2.833882596912649632e+01
3.191606034554261129e+01
3.525907573751367607e+01
3.925469628903305619e+01
4.137792891980799226e+01
4.287067259713317213e+01
4.352240588183257586e+01
4.347936410623036352e+01
4.289846135887025724e+01
4.103668275125353659e+01
3.888054102381953925e+01
3.571747165383538913e+01
3.186956908268686917e+01
2.488348214356160781e+01
1.739113898996128782e+01
1.372218262903209762e+01
9.402739821361574712e+00
7.569552168432881700e+00
6.235809708391556683e+00
5.387955250126166717e+00
4.932550308391164151e+00
4.506888323662602502e+00
4.046896208413309104e+00
1.771620518750657958e+00
1.366430248382406454e+00
1.154375957137662390e+00
1.128759465942206219e+00
1.173632515200345949e+00
6.176407692555763163e-02
4.138412979215821963e-01
7.648913714908003314e-01
1.140477099308088604e+00
1.791949074107945350e+00
2.670079998442048463e+00
3.139710437871022997e+00
3.867504333842769704e+00
5.043907554778710001e+00
6.250732907498027124e+00
7.259512870354795311e+00
8.271695881196304612e+00
9.678866563961211256e+00
1.112220330539430080e+01
1.179225284228281367e+01
1.162666022167627133e+01
1.137332873394465516e+01
1.098273714927514888e+01
1.065429943996908690e+01
1.036723800836816878e+01
1.018104413316092760e+01
1.175757560441667771e+01
1.255763818082489713e+01
1.344875844515258656e+01
1.578490880376695316e+01
2.010447100765885153e+01
2.225533177946310559e+01
2.449944193013367766e+01
2.638766027095875444e+01
2.798757157979120080e+01
2.946105664623930664e+01
3.121376958360567500e+01
3.256170098091226350e+01
3.341867606855134909e+01
3.427397467550088095e+01
3.540359198313657885e+01
3.642621935291322899e+01
3.756374592450629990e+01
3.873627414668638380e+01
4.008822229288877992e+01
4.156100630694564302e+01
4.201566358837384030e+01
4.317791770921761696e+01
4.466477023884021946e+01
4.492334843832846758e+01
4.538356554017394018e+01
4.694480700784691862e+01
4.747065547875757829e+01
4.744674608635840229e+01
4.719497661018112922e+01
4.638158935644515424e+01
4.478965582115267807e+01
4.322146715093970215e+01
4.045779815036554794e+01
3.689920769570321823e+01
3.173415784620537750e+01
2.083185673279491468e+01
1.408316181588937432e+01
1.032037499388465207e+01
7.485074653384467425e+00
5.693787182948267578e+00
4.052620912267582476e+00
2.759348829202656894e+00
1.484806340790629342e+00
3.798863159425849290e-01
0.000000000000000000e+00
0.000000000000000000e+00
0.000000000000000000e+00
0.000000000000000000e+00
0.000000000000000000e+00
0.000000000000000000e+00
0.000000000000000000e+00
0.000000000000000000e+00
0.000000000000000000e+00
0.000000000000000000e+00
0.000000000000000000e+00
0.000000000000000000e+00
0.000000000000000000e+00
0.000000000000000000e+00
0.000000000000000000e+00
0.000000000000000000e+00
0.000000000000000000e+00
0.000000000000000000e+00
0.000000000000000000e+00
0.000000000000000000e+00
5.874978666581999187e-01
2.032032740456026776e+00
3.977353691073022279e+00
6.575612855267897849e+00
1.262989544170992673e+01
1.525051707978376392e+01
1.764776825588737097e+01
1.927209364768708255e+01
2.058837761256728527e+01
2.192523473306956561e+01
2.352889563585444677e+01
2.400232700849861800e+01
2.378361213518516237e+01
2.304201231658750615e+01
2.157228566580389639e+01
1.955673965906019873e+01
1.655116655564371086e+01
1.194711334219794630e+01
1.050827525210683788e+01
1.008310292700295285e+01
9.884975416771583312e+00
1.027725186362848930e+01
1.225423268835009871e+01
1.675735869310963722e+01
2.434908533670365927e+01
2.822598979683141351e+01
3.207908045174274747e+01
3.557755982675607243e+01
3.865685025459093538e+01
4.089927378330394703e+01
4.225366845450403730e+01
4.293341993005332569e+01
4.278906801868919274e+01
4.133264241456413401e+01
3.871253000821586454e+01
3.520095642332920960e+01
2.986284844639440195e+01
1.772595318016771060e+01
1.044439040013017461e+01
6.049910320938669983e+00
3.174123849871821612e+00
1.524080700182953052e+00
9.200183709334819326e-02
0.000000000000000000e+00
0.000000000000000000e+00
0.000000000000000000e+00
0.000000000000000000e+00
0.000000000000000000e+00
0.000000000000000000e+00
0.000000000000000000e+00
0.000000000000000000e+00
0.000000000000000000e+00
0.000000000000000000e+00
0.000000000000000000e+00
0.000000000000000000e+00
0.000000000000000000e+00
0.000000000000000000e+00
0.000000000000000000e+00
0.000000000000000000e+00
0.000000000000000000e+00
6.821037930525286619e-01
1.835038132696127366e+00
2.930833699132662229e+00
4.217542867563523146e+00
5.824715552625294279e+00
7.749942839690623586e+00
1.226157859994713561e+01
1.454505758481202626e+01
1.620337281688370723e+01
1.729277591327746677e+01
1.834653642123648964e+01
1.874429365585826801e+01
1.929417225682063375e+01
1.957240383223055957e+01
2.000946992234902666e+01
2.041871132717127324e+01
2.086732048573476561e+01
2.111955688124912456e+01
2.168060201780832941e+01
2.207580695343851573e+01
2.243859255157890686e+01
2.278389427135058654e+01
2.348092927827022791e+01
2.417643380329878511e+01
2.495227958806395918e+01
2.568672555168680205e+01
2.651372471078933302e+01
2.754258986303084811e+01
2.853091331603054215e+01
2.955899979911161068e+01
3.066030962598375353e+01
3.205221606069149942e+01
3.366678968556412599e+01
3.523839280581873368e+01
3.703827893607164867e+01
3.892251536706025661e+01
4.128570677387294552e+01
4.334890832756092038e+01
4.530890211930051947e+01
4.665212174776642939e+01
4.766697337352603370e+01
4.783434780502627603e+01
4.723529348990608412e+01
4.610035850736808527e+01
4.430159333098482932e+01
4.278594499106191762e+01
3.931761537875838286e+01
3.516050422325392333e+01
2.922463691447744694e+01
1.839860306474302831e+01
1.382329261069197912e+01
1.097343073155565207e+01
8.734870821161404564e+00
7.223127477804574426e+00
6.316284667579170176e+00
5.420952241076537170e+00
4.103860448856624821e+00
3.199079976849005469e+00
2.094986627869213081e+00
7.661714191104938010e-01
0.000000000000000000e+00
0.000000000000000000e+00
0.000000000000000000e+00
0.000000000000000000e+00
0.000000000000000000e+00
0.000000000000000000e+00
0.000000000000000000e+00
0.000000000000000000e+00
0.000000000000000000e+00
0.000000000000000000e+00
0.000000000000000000e+00
0.000000000000000000e+00
0.000000000000000000e+00
3.249431588558557849e-01
8.403684475610040394e-01
1.423163828567421962e+00
2.226825402554634348e+00
2.355043475819960097e+00
2.081924871936321253e+00
2.663139952851280245e+00
3.167901923669415254e+00
4.271219765985242667e+00
6.008810321163918111e+00
7.929871670779538917e+00
1.324160907966706624e+01
1.509113974168547045e+01
1.605574014193258137e+01
1.660200526721305891e+01
1.664944778652444413e+01
1.668026043059906627e+01
1.614238568135903051e+01
1.460633311993104755e+01
1.074579293600271157e+01
9.273027021530692693e+00
8.297592079487259298e+00
7.690315476163159580e+00
8.049268549584882138e+00
8.163768542266929273e+00
9.068570523830077335e+00
1.102060977444404521e+01
1.742484090065953239e+01
2.262043036048205380e+01
2.615691019147599405e+01
2.912852526857109581e+01
3.192107773821174987e+01
3.454730786110064855e+01
3.739813263835814894e+01
3.968091199532813107e+01
4.147863040002423674e+01
4.232297268606900786e+01
4.233140570250854751e+01
4.178796590077810436e+01
4.010569960573739223e+01
3.754868125265996781e+01
3.379562099720290291e+01
2.911971909730244690e+01
1.753093988460997465e+01
1.184103264840966219e+01
7.990231650306924394e+00
5.336249027079578156e+00
5.883659921462642828e-01
0.000000000000000000e+00
0.000000000000000000e+00
0.000000000000000000e+00
0.000000000000000000e+00
0.000000000000000000e+00
0.000000000000000000e+00
0.000000000000000000e+00
0.000000000000000000e+00
0.000000000000000000e+00
0.000000000000000000e+00
0.000000000000000000e+00
0.000000000000000000e+00
0.000000000000000000e+00
0.000000000000000000e+00
0.000000000000000000e+00
0.000000000000000000e+00
1.439928872554784578e-01
1.212231358887187138e+00
2.309381029358015702e+00
3.816092101138286896e+00
5.446380190548665290e+00
7.505745068747302184e+00
1.083110210684174746e+01
1.222505646919590028e+01
1.297929229627968439e+01
1.344345250689044846e+01
1.387863945395785414e+01
1.399945359665148636e+01
1.426686138600232390e+01
1.459988872092045753e+01
1.478088741859742861e+01
1.512096904007920273e+01
1.551809500805194553e+01
1.634653956092034832e+01
1.695678147507599220e+01
1.811455885036849622e+01
1.999835605304357600e+01
2.125636819137441336e+01
2.232600434696973224e+01
2.359464366730594520e+01
2.454377529175220474e+01
2.592781760242597144e+01
2.762218517383807281e+01
2.846640023047023504e+01
2.924236864056403817e+01
3.003672513726636595e+01
3.074412257321718300e+01
3.149324497674439272e+01
3.221370320308304258e+01
3.294973059009804217e+01
3.388565654342103528e+01
3.494944182859796200e+01
3.619885717385488277e+01
3.758460816004026128e+01
3.920838264896377723e+01
4.088129616259619326e+01
4.179868038489171767e+01
4.359600884946427612e+01
4.552491735112199223e+01
4.716371638734547389e+01
4.810795657932445835e+01
4.821989910573184090e+01
4.718514461961385109e+01
4.656989147844868171e+01
4.647409467840229524e+01
4.403376147214162728e+01
4.094259473093325141e+01
3.710155463809604726e+01
3.170039981221595582e+01
1.989715139992270920e+01
1.487973011502419851e+01
1.111816162737509295e+01
8.526510827030447714e+00
6.725054600860726595e+00
5.162601437067561250e+00
3.747401283193125821e+00
2.408441255252883550e+00
9.855730250977110529e-01
0.000000000000000000e+00
0.000000000000000000e+00
0.000000000000000000e+00
0.000000000000000000e+00
0.000000000000000000e+00
0.000000000000000000e+00
0.000000000000000000e+00
0.000000000000000000e+00
0.000000000000000000e+00
0.000000000000000000e+00
0.000000000000000000e+00
0.000000000000000000e+00
0.000000000000000000e+00
0.000000000000000000e+00
0.000000000000000000e+00
0.000000000000000000e+00
0.000000000000000000e+00
0.000000000000000000e+00
3.083081013079189692e-01
1.105035366126225327e+00
1.890897119137980642e+00
2.606742798551254126e+00
3.526377990249768501e+00
4.912626685974819551e+00
6.857720955683781483e+00
1.134079515472068778e+01
1.360941628247791790e+01
1.567346972925394333e+01
1.688689071148369081e+01
1.794901983474663965e+01
1.856495112435315775e+01
1.866840980547065243e+01
1.875787223514495139e+01
1.889751482632512847e+01
1.895194189171681742e+01
1.773908875851828171e+01
1.612018818950669541e+01
1.378282121308742880e+01
1.023511049099732695e+01
9.691800408352047924e+00
1.099861887518632386e+01
1.594197077216657377e+01
1.955998520548664033e+01
2.326117248495353707e+01
2.641124316508432557e+01
2.951074887113020040e+01
3.209461276091368376e+01
3.431666918914029196e+01
3.606305882994110590e+01
3.722716214831604731e+01
3.749549874517088455e+01
3.708218522054199440e+01
3.573315378673459008e+01
3.293586206381626624e+01
2.883985845609133492e+01
2.328709282416903292e+01
1.183654723724834668e+01
6.495895613680755964e+00
3.228648967452969032e+00
7.404014169510055865e-01
0.000000000000000000e+00
0.000000000000000000e+00
0.000000000000000000e+00
0.000000000000000000e+00
0.000000000000000000e+00
0.000000000000000000e+00
0.000000000000000000e+00
0.000000000000000000e+00
0.000000000000000000e+00
0.000000000000000000e+00
0.000000000000000000e+00
0.000000000000000000e+00
0.000000000000000000e+00
0.000000000000000000e+00
0.000000000000000000e+00
0.000000000000000000e+00
0.000000000000000000e+00
8.872006360686017779e-01
1.826474341114918687e+00
3.062196246862196602e+00
4.424391330733845606e+00
6.175178085603898914e+00
8.485213153326071733e+00
1.275749610020881342e+01
1.521482101210641424e+01
1.791254952015593105e+01
1.923897405647005598e+01
2.020522881881260346e+01
2.098349083261438253e+01
2.173629710800642911e+01
2.247076527081441810e+01
2.352950355181313213e+01
2.405601860453379004e+01
2.470711722985741687e+01
2.520875246297885752e+01
2.578247726886331037e+01
2.609686722945440707e+01
2.641709185201329291e+01
2.701741606454959310e+01
2.775560195567325295e+01
2.906703717857983449e+01
2.961187358821356597e+01
3.016078855078391285e+01
3.065453648075570925e+01
3.082535935269309846e+01
3.056296400545714675e+01
3.084092986871293007e+01
3.157648726167392539e+01
3.238048342480878716e+01
3.325352590643169748e+01
3.423480208785008472e+01
3.504827550012706183e+01
3.652850078349977991e+01
3.800521923409317537e+01
3.976965886191398170e+01
4.167710277957586840e+01
4.356483409843655608e+01
4.672742992884023039e+01
4.839324735784949638e+01
4.937848610954058159e+01
4.904876184428683672e+01
4.906161749719209553e+01
4.823786184313967595e+01
4.700781620956179552e+01
4.601030759231384337e+01
4.539985620936886335e+01
4.210625431983886102e+01
3.757420317593533809e+01
3.063091667081980063e+01
2.041927888375357014e+01
1.639649537495246534e+01
1.342728322997588108e+01
1.125040170461629252e+01
9.621674427552019182e+00
8.407613761169750788e+00
7.180333644486648126e+00
6.161010959740496062e+00
4.690216523098747814e+00
3.545285295363742151e+00
2.462933116750006590e+00
1.847453621891849807e+00
9.007593626690173494e-01
1.921120706630077279e-01
0.000000000000000000e+00
0.000000000000000000e+00
0.000000000000000000e+00
0.000000000000000000e+00
0.000000000000000000e+00
0.000000000000000000e+00
0.000000000000000000e+00
0.000000000000000000e+00
0.000000000000000000e+00
0.000000000000000000e+00
0.000000000000000000e+00
0.000000000000000000e+00
0.000000000000000000e+00
0.000000000000000000e+00
1.880411778609190065e-01
7.199720189764708955e-01
1.493579777226528016e+00
1.896770637393061287e+00
3.668341100922262399e+00
5.618561674654232618e+00
8.700027016576900252e+00
1.304510278617334684e+01
1.481952310231458192e+01
1.606682335981537690e+01
1.698713504731912494e+01
1.746279160312755607e+01
1.779273639665021278e+01
1.761684095964206520e+01
1.757601732175369591e+01
1.722164735053195272e+01
1.425978851199348085e+01
1.048693058445001824e+01
9.013061044104894393e+00
7.991371950932154355e+00
7.298550658686520087e+00
7.117751324555097625e+00
8.459303373607646392e+00
1.037983893097487353e+01
1.407943981224153873e+01
2.199538502265999895e+01
2.611641752477388678e+01
2.973994059974225479e+01
3.292134422634337199e+01
3.575397009041738272e+01
3.784937002875515333e+01
3.917059014128714267e+01
3.964960360601164524e+01
3.933849116848575278e+01
3.802043741965805168e+01
3.533409735301344057e+01
3.241968086593010412e+01
2.859045017325085070e+01
2.268886479763136066e+01
1.212983048203050451e+01
7.787832657248017654e+00
4.930207806674126836e+00
2.160519203782936160e+00
0.000000000000000000e+00
0.000000000000000000e+00
0.000000000000000000e+00
0.000000000000000000e+00
0.000000000000000000e+00
0.000000000000000000e+00
0.000000000000000000e+00
0.000000000000000000e+00
0.000000000000000000e+00
0.000000000000000000e+00
0.000000000000000000e+00
0.000000000000000000e+00
0.000000000000000000e+00
5.361219218147228460e-02
5.668557794663966476e-01
1.191235137207905748e+00
1.804852916836483967e+00
2.479738707254100394e+00
3.297779516663876809e+00
4.217623426189874181e+00
5.337753411254941405e+00
6.950876746514358828e+00
8.792209773409137341e+00
1.252504820058491219e+01
1.442589661703750004e+01
1.582519388560624485e+01
1.696979840054905253e+01
1.783234179239016726e+01
1.842052667439291369e+01
1.878292297276485812e+01
1.991985070831245963e+01
2.113307813460412632e+01
2.213455176945396730e+01
2.307231977701862391e+01
2.391501112347369684e+01
2.494964042455819708e+01
2.551058773926638423e+01
2.602217814636812676e+01
2.667894193606700526e+01
2.736245656238423507e+01
2.806926992132053300e+01
2.881995917176787714e+01
2.964446144189937016e+01
3.069596571292801457e+01
3.168435594308568426e+01
3.328372827019542513e+01
3.463930749911362028e+01
3.566311057140680418e+01
3.674184236711563045e+01
3.793362536226768356e+01
3.877568685995034059e+01
3.937614900530442696e+01
3.991303855666382105e+01
4.047733518775574879e+01
4.139308729530422681e+01
4.194657364276464762e+01
4.321009372197912057e+01
4.548606361670761800e+01
4.787021738692725137e+01
4.886460025526559292e+01
4.980669788032111001e+01
5.008459901468157227e+01
4.982860227560554023e+01
4.883739759682422488e+01
4.714449965317685809e+01
4.427957252973297386e+01
4.109348364084895877e+01
3.742042810177817813e+01
3.260789823108444807e+01
2.173833212220614897e+01
1.588367299820016143e+01
1.236578807846009198e+01
9.733539230060388903e+00
7.635820961480748181e+00
6.847779004520774038e+00
5.703994010335517117e+00
4.496792426773511764e+00
3.005675315627101440e+00
7.485982532051149718e-01
0.000000000000000000e+00
0.000000000000000000e+00
0.000000000000000000e+00
0.000000000000000000e+00
0.000000000000000000e+00
0.000000000000000000e+00
0.000000000000000000e+00
0.000000000000000000e+00
0.000000000000000000e+00
0.000000000000000000e+00
0.000000000000000000e+00
0.000000000000000000e+00
0.000000000000000000e+00
0.000000000000000000e+00
0.000000000000000000e+00
0.000000000000000000e+00
0.000000000000000000e+00
0.000000000000000000e+00
0.000000000000000000e+00
1.147082976565038104e-01
2.124275153705547314e+00
4.461698343080416684e+00
8.281843543677032571e+00
1.371516089933540528e+01
1.598868475561455504e+01
1.829464080142013316e+01
1.954729288612562144e+01
2.056652160763663773e+01
2.149351008443057864e+01
2.143358984637740861e+01
2.096439617757781448e+01
2.015849578500582950e+01
1.968935005488007306e+01
1.844056660850808527e+01
1.388553086044394291e+01
1.243889112372886352e+01
1.232438322003171294e+01
1.192628118026771133e+01
1.335333934172328085e+01
1.486635825530134980e+01
1.705078312581077427e+01
2.236735183080246614e+01
2.524733284769977359e+01
2.788508933599761974e+01
3.040108368820616391e+01
3.264147845370683143e+01
3.480618678735369542e+01
3.666304485780712952e+01
3.804218340858117386e+01
3.919213490509542197e+01
3.987710348484218059e+01
4.104668778810142271e+01
3.972894299372241989e+01
3.756461097277771444e+01
3.510395656272164899e+01
3.172766139165552701e+01
2.657644575023701350e+01
1.700529861491559558e+01
1.209865394113582582e+01
8.582894595100990287e+00
6.576018032103869260e+00
5.005932210284470329e+00
3.908818847313195732e+00
3.147329782424147737e+00
2.760571543292233088e+00
2.541687528273355312e+00
2.435790205865826508e+00
2.358569266213621063e+00
2.253295404284532566e+00
2.120603089044752920e+00
1.690512122896123515e+00
0.000000000000000000e+00
0.000000000000000000e+00
0.000000000000000000e+00
0.000000000000000000e+00
1.732081192275511938e-01
8.184295377220474066e-01
2.441629153289363252e+00
3.074511289378191847e+00
3.930993438413801222e+00
4.799528083348377550e+00
5.852418968719146797e+00
7.104955273674267602e+00
8.491717852118449983e+00
1.003890763860086999e+01
1.223692220678916698e+01
1.644664720425099702e+01
1.864107177568716622e+01
1.989056782279321922e+01
2.074546774869389765e+01
2.131085021778231692e+01
2.186283080113742372e+01
2.229495944919306183e+01
2.287648443282760979e+01
2.340374034504348799e+01
2.360759669301200248e+01
2.334656281185069560e+01
2.306861201817563156e+01
2.370677999606997943e+01
2.433643550769836139e+01
2.500495520681548101e+01
2.570147040698761032e+01
2.630180762504861036e+01
2.697456606854771977e+01
2.763872963398503657e+01
2.817615440717904818e+01
2.875831102636434622e+01
2.883577230156672044e+01
2.944348047811918434e+01
3.048162094337996919e+01
3.194852391281560244e+01
3.359472569384134744e+01
3.542335647312324909e+01
3.712948420920544379e+01
3.866705126285785354e+01
4.028583917732841257e+01
4.396267002638401777e+01
4.561793027797304489e+01
4.651864094170557706e+01
4.763303805167016947e+01
4.792807133272966524e+01
4.715870769692178044e+01
4.692136525210342057e+01
4.575664174536589712e+01
4.295134315284697379e+01
3.957259846102829925e+01
3.527124853066823817e+01
2.804972305818981937e+01
1.937329984467318411e+01
1.565388060306656115e+01
1.295753627073408687e+01
1.093282703548258539e+01
9.260965500525569993e+00
7.837006254670022543e+00
6.817488795088891607e+00
5.829104951664433543e+00
4.136632489495001508e+00
2.790873362981294292e+00
1.896130444664812842e+00
6.847846236911330209e-01
0.000000000000000000e+00
0.000000000000000000e+00
0.000000000000000000e+00
0.000000000000000000e+00
0.000000000000000000e+00
0.000000000000000000e+00
0.000000000000000000e+00
0.000000000000000000e+00
0.000000000000000000e+00
0.000000000000000000e+00
3.040853163037389173e-01
8.300258240740987503e-01
1.403898740731504446e+00
1.962668710891226631e+00
1.861393213664955137e+00
1.687240621450538658e+00
2.045939911416692514e+00
2.553812908357984135e+00
3.605195122283568310e+00
5.097741466065532912e+00
6.845091928947622861e+00
9.120692965913587358e+00
1.341694100590672356e+01
1.512647122082445783e+01
1.719864680881122609e+01
1.792792487990379158e+01
1.828290138380023322e+01
1.817846859471107024e+01
1.829056707808668136e+01
1.882537137464071719e+01
1.678569191841038233e+01
1.249354358674906074e+01
1.068887363652982714e+01
9.537614030014649913e+00
9.128075799809138857e+00
9.139802981397599169e+00
9.768628086856352866e+00
1.131933772457052712e+01
1.413615941573840473e+01
2.157643490604341707e+01
2.564265816006900067e+01
2.916214773644081504e+01
3.226147163287762965e+01
3.514906798882472572e+01
3.735274632495840308e+01
4.027864863840776621e+01
4.167691523609909154e+01
4.186144426759560133e+01
4.114417146946189519e+01
3.868247880024512142e+01
3.601655666275831891e+01
3.241467332526656264e+01
2.741498780071966479e+01
1.608917118128653101e+01
1.065428054923826018e+01
7.113797303572114927e+00
4.615259176678808473e+00
2.690016281565005052e+00
1.444444306681835322e+00
6.703001539981974233e-01
4.278901491617794761e-01
4.337748481891390284e-01
6.215230583202790982e-01
9.121788971953002090e-01
9.834439651825137574e-01
0.000000000000000000e+00
0.000000000000000000e+00
0.000000000000000000e+00
0.000000000000000000e+00
0.000000000000000000e+00
0.000000000000000000e+00
2.299898771144349041e+00
3.226427700781442809e+00
4.700976091048215011e+00
5.238780443851451807e+00
5.834755480080374923e+00
6.355648036743744456e+00
6.868708089735546807e+00
7.323195323930370648e+00
7.595909877790403719e+00
7.718462027817026616e+00
7.989985387764972025e+00
8.242033549924423497e+00
8.567511288321860263e+00
9.280873101630174205e+00
9.844114093083813799e+00
1.055307321307122947e+01
1.148288679887035713e+01
1.223317168651955100e+01
1.407539347049652712e+01
1.530348037217826374e+01
1.707337162874489422e+01
1.859082799584973600e+01
1.916198504252847812e+01
2.027020122767018506e+01
2.183648785851832130e+01
2.286966689421109677e+01
2.374869286702565319e+01
2.449908827963341906e+01
2.519597679764370923e+01
2.580203324794092623e+01
2.634870389184250428e+01
2.679740204889004573e+01
2.719417170531179195e+01
2.727822205821117052e+01
2.771079292790405546e+01
2.828789020085402939e+01
2.880166817613740449e+01
3.013334201545986346e+01
2.975492860840919107e+01
3.135986647334868493e+01
3.342143550317506140e+01
3.534279743033427934e+01
3.780843988384095411e+01
4.011337499576472965e+01
4.113170968236994440e+01
4.201232221574836245e+01
4.450393779563486873e+01
4.567400670384915173e+01
4.543271750724733948e+01
4.454440505016134466e+01
4.379322743788761585e+01
4.222742116200947748e+01
3.930406919654932096e+01
3.590800624213296999e+01
3.162035217622403138e+01
2.462291670246391462e+01
1.664230608731964622e+01
1.335059532474557997e+01
1.083012205168651043e+01
8.877003959237324437e+00
7.270086254196568731e+00
5.878372112383557280e+00
4.443197073214914639e+00
3.112486743916866416e+00
1.826401645439112542e+00
8.675101890075804789e-01
0.000000000000000000e+00
0.000000000000000000e+00
0.000000000000000000e+00
0.000000000000000000e+00
0.000000000000000000e+00
0.000000000000000000e+00
0.000000000000000000e+00
0.000000000000000000e+00
0.000000000000000000e+00
0.000000000000000000e+00
0.000000000000000000e+00
0.000000000000000000e+00
0.000000000000000000e+00
0.000000000000000000e+00
0.000000000000000000e+00
0.000000000000000000e+00
0.000000000000000000e+00
3.751668260809011279e-01
1.421271432950927505e+00
3.678021489900580754e+00
7.104188713835301705e+00
1.373010682221745249e+01
1.722915547712410245e+01
2.019878429121167684e+01
2.377170037467706010e+01
2.495454457946011573e+01
2.622132616609731670e+01
2.658520510049480734e+01
2.626803245523655761e+01
2.493281673311275526e+01
2.347240612551369310e+01
2.010643065076345692e+01
1.273326100709744679e+01
9.742917340614674515e+00
7.948773823694978979e+00
7.112969926871542725e+00
8.611644222294684070e+00
9.646915600313723971e+00
1.211784374084837168e+01
1.696073442087604022e+01
2.582680191862509389e+01
3.018850582127778281e+01
3.416914889571762615e+01
3.708295940117459111e+01
3.873949805702595484e+01
4.027622152605536598e+01
4.062911379628786079e+01
4.027284738254329710e+01
3.893624960032792615e+01
3.700711198091423171e+01
3.347133937872247600e+01
2.975970026120896961e+01
2.419924931781059740e+01
1.404060059479441236e+01
9.626084974782511239e+00
6.818018719837766639e+00
3.126833054738670015e+00
1.144950933359075051e+00
0.000000000000000000e+00
0.000000000000000000e+00
0.000000000000000000e+00
0.000000000000000000e+00
0.000000000000000000e+00
0.000000000000000000e+00
0.000000000000000000e+00
0.000000000000000000e+00
0.000000000000000000e+00
0.000000000000000000e+00
0.000000000000000000e+00
0.000000000000000000e+00
0.000000000000000000e+00
0.000000000000000000e+00
2.973469931227317176e-01
1.085568543125944529e+00
1.711885464942122681e+00
2.411450567272153123e+00
3.119515627394155111e+00
3.893670425909285804e+00
4.838402766101507879e+00
6.014116135856458989e+00
7.372719848412549126e+00
9.014584231960512284e+00
1.291797901570069129e+01
1.557315995629778271e+01
1.719198648365097881e+01
1.794377094249174931e+01
1.821031804618935013e+01
2.040942487825886786e+01
2.209940225326008800e+01
2.274430082146933429e+01
2.348177970010877047e+01
2.460710831028942991e+01
2.536622254769811491e+01
2.659702534143003660e+01
2.790564210315469751e+01
2.847448983896366670e+01
2.910543059774168384e+01
2.998676692102164409e+01
3.078662946088582686e+01
3.136878818974461325e+01
3.208219597242781873e+01
3.282229183300933073e+01
3.365473074978717705e+01
3.453451594727025764e+01
3.554955728879093613e+01
3.661333826299906491e+01
3.769205400320925747e+01
3.815963028322424577e+01
3.888031599419829121e+01
4.002521268133970267e+01
4.165789720436179522e+01
4.282867159165242299e+01
4.424760625592386987e+01
4.430017904669981732e+01
4.690320354316974516e+01
4.834061245322434530e+01
4.846665402712734760e+01
4.976784697383912004e+01
4.924187223553303738e+01
4.767160355971726915e+01
4.547298624938178335e+01
4.320261690478031369e+01
3.922150518641502259e+01
3.360592146455051221e+01
2.169942977425747443e+01
1.686232064818893761e+01
1.316087858710322323e+01
1.044410693515546562e+01
8.217820375275344702e+00
6.538425284721473218e+00
5.130511081460493727e+00
3.929748331444590903e+00
2.921782504945628745e+00
2.235997561484692753e+00
3.265106236415249441e-01
0.000000000000000000e+00
0.000000000000000000e+00
0.000000000000000000e+00
0.000000000000000000e+00
0.000000000000000000e+00
0.000000000000000000e+00
0.000000000000000000e+00
0.000000000000000000e+00
0.000000000000000000e+00
0.000000000000000000e+00
0.000000000000000000e+00
0.000000000000000000e+00
0.000000000000000000e+00
0.000000000000000000e+00
0.000000000000000000e+00
0.000000000000000000e+00
0.000000000000000000e+00
0.000000000000000000e+00
0.000000000000000000e+00
0.000000000000000000e+00
5.892495945045183037e-01
2.401675947357960084e+00
5.382316878457561238e+00
1.257076265552382388e+01
1.611771341191002449e+01
1.860524979565234815e+01
2.093707659652017483e+01
2.256551833557483633e+01
2.345719737254999160e+01
2.384076159760947533e+01
2.386256679739733144e+01
2.318413838987901698e+01
2.254848612673591290e+01
2.238940172006171281e+01
2.036400402050723102e+01
1.725040561831818664e+01
1.234287123318097912e+01
1.071283494008822501e+01
1.172609822504983335e+01
1.513789100761540141e+01
1.866088120480008428e+01
2.519322438241898610e+01
2.906223934308911439e+01
3.252142261813867208e+01
3.544906049843645235e+01
3.815366692508997204e+01
4.014788907099730864e+01
4.173156613257368264e+01
4.261789053151083095e+01
4.273794080889550173e+01
4.199634502749896825e+01
4.037394810844060089e+01
3.790941714076247848e+01
3.357809192477398597e+01
2.898750513051139421e+01
1.832633006251099062e+01
1.320585287454601442e+01
9.941285270703961174e+00
7.023014114980471234e+00
2.817427025345828007e+00
6.876613769594523973e-01
0.000000000000000000e+00
0.000000000000000000e+00
0.000000000000000000e+00
0.000000000000000000e+00
0.000000000000000000e+00
0.000000000000000000e+00
0.000000000000000000e+00
0.000000000000000000e+00
0.000000000000000000e+00
0.000000000000000000e+00
0.000000000000000000e+00
0.000000000000000000e+00
0.000000000000000000e+00
0.000000000000000000e+00
5.039889214645958404e-01
1.322351250414584012e+00
1.878342343432754191e+00
2.387107388457535784e+00
2.920840689927117317e+00
3.750166705622840269e+00
4.689404930117797576e+00
5.693715200909695184e+00
6.876391461224620194e+00
8.108249998445993256e+00
9.827425122882818442e+00
1.283849364964919104e+01
1.406806591786757465e+01
1.539417168023891058e+01
1.620798923627574695e+01
1.672332945375613988e+01
1.715131529201207172e+01
1.755521958112500158e+01
1.807066533299057909e+01
1.928390872128916556e+01
2.016579970757855733e+01
2.049810995610265962e+01
2.107585418903845209e+01
2.166892106617130764e+01
2.215140899997874158e+01
2.264399824357456836e+01
2.321448745215438692e+01
2.382480767948752387e+01
2.449940039642984857e+01
2.525946667022048686e+01
2.612759448606209389e+01
2.695049521276396121e+01
2.799860860114711869e+01
2.874350017421801695e+01
2.990869122614959252e+01
3.123258321200351872e+01
3.282984907653042228e+01
3.449985307550708313e+01
3.631797037872836142e+01
3.706723631020188492e+01
3.785796789503493898e+01
4.075599018858243028e+01
4.504464723744489163e+01
4.638287079637699151e+01
4.747296374013792786e+01
4.855967172036380930e+01
4.895379514754136352e+01
4.863909547508174569e+01
4.764710331991287262e+01
4.609118222661192732e+01
4.437758574544690759e+01
4.412279491176927593e+01
4.092294584835312321e+01
3.746764722953435722e+01
3.203060096538354884e+01
2.262073087721759634e+01
1.870222520847418224e+01
1.637327424912754736e+01
1.424869621067464109e+01
1.266202074994890481e+01
1.125849279602394049e+01
9.457527934485870702e+00
6.781219472644744783e+00
5.870897022562621359e+00
5.838338022251200243e+00
4.702221355279945669e+00
3.702585316433486540e+00
2.980244934965000425e+00
2.360160867220111314e+00
2.007649869484689376e+00
1.388851402103071564e+00
0.000000000000000000e+00
0.000000000000000000e+00
