1.623702259066257270e+01
2.143868336161159149e+01
2.173605293900501323e+01
2.215654437602108118e+01
2.242804775060447398e+01
2.302586312110495825e+01
2.326026974050570573e+01
2.397702243132044586e+01
2.417995200884855578e+01
2.496189740310231642e+01
2.514957579650416974e+01
2.595322489107486419e+01
2.614306008455017860e+01
2.693365104186630177e+01
2.713740722119032256e+01
2.788446846260347201e+01
2.810691656914544723e+01
2.878288077334759976e+01
2.902454252905178578e+01
2.960800868655691076e+01
2.986822649028627552e+01
3.034175267179773883e+01
3.061893801417661010e+01
3.096702668196108732e+01
3.125527073037840253e+01
3.145871994805182581e+01
3.174322459011406039e+01
3.177515255057580390e+01
3.203139894703573276e+01
3.186135814464000759e+01
3.206116418208748087e+01
3.166552592688368861e+01
3.178813838997086094e+01
3.116221826038319165e+01
3.120421293490323222e+01
3.037248177955739692e+01
3.034945341249238737e+01
2.936389893695903552e+01
2.930220377991214420e+01
2.823688183599429991e+01
2.816114378381761441e+01
2.711296849997980019e+01
2.703716689117633720e+01
2.614627636724279114e+01
2.607190084931207252e+01
2.555930428775708663e+01
2.547860019343225346e+01
2.554564510563611535e+01
2.544360211956235673e+01
2.599152754764073947e+01
2.585493666410987501e+01
2.661670496059978319e+01
2.645110698723254927e+01
2.722717314861061766e+01
2.705921079141592145e+01
2.771832663828065080e+01
2.758559917720194576e+01
2.800937404870007086e+01
2.794369873280842143e+01
2.798123598547334012e+01
2.798970447441836740e+01
2.739306668997708982e+01
2.744190135673852637e+01
2.564710184261953074e+01
2.563983932666931764e+01
1.902116152817179540e+01
1.887109841354598316e+01
1.460729744209493219e+01
1.437301957404531549e+01
1.042100462954757489e+01
1.000981871223680031e+01
6.012061789448425841e+00
5.412493793536186537e+00
1.404352514975765853e+00
6.508533665641755839e-01
0.000000000000000000e+00
0.000000000000000000e+00
0.000000000000000000e+00
0.000000000000000000e+00
0.000000000000000000e+00
0.000000000000000000e+00
0.000000000000000000e+00
0.000000000000000000e+00
0.000000000000000000e+00
0.000000000000000000e+00
0.000000000000000000e+00
0.000000000000000000e+00
0.000000000000000000e+00
0.000000000000000000e+00
0.000000000000000000e+00
0.000000000000000000e+00
0.000000000000000000e+00
0.000000000000000000e+00
0.000000000000000000e+00
0.000000000000000000e+00
0.000000000000000000e+00
0.000000000000000000e+00
3.950289919249535542e-01
6.773956230672633083e-01
1.270815923603584885e+01
1.312849024232950157e+01
1.872046389112882281e+01
1.905727670464702328e+01
2.292890737331941864e+01
2.328678762622840637e+01
2.628424811407821338e+01
2.666779606722871065e+01
2.892432659359856473e+01
2.931940268675026573e+01
3.084115588457871482e+01
3.122757934802052304e+01
3.202131279157777755e+01
3.237935686822396519e+01
3.249007612468845707e+01
3.280456238269340474e+01
3.231782531137995562e+01
3.257978579056437951e+01
3.160754861576632990e+01
3.181391008861248437e+01
3.048016607942319212e+01
3.063202704047413150e+01
2.905734396304844225e+01
2.915823733642276849e+01
2.744993710380980900e+01
2.750457216346027778e+01
2.574720685723816160e+01
2.576080026248536115e+01
2.400920311521504047e+01
2.398671992247168205e+01
2.225703121981613108e+01
2.220175206075587582e+01
2.045510377726863283e+01
2.036576949015927340e+01
1.845326324246220295e+01
1.831430434510302518e+01
1.515013968789585519e+01
1.427344201212007135e+01
1.150479113587202917e+01
1.134108077666401293e+01
9.776448372822089894e+00
9.629565709589410716e+00
8.379258309080235279e+00
8.233876112407230607e+00
7.175104295821419953e+00
7.029950584018692439e+00
6.140587329927962301e+00
6.000179913956671385e+00
5.297153502080767851e+00
5.169067627714459157e+00
4.683340642998587100e+00
4.576389695780516575e+00
4.342507813404765216e+00
4.264813123307117593e+00
4.312248051476882615e+00
4.269766068177539786e+00
4.618604537208526040e+00
4.614278483848339718e+00
5.272439102782554343e+00
5.306249017222821607e+00
6.270377499251655884e+00
6.340023949920650104e+00
7.600998389693560675e+00
7.703180426141258863e+00
9.268792865150208726e+00
9.402262136501482459e+00
1.144213280502220442e+01
1.164148582681557542e+01
1.508370704638418758e+01
1.517836245894433844e+01
1.606678357220564735e+01
1.606728002186917692e+01
1.607352190355179999e+01
1.599350539326084508e+01
1.506515964524411366e+01
1.485367988023769215e+01
1.126774347893939066e+01
1.098602826070536231e+01
8.962449191308369478e+00
8.761388161802521779e+00
7.134249020667597030e+00
6.972001592434098782e+00
5.669304405285405579e+00
5.547827967433992313e+00
4.615752702960143949e+00
4.541987205851404141e+00
4.037861525884251179e+00
4.017787807756405094e+00
3.991940616780758955e+00
4.028301679200462004e+00
4.520806889629660041e+00
4.614097457067231289e+00
5.674845038370591510e+00
5.828268690212776271e+00
7.583801251033196245e+00
7.822003846812016548e+00
1.104289526005758759e+01
1.174601399961757586e+01
1.702900229914022034e+01
1.731078728526342303e+01
1.960991920997664195e+01
1.980880694694883104e+01
2.150991916095038547e+01
2.167537366606714500e+01
2.294812773751587542e+01
2.309613322250858403e+01
2.399699976950046931e+01
2.413131351089018395e+01
2.468912708632635145e+01
2.480687976443426024e+01
2.504762509020689620e+01
2.514342277675196513e+01
2.509929540502784562e+01
2.516933540310241568e+01
2.488364424337132164e+01
2.492903971079165970e+01
2.445751233098041411e+01
2.448592333522138276e+01
2.389571135914785671e+01
2.392024027141195930e+01
2.328408477753406203e+01
2.332004627711683042e+01
2.271092410811334616e+01
2.277087809321946921e+01
2.225277748101331099e+01
2.234189002110690225e+01
2.196208924244607985e+01
2.207541495845171653e+01
2.185796755775936973e+01
2.198111160395581720e+01
2.192362241048657623e+01
2.203759741770605274e+01
2.211574009213358494e+01
2.220482880398926895e+01
2.238376077342500636e+01
2.244384180609441515e+01
2.269435544543037508e+01
2.273733739397099640e+01
2.304485396584724199e+01
2.309669193686736222e+01
2.346167145693159384e+01
2.355377176336903844e+01
2.398310317710402373e+01
2.414053855649255809e+01
2.463440179606693903e+01
2.486670595783921200e+01
2.541272912995310662e+01
2.570979062039241825e+01
2.627974371889469651e+01
2.661488482727930460e+01
2.717028806359863680e+01
2.750886159182713087e+01
2.801069544325524774e+01
2.832090069581465741e+01
2.873928554656650292e+01
2.900128531718787883e+01
2.932132892528471757e+01
2.953199415845627840e+01
2.975593083928208316e+01
2.992866627132914559e+01
3.007376769179307274e+01
3.023475147156105791e+01
3.032712286436952454e+01
3.050906970380525962e+01
3.057690729872288316e+01
3.080934744809788128e+01
3.087123008500355326e+01
3.117002386659385493e+01
3.122769541942979998e+01
3.158675914060614787e+01
3.161953764887734764e+01
3.200878787677067550e+01
3.197654476597828932e+01
3.234735737676033551e+01
3.220210159525862537e+01
3.249856364181852797e+01
3.219905305185837818e+01
3.237201031902242931e+01
3.190096790770322599e+01
3.192050027342770591e+01
3.130091054140654450e+01
3.116359836719918519e+01
3.046853240672642826e+01
3.019940822788745294e+01
2.955295571609096328e+01
2.920011036961561501e+01
2.874285737272241192e+01
2.836204172259663281e+01
2.817720132327168159e+01
2.781455668211231824e+01
2.788824811531247860e+01
2.757724739655214208e+01
2.783741345014300350e+01
2.759905990473738768e+01
2.794943972040292124e+01
2.778585301586597467e+01
2.810827454976892170e+01
2.801466963872842442e+01
2.825592503471714068e+01
2.812905950146920020e+01
2.778501595101031896e+01
2.761521430549743172e+01
2.675296296666122231e+01
2.641604910290706698e+01
2.426039577577970263e+01
2.341054334284986638e+01
1.689756228931589987e+01
1.600265069295472031e+01
1.244998531314824852e+01
1.161660906259945847e+01
8.143513825223376301e+00
7.310693285511212558e+00
4.020226624243467661e+00
3.116223801401317495e+00
0.000000000000000000e+00
0.000000000000000000e+00
0.000000000000000000e+00
0.000000000000000000e+00
0.000000000000000000e+00
0.000000000000000000e+00
0.000000000000000000e+00
0.000000000000000000e+00
0.000000000000000000e+00
0.000000000000000000e+00
0.000000000000000000e+00
0.000000000000000000e+00
0.000000000000000000e+00
0.000000000000000000e+00
0.000000000000000000e+00
0.000000000000000000e+00
0.000000000000000000e+00
0.000000000000000000e+00
0.000000000000000000e+00
0.000000000000000000e+00
0.000000000000000000e+00
0.000000000000000000e+00
0.000000000000000000e+00
0.000000000000000000e+00
1.914793073767535381e+00
3.331289637324944763e+00
1.429398444201743246e+01
1.545510174185708330e+01
1.975061705876784401e+01
2.055504153883033780e+01
2.362088098501608613e+01
2.428744017804287481e+01
2.660903240035146666e+01
2.717305071947412287e+01
2.885065641535440406e+01
2.931428334671666747e+01
3.037259647884886249e+01
3.073191537811620222e+01
3.120132018174840383e+01
3.145492485655980630e+01
3.139282204126060805e+01
3.154489921944595210e+01
3.103565817197777577e+01
3.109613337240621078e+01
3.024129796058630859e+01
3.022460128776753763e+01
2.913170022575081219e+01
2.905476035946420765e+01
2.782661083443271366e+01
2.770664497779870317e+01
2.643219829389025932e+01
2.628444959234224498e+01
2.503102378460153687e+01
2.486621949975081947e+01
2.367172738896508477e+01
2.349437576206289791e+01
2.236381489113687593e+01
2.217092703294137124e+01
2.107269214428311699e+01
2.085362485598685467e+01
1.971602780159512847e+01
1.944977422330443062e+01
1.812811824761089952e+01
1.776463887268480946e+01
1.564492589660112820e+01
1.410824154485739435e+01
1.189478472021470878e+01
1.150971213439041918e+01
1.022821428857714565e+01
9.937267827848275559e+00
8.951436417753587449e+00
8.718565271328907684e+00
7.960869707702300069e+00
7.783283178300098193e+00
7.255958857952228946e+00
7.139187172713697294e+00
6.862311113939308704e+00
6.814583538138953678e+00
6.811345227106836653e+00
6.839355879025077023e+00
7.124212672675007241e+00
7.230699831961273638e+00
7.805842683828119632e+00
7.987147133455722248e+00
8.839514860937219609e+00
9.084420496865051931e+00
1.019008388253955744e+01
1.048089106799873349e+01
1.184199796726932874e+01
1.216705572379984091e+01
1.467673807732593438e+01
1.486990676368213471e+01
1.544908242541751697e+01
1.529180670345379234e+01
1.458320545012319869e+01
1.325992173185309753e+01
1.145746408396299287e+01
1.091914677801515232e+01
9.368212821875893326e+00
8.887822959203310447e+00
7.411838185190968709e+00
6.982359522293799081e+00
5.653200542874630585e+00
5.291818747461147332e+00
4.195873260511477909e+00
3.921940763952179942e+00
3.137933649682350445e+00
2.968801380020867242e+00
2.563517083992398859e+00
2.512288826889799154e+00
2.536836731267312572e+00
2.613073171719327625e+00
3.108406227390366539e+00
3.321084871067041533e+00
4.333801069654339422e+00
4.700941278296335568e+00
6.341314949430173264e+00
6.923688811607658700e+00
9.744432011667814919e+00
1.116038498725003159e+01
1.658635842492250489e+01
1.734660366442030721e+01
1.955694712549624725e+01
2.010094331460922135e+01
2.173309573340191037e+01
2.217599985956936592e+01
2.340556198244058805e+01
2.377183058286611939e+01
2.464820616665077324e+01
2.493786722078859697e+01
2.548000708153000105e+01
2.568418177849270023e+01
2.590779100601248430e+01
2.601904410478640273e+01
2.595127861280446524e+01
2.597225343332162595e+01
2.565977371242545502e+01
2.560851778345832130e+01
2.511934453593319105e+01
2.502869339470749210e+01
2.444666894389381540e+01
2.435681549754229280e+01
2.376899124196644664e+01
2.371664612563624885e+01
2.320024504793448727e+01
2.320813643789109548e+01
2.281821976287932330e+01
2.288946234828461357e+01
2.265188399997449409e+01
2.277022819115866881e+01
2.267914713039251495e+01
2.281507586093058393e+01
2.283866656165262654e+01
2.295905915430718025e+01
2.305183699677554543e+01
2.313269557445783065e+01
2.325574492441655394e+01
2.329343914241803049e+01
2.343106030092443959e+01
2.344722687191043775e+01
2.361261008969673014e+01
2.364853448755358656e+01
2.387409446669566648e+01
2.397579637139588371e+01
2.429469101243471485e+01
2.449321515561751994e+01
2.491820181283517144e+01
2.521470100667163194e+01
2.572713630884977931e+01
2.608933757323035252e+01
2.664102042942992910e+01
2.701555337551227964e+01
2.754723324415781960e+01
2.788303847383548018e+01
2.834950565451687865e+01
2.862314235882811886e+01
2.901537968941336487e+01
2.924602296532415480e+01
2.959770061748834280e+01
2.984292624546292316e+01
3.021536236315849777e+01
3.054699840982239323e+01
3.099867147507154996e+01
3.146650287948628844e+01
3.201647865085062961e+01
3.261811111565355503e+01
3.322581110301427998e+01
3.389590594626383080e+01
3.446308576317969852e+01
3.508972897958212656e+01
3.548920404190025124e+01
3.595030113650823722e+01
3.606739928857675181e+01
3.627028497303534493e+01
3.603799761504471633e+01
3.594742627820812686e+01
3.536606401058013915e+01
3.501275960204085891e+01
3.414994021561209081e+01
3.361899505647483011e+01
3.259076426343426647e+01
3.199585897412778124e+01
3.094081238781298993e+01
3.039141928143014937e+01
2.944500850486040022e+01
2.902161866773722210e+01
2.830987683419032663e+01
2.805210002477371134e+01
2.767973528469188693e+01
2.757332636819976557e+01
2.754726520427183090e+01
2.750597893294855822e+01
2.767983208348398705e+01
2.759050726558116651e+01
2.777799069881158189e+01
2.756982902554285886e+01
2.764193349189564941e+01
2.730026608495908036e+01
2.718226579770475482e+01
2.672438212057794260e+01
2.635094946750077582e+01
2.578632461939169929e+01
2.503396281728729278e+01
2.430615584667281937e+01
2.280627199102047697e+01
2.153857968487639596e+01
1.637630221640375083e+01
1.489267110182876941e+01
1.216660395201709122e+01
1.100353500885415237e+01
8.438596251054688580e+00
7.316383562103098370e+00
4.727264164822763348e+00
3.571508437805462233e+00
9.371643126907243104e-01
0.000000000000000000e+00
0.000000000000000000e+00
0.000000000000000000e+00
0.000000000000000000e+00
0.000000000000000000e+00
0.000000000000000000e+00
0.000000000000000000e+00
0.000000000000000000e+00
0.000000000000000000e+00
0.000000000000000000e+00
0.000000000000000000e+00
0.000000000000000000e+00
0.000000000000000000e+00
0.000000000000000000e+00
0.000000000000000000e+00
0.000000000000000000e+00
0.000000000000000000e+00
0.000000000000000000e+00
0.000000000000000000e+00
0.000000000000000000e+00
0.000000000000000000e+00
0.000000000000000000e+00
0.000000000000000000e+00
0.000000000000000000e+00
3.057519607721994048e-01
9.520539273510392420e+00
1.286700908269603971e+01
1.759024298676078146e+01
1.915197069779154759e+01
2.230810091025178821e+01
2.352919165060735907e+01
2.601406609982726792e+01
2.701796863682196204e+01
2.897654864077109238e+01
2.977946236564248750e+01
3.122055005085257662e+01
3.181788801173173198e+01
3.273244005879852381e+01
3.312284193080269290e+01
3.352340820563432544e+01
3.371569397627370535e+01
3.364477847900760565e+01
3.365760609079386967e+01
3.318120592781461653e+01
3.304040566892827968e+01
3.223815079964922603e+01
3.197270304485824610e+01
3.092680429713874801e+01
3.056553415016321296e+01
2.935284990590100307e+01
2.892073735532944667e+01
2.760432335163763540e+01
2.712015451671206989e+01
2.574388774518657996e+01
2.521711193390286709e+01
2.379692400765095783e+01
2.322470593269157391e+01
2.173581120487339291e+01
2.109175285984701986e+01
1.941050972881434689e+01
1.858488497680886198e+01
1.505749403056537261e+01
1.350705392251190062e+01
1.166562247316268142e+01
1.102775092772433041e+01
9.858114606401807478e+00
9.374553453686489846e+00
8.468452635804446516e+00
8.073610418356375718e+00
7.342379437665330855e+00
7.021831259453600538e+00
6.444020252794644854e+00
6.198452820344609648e+00
5.776957423259288404e+00
5.612738478688749311e+00
5.360707147786599513e+00
5.285124437671821163e+00
5.217611471069226958e+00
5.236054150147166908e+00
5.364587585366047406e+00
5.479298842446724827e+00
5.809259328846808401e+00
6.017940855219786833e+00
6.545509687800259435e+00
6.840295812726072455e+00
7.550700952495736473e+00
7.916356141019236681e+00
8.781554870786674627e+00
9.192549938918778807e+00
1.016807108004624105e+01
1.058241240281713580e+01
1.159863819889736192e+01
1.193509217334377048e+01
1.283139789202093617e+01
1.282907114866697995e+01
1.282355296277864554e+01
1.230275881399252214e+01
1.153740013646261175e+01
1.094920907870909588e+01
9.976997056223151361e+00
9.397461083608819266e+00
8.385359675281547354e+00
7.851387060002108065e+00
6.896721971070624235e+00
6.440893587859630287e+00
5.621531743909143231e+00
5.273127728831474847e+00
4.654934275870753702e+00
4.439508987632903469e+00
4.077789185241976533e+00
4.016144404619906183e+00
3.954887339940643898e+00
4.063270464050382280e+00
4.337494801202981698e+00
4.628971631470259140e+00
5.272195269571527732e+00
5.763704954829612426e+00
6.835795614773397588e+00
7.579024038036785704e+00
9.315050783681432023e+00
1.065672563770943881e+01
1.532109096877655041e+01
1.650499536376577225e+01
1.825851230016967008e+01
1.899431460432735008e+01
2.025193601368696150e+01
2.079593946586079767e+01
2.174880923240482389e+01
2.216224410158399394e+01
2.287137901459367484e+01
2.318234156179307703e+01
2.367832089628152659e+01
2.390097982995686721e+01
2.420239292919644924e+01
2.434221001506175952e+01
2.446289925657180220e+01
2.451978620430626066e+01
2.447323840719372257e+01
2.444640498067132839e+01
2.425137403412861303e+01
2.414615335175182409e+01
2.383356990904773198e+01
2.366792246170710712e+01
2.328546057067834241e+01
2.309427846934826789e+01
2.270690957624579909e+01
2.254132797591504911e+01
2.222559437707512586e+01
2.214463521380968913e+01
2.197461402725236823e+01
2.203049337240762284e+01
2.205912706897617426e+01
2.228022507174419076e+01
2.252208323272315482e+01
2.289920420257521982e+01
2.332127291945866077e+01
2.380417566564043597e+01
2.433130620259138510e+01
2.483791143901146370e+01
2.537097599806150683e+01
2.581042681046599796e+01
2.625604909177862112e+01
2.655720681574810982e+01
2.685651443407229877e+01
2.699205824542188736e+01
2.713881664183439568e+01
2.713661948184451944e+01
2.717985035261537874e+01
2.711513472373362532e+01
2.714165225921317059e+01
2.711378695832288699e+01
2.721921237658855119e+01
2.731747984185346922e+01
2.757088971368597541e+01
2.784485160689745342e+01
2.826555789067335311e+01
2.870777388481138104e+01
2.925684236277749051e+01
2.980482757312676512e+01
3.039564147473325662e+01
3.095014009735097105e+01
3.147203764853916752e+01
3.192252262329049728e+01
3.226674579146092725e+01
3.251797720657440038e+01
3.260252660484347587e+01
3.259645501239290155e+01
3.238495702350695638e+01
3.211534849788915835e+01
3.162682272661023219e+01
3.114430213897023947e+01
3.045133146996953855e+01
2.985139150211220738e+01
2.905925165717130909e+01
2.845453496874581845e+01
2.766853791792853912e+01
2.715283464437463934e+01
2.644379783539282158e+01
2.606435662568441813e+01
2.544974660594202476e+01
2.519947819648571041e+01
2.464707531608969049e+01
2.448746753582921798e+01
2.395250591771552706e+01
2.389727826953934198e+01
2.352874840753612418e+01
2.388711507753732377e+01
2.421012459017891416e+01
2.464489411191192403e+01
2.512058913640396796e+01
2.543847955269413319e+01
2.589631366782889543e+01
2.611327426543087427e+01
2.653422384710115267e+01
2.668492548887742544e+01
2.706462111137049575e+01
2.716343742026242580e+01
2.746812048393272576e+01
2.748825145088116528e+01
2.763610813694040758e+01
2.750001155311009171e+01
2.735036082858650275e+01
2.692203306147043662e+01
2.624449014102914290e+01
2.526783014123721927e+01
2.346438052347910030e+01
1.930607510837032592e+01
1.565001390373257806e+01
1.352868376122846428e+01
1.097913042660151461e+01
9.077181714391109324e+00
6.603847614390173426e+00
4.756343738045804237e+00
2.319748607969221776e+00
5.397737952981042087e-01
0.000000000000000000e+00
0.000000000000000000e+00
0.000000000000000000e+00
0.000000000000000000e+00
0.000000000000000000e+00
0.000000000000000000e+00
0.000000000000000000e+00
0.000000000000000000e+00
0.000000000000000000e+00
0.000000000000000000e+00
0.000000000000000000e+00
0.000000000000000000e+00
0.000000000000000000e+00
0.000000000000000000e+00
0.000000000000000000e+00
0.000000000000000000e+00
0.000000000000000000e+00
0.000000000000000000e+00
0.000000000000000000e+00
0.000000000000000000e+00
0.000000000000000000e+00
0.000000000000000000e+00
0.000000000000000000e+00
2.249532505862046339e+00
1.006153438710617642e+01
1.419999047997947628e+01
1.774051375318165924e+01
1.965837465483961921e+01
2.201774548073653648e+01
2.342691622794904660e+01
2.522465801548311148e+01
2.629579533640318090e+01
2.765824945274211899e+01
2.843402373787168713e+01
2.939416610305946520e+01
2.989202890926591039e+01
3.046723297857861468e+01
3.070685450948696271e+01
3.092448320319105903e+01
3.093552587443395296e+01
3.083945471381863612e+01
3.066183784470761964e+01
3.031049787493900283e+01
2.999082275894318173e+01
2.945071462343975455e+01
2.903661148241747725e+01
2.837372690184146862e+01
2.790751788844507075e+01
2.717877105677255045e+01
2.669090680602727161e+01
2.593599128313478630e+01
2.543962659385704939e+01
2.467463116936187717e+01
2.416342918845872134e+01
2.337834000748577878e+01
2.282575391045449820e+01
2.198181681179618607e+01
2.133971705082375081e+01
2.035886904457806068e+01
1.953638978960931638e+01
1.821293733173247276e+01
1.680847274918531298e+01
1.341798862147568272e+01
1.220500219762837446e+01
1.097711548380911850e+01
1.016386676057288518e+01
9.231042465348810566e+00
8.587811876420540003e+00
7.836172263851826969e+00
7.334252921718436902e+00
6.749159898944051328e+00
6.390393156926680085e+00
5.978195233646937723e+00
5.769734218738853393e+00
5.540121977788341923e+00
5.485103939714313093e+00
5.442863381148992374e+00
5.536901892276539172e+00
5.678485510821792204e+00
5.908868780588188763e+00
6.221504868186753079e+00
6.565462984620947573e+00
7.024511533259451213e+00
7.448254634822871978e+00
8.015007605143807723e+00
8.468978040936255169e+00
9.082190831349288729e+00
9.489986936496007885e+00
1.004564917354217535e+01
1.028663370710254732e+01
1.061137343056439875e+01
1.053326182985808046e+01
1.044823478630107161e+01
1.002024844028696293e+01
9.551526635677245025e+00
8.915530049068133067e+00
8.226114466102977474e+00
7.522317748233710688e+00
6.749564576900317192e+00
6.070952207970308656e+00
5.313760863498827369e+00
4.726906814759603392e+00
4.063373286893454228e+00
3.621183399542005965e+00
3.117493552340262930e+00
2.864077132897429490e+00
2.577572894201937359e+00
2.549900687352748108e+00
2.530020039708418711e+00
2.758269374777496008e+00
3.047646935736514795e+00
3.559135695896094020e+00
4.202480549956314704e+00
5.037647252583636437e+00
6.119185116903365973e+00
7.405058214293170238e+00
9.310254458782445397e+00
1.343573256550154937e+01
1.603145399341507371e+01
1.752995434812863706e+01
1.896579133340767953e+01
1.997459197612471371e+01
2.103910021342267456e+01
2.176963034543060616e+01
2.257098477883128851e+01
2.308996714338285372e+01
2.367377125689244366e+01
2.402300322512441255e+01
2.442238693465573007e+01
2.463667341344226358e+01
2.488061654358686425e+01
2.499000235993505470e+01
2.510357008092675102e+01
2.513022537903032472e+01
2.513176460586198857e+01
2.508841603627798378e+01
2.498993667219340153e+01
2.488210190858960047e+01
2.469410098353198890e+01
2.452813929022836348e+01
2.426929427789133698e+01
2.406136102068979099e+01
2.376567151356052321e+01
2.354841162438182778e+01
2.326657554739094280e+01
2.308520598732118145e+01
2.287379025288101531e+01
2.277363464265233262e+01
2.267857117862171279e+01
2.269024554025522988e+01
2.273295261009098311e+01
2.286405163461708057e+01
2.303753914000661496e+01
2.327025123343993940e+01
2.354172423771695932e+01
2.383968914641736703e+01
2.416181042885762764e+01
2.447864277461086147e+01
2.480049580646078056e+01
2.509341940828291584e+01
2.537420938533102444e+01
2.561313083712777683e+01
2.582928766645734697e+01
2.600210095348907657e+01
2.615027257421901652e+01
2.626411277183922266e+01
2.636053589042863621e+01
2.643927277420760547e+01
2.651528659097102292e+01
2.659383399958739247e+01
2.668778445890924900e+01
2.680150371737466486e+01
2.694652592637507738e+01
2.712084641813851249e+01
2.733521889691209950e+01
2.757583743163415946e+01
2.785597407931804526e+01
2.814863181728555119e+01
2.847237331673258964e+01
2.878705929837357758e+01
2.912020149422790283e+01
2.942077091097571540e+01
2.972707092593662637e+01
2.998064893762756355e+01
3.023013252581255017e+01
3.041399950801599772e+01
3.058790261334609184e+01
3.069134205148495553e+01
3.078146246343856163e+01
3.080405161629641952e+01
3.080912284431813219e+01
3.075498771560964428e+01
3.067533280986678079e+01
3.054985188668377560e+01
3.038693457781353757e+01
3.019953794925097768e+01
2.996176003282343103e+01
2.973152683309231392e+01
2.944118673071562853e+01
2.920262640111295838e+01
2.890068535692006435e+01
2.869813703203837463e+01
2.843434659495686390e+01
2.830260222138371873e+01
2.811532729448916967e+01
2.806827216166010430e+01
2.797914018096646416e+01
2.801644015336922777e+01
2.803643412356904463e+01
2.815183760472976715e+01
2.828144780011556136e+01
2.845593095189652644e+01
2.867385838997232383e+01
2.886063603851544102e+01
2.910997946718635987e+01
2.922043245034817005e+01
2.939777919516531668e+01
2.934572043786188544e+01
2.934522575056044857e+01
2.872836037692018607e+01
2.810172297298063171e+01
2.665136025476216730e+01
2.476698642812913675e+01
1.899638457149895387e+01
1.659848768329788271e+01
1.388460218445278826e+01
1.170749849940301779e+01
9.230050263152543621e+00
7.042818989414570297e+00
4.497354958050964413e+00
2.189355877247324056e+00
0.000000000000000000e+00
0.000000000000000000e+00
0.000000000000000000e+00
0.000000000000000000e+00
0.000000000000000000e+00
0.000000000000000000e+00
0.000000000000000000e+00
0.000000000000000000e+00
0.000000000000000000e+00
0.000000000000000000e+00
0.000000000000000000e+00
0.000000000000000000e+00
0.000000000000000000e+00
0.000000000000000000e+00
0.000000000000000000e+00
0.000000000000000000e+00
0.000000000000000000e+00
0.000000000000000000e+00
0.000000000000000000e+00
0.000000000000000000e+00
0.000000000000000000e+00
0.000000000000000000e+00
0.000000000000000000e+00
2.256029135256913953e+00
1.017943441082811695e+01
1.477103841408061768e+01
1.793671409424490548e+01
2.023911771876977284e+01
2.237055863565801772e+01
2.411556651836289689e+01
2.571917836371906319e+01
2.709853063645701354e+01
2.827346892914542664e+01
2.931951709364132341e+01
3.009081204819489841e+01
3.080147780164950078e+01
3.118750626118356095e+01
3.156536836070062790e+01
3.159926298905232755e+01
3.166616582895707666e+01
3.139952030682835726e+01
3.119833927623808734e+01
3.069843170569367530e+01
3.028917089406150254e+01
2.963159552441137379e+01
2.908311819627805406e+01
2.834291643637918057e+01
2.772343011352299769e+01
2.696465617304676243e+01
2.633135186204170353e+01
2.559719269194736668e+01
2.498708733439872276e+01
2.429202525459919570e+01
2.371518810751687667e+01
2.304094821662006609e+01
2.247717048948299734e+01
2.177131866964051454e+01
2.116771925115557806e+01
2.033670606529987168e+01
1.959199474761497228e+01
1.843799277563234185e+01
1.723331990603620767e+01
1.377032072048833022e+01
1.232878578106546819e+01
1.095168294673221965e+01
1.001409774678739595e+01
8.951078731319974224e+00
8.152975210489250557e+00
7.261800342882472670e+00
6.565531286055015237e+00
5.835390155472515161e+00
5.250801315869582098e+00
4.699715199532394472e+00
4.249154090483667545e+00
3.900111598275714631e+00
3.606312784797906179e+00
3.476834063502451055e+00
3.356603742662330525e+00
3.453831983425477148e+00
3.515053413722786235e+00
3.834026122408945358e+00
4.074986126671022113e+00
4.597466159738964997e+00
5.006630032949831666e+00
5.703027275432396515e+00
6.261392511791253668e+00
7.091491737432050968e+00
7.774501973895730167e+00
8.688194873467336876e+00
9.470436433532727349e+00
1.041188295899700478e+01
1.129465337928511737e+01
1.224361839778602778e+01
1.388366541420272426e+01
1.406285994519527804e+01
1.418438042547404265e+01
1.259369279187816026e+01
1.192579023411915706e+01
1.077149049131660874e+01
1.011657628856759672e+01
9.110522553181843008e+00
8.457203412673115039e+00
7.579834245464476261e+00
6.978983207112245957e+00
6.272814042616528418e+00
5.773572012000808940e+00
5.286200739344206312e+00
4.933270861088336012e+00
4.705899481983632171e+00
4.536045171578016344e+00
4.599559557090469042e+00
4.640170516529186884e+00
5.015660479882910749e+00
5.287474395804311555e+00
5.997966906951899269e+00
6.530385849126387754e+00
7.640273677915436323e+00
8.531723270813060367e+00
1.041938037863569022e+01
1.363389197242375417e+01
1.611707526253142220e+01
1.727839811373757328e+01
1.862043223815297921e+01
1.946359193231893059e+01
2.044912523656463677e+01
2.111959953580799976e+01
2.185659889089978947e+01
2.238947871146865154e+01
2.291179326917373871e+01
2.331235401289839970e+01
2.363059397546851770e+01
2.389236333637447274e+01
2.400990542924353832e+01
2.412517824676402967e+01
2.404952369229138398e+01
2.401903246364982181e+01
2.377032240085939208e+01
2.360988603471502145e+01
2.322502092960935016e+01
2.296689794101163784e+01
2.249648569212683213e+01
2.218389821638231396e+01
2.168505319732959435e+01
2.136343368442295443e+01
2.088861087379687120e+01
2.059510258241988723e+01
2.018525760688559956e+01
1.994348739968658535e+01
1.962334098849689923e+01
1.944196572475174278e+01
1.922382811158469806e+01
1.910261154647554704e+01
1.899144301431870474e+01
1.892752752418164519e+01
1.892440013058338977e+01
1.891577639655939436e+01
1.901571319259240411e+01
1.906075246231931786e+01
1.925375494427619572e+01
1.935306580588356695e+01
1.963096669804886574e+01
1.978985594855319263e+01
2.015022829871805854e+01
2.037683356596112461e+01
2.082024571876439367e+01
2.112060359214055438e+01
2.164333397266590353e+01
2.201580050482574080e+01
2.260712954234947603e+01
2.304083959731545761e+01
2.367909951645749800e+01
2.415227566546895233e+01
2.480568874672967894e+01
2.528753884061413970e+01
2.591680889823313194e+01
2.637187698303226213e+01
2.693599081903504100e+01
2.733186484714649112e+01
2.779923233503851421e+01
2.811787515059579690e+01
2.847657615087035765e+01
2.872398968557547505e+01
2.899207693275213416e+01
2.920529547674811255e+01
2.943465800148761957e+01
2.968050980978584974e+01
2.995059542849984879e+01
3.031262971623691627e+01
3.071076563152498906e+01
3.126297632956330474e+01
3.185390166632123865e+01
3.262752196470535182e+01
3.342012059948937264e+01
3.437620785209701779e+01
3.530592341778113052e+01
3.633115646340866078e+01
3.726799770011204771e+01
3.819923943364462104e+01
3.898415183310752496e+01
3.965578129728996259e+01
4.014803244024702167e+01
4.044073966500695860e+01
4.055770077111905891e+01
4.043080168794541862e+01
4.016480680085783206e+01
3.966243348551204662e+01
3.907464746461513982e+01
3.830873723672317510e+01
3.755793326056230086e+01
3.670589987980089575e+01
3.570658635187064789e+01
3.478977104796284436e+01
3.384451990633173324e+01
3.308099171317562082e+01
3.210309541252055254e+01
3.144181008980757497e+01
3.031704859354072568e+01
2.964674139412402099e+01
2.808831931321532949e+01
2.713440325597088432e+01
2.422917293114914017e+01
2.015931849694447919e+01
1.566880372379463893e+01
1.400310147298854879e+01
1.108189567636377859e+01
9.540659498873827360e+00
6.858347089470787417e+00
5.302374815244192519e+00
2.691723469210468345e+00
1.105714399630005618e+00
0.000000000000000000e+00
0.000000000000000000e+00
0.000000000000000000e+00
0.000000000000000000e+00
0.000000000000000000e+00
0.000000000000000000e+00
0.000000000000000000e+00
0.000000000000000000e+00
0.000000000000000000e+00
0.000000000000000000e+00
0.000000000000000000e+00
0.000000000000000000e+00
0.000000000000000000e+00
0.000000000000000000e+00
0.000000000000000000e+00
0.000000000000000000e+00
0.000000000000000000e+00
0.000000000000000000e+00
0.000000000000000000e+00
0.000000000000000000e+00
3.098638744784993460e+00
5.121495777714262232e+00
1.270613616504171439e+01
1.612684643226775805e+01
1.948709282863053360e+01
2.095165133740309926e+01
2.288682761240566776e+01
2.388936393319927731e+01
2.509072507044590949e+01
2.578203649690588151e+01
2.642615655647065154e+01
2.685238628440510311e+01
2.703044006034456004e+01
2.721750728475673142e+01
2.700670642218270956e+01
2.698312493560764125e+01
2.646638023562098141e+01
2.627018090023562280e+01
2.553984279011717362e+01
2.521870641870265928e+01
2.437256525843881505e+01
2.397996330188440695e+01
2.311524305056683914e+01
2.270565971079243184e+01
2.190859352335103694e+01
2.153058088587172847e+01
2.086565510103443088e+01
2.055485857895781265e+01
2.004812527621634644e+01
1.981715360046311147e+01
1.944302587115381797e+01
1.927462536626010348e+01
1.895265503827723919e+01
1.880050094289584095e+01
1.840790379469654425e+01
1.820457392794993723e+01
1.758454914092203936e+01
1.723565042299268413e+01
1.602932354405259829e+01
1.472546838977865491e+01
1.253558452390903000e+01
1.190344255047948430e+01
1.068700365570806454e+01
1.014997585355116705e+01
9.132908455877824849e+00
8.656387583540562147e+00
7.817549358778411062e+00
7.411603189802505653e+00
6.770151340880723900e+00
6.449553127016271148e+00
6.026261878886598033e+00
5.803078963598727213e+00
5.610725687357373204e+00
5.492533688194674468e+00
5.530713119347218765e+00
5.519280054964275095e+00
5.773432391028351596e+00
5.864638865754869812e+00
6.303083448775470110e+00
6.485328828058398720e+00
7.057723515902623923e+00
7.310377103086112882e+00
7.940370478128115472e+00
8.228511010128425340e+00
8.805068158309712345e+00
9.072904625403580781e+00
9.444039467899644436e+00
9.612481073043356972e+00
9.620437989751822627e+00
9.616399536237933532e+00
9.215642307884346351e+00
9.031377127845896524e+00
8.335560875880464238e+00
8.023101983596387043e+00
7.198684311773813960e+00
6.822851813420407474e+00
6.013321337053922022e+00
5.633039207016047101e+00
4.954379903422702291e+00
4.622430232853147913e+00
4.169437007089847214e+00
3.932226411845066938e+00
3.780480167832518390e+00
3.676355555860868485e+00
3.885790490046988843e+00
3.945749350701000857e+00
4.567104101272512651e+00
4.819585265824279041e+00
5.923533794648395912e+00
6.416987528100527527e+00
8.213484019284939208e+00
9.149760795395069479e+00
1.432118020211764176e+01
1.560878550138049370e+01
1.788871894048904565e+01
1.868966021637802655e+01
2.030424149007554391e+01
2.095993255179195103e+01
2.221000916868607789e+01
2.277694939334502422e+01
2.373922622038612218e+01
2.423455271721892856e+01
2.493791691681466460e+01
2.535945887437541302e+01
2.581222551963820777e+01
2.614343091713679712e+01
2.634605481261331406e+01
2.656410622931803900e+01
2.651938894752977305e+01
2.660621838318921206e+01
2.633089667014009549e+01
2.628471645527060474e+01
2.581920521598089735e+01
2.566166885881261095e+01
2.507038339492827106e+01
2.484443528911933541e+01
2.420871587837201844e+01
2.396908720057085063e+01
2.337374046574840847e+01
2.317347037289232148e+01
2.269011311377995810e+01
2.256739009024756015e+01
2.224301652730876810e+01
2.221383922195042260e+01
2.206313442917578627e+01
2.211964408328638143e+01
2.212515376525822930e+01
2.224078385524964574e+01
2.236227692614160745e+01
2.250262323883232796e+01
2.269105670686063547e+01
2.282600050407691583e+01
2.304132845767268734e+01
2.315554650243395685e+01
2.337595091654916146e+01
2.347196084096404434e+01
2.369733687580071546e+01
2.379288293290154499e+01
2.403742310975369278e+01
2.415675763735286097e+01
2.443893184456042533e+01
2.460331961177799442e+01
2.493747015191803840e+01
2.515887242081273456e+01
2.554958806183963915e+01
2.582897805928881496e+01
2.627127302831804911e+01
2.660147956397507585e+01
2.708409351412998944e+01
2.745377779461333390e+01
2.796118541295811966e+01
2.835626863384806029e+01
2.886694503086775043e+01
2.926823759725645502e+01
2.975126060874823253e+01
3.013099567131899903e+01
3.054402839926677515e+01
3.086552755201097398e+01
3.115711874532259529e+01
3.138085937342015086e+01
3.150431541821630788e+01
3.160249072097490952e+01
3.153162819015331308e+01
3.150314973554540643e+01
3.124910362273429953e+01
3.112803162996114992e+01
3.073999899673946601e+01
3.058710151431339241e+01
3.013965115636549541e+01
3.002031698299908413e+01
2.958749439553230332e+01
2.954403115939904723e+01
2.917714579540323427e+01
2.921082802337144813e+01
2.893182391600456072e+01
2.900415186908109177e+01
2.881571864277779582e+01
2.886770948269169068e+01
2.877278720661328038e+01
2.875223365306392509e+01
2.874976792318143026e+01
2.862676957696758961e+01
2.869194135347445851e+01
2.846570976691219101e+01
2.855078609801086742e+01
2.825513960591236540e+01
2.832077043117982029e+01
2.802006139037495913e+01
2.804446257213757931e+01
2.780903259794528282e+01
2.775672768280463032e+01
2.762592574027568659e+01
2.740499996476038191e+01
2.735513067841987933e+01
2.676534756827527062e+01
2.668515024756953480e+01
2.541422187655996012e+01
2.508798749167482356e+01
1.908553407908740951e+01
1.791873917357314738e+01
1.459013888433839057e+01
1.374464630984926750e+01
1.061752367154427645e+01
9.583034259599875426e+00
6.444950779272637043e+00
5.229099553617333029e+00
2.100072631018562230e+00
7.592822567397734534e-01
0.000000000000000000e+00
0.000000000000000000e+00
0.000000000000000000e+00
0.000000000000000000e+00
0.000000000000000000e+00
0.000000000000000000e+00
0.000000000000000000e+00
0.000000000000000000e+00
0.000000000000000000e+00
0.000000000000000000e+00
0.000000000000000000e+00
0.000000000000000000e+00
0.000000000000000000e+00
0.000000000000000000e+00
0.000000000000000000e+00
0.000000000000000000e+00
0.000000000000000000e+00
0.000000000000000000e+00
0.000000000000000000e+00
0.000000000000000000e+00
0.000000000000000000e+00
0.000000000000000000e+00
3.601031746089740970e+00
5.731110703889988223e+00
1.550156655516214066e+01
1.693394903117345507e+01
2.051440182306275162e+01
2.151714464003473637e+01
2.400616847618081096e+01
2.482598045344257898e+01
2.661082662851494618e+01
2.729239181731120212e+01
2.848707301244306223e+01
2.903377156165102591e+01
2.969653595494706266e+01
3.010321751050812722e+01
3.029172110784272576e+01
3.055774801675575958e+01
3.034307280923880157e+01
3.047704097399633838e+01
2.994383899618496514e+01
2.996412369800850328e+01
2.920458681012422275e+01
2.913704216567816374e+01
2.824099803683022003e+01
2.811442698680629348e+01
2.715922976354408291e+01
2.700019952138783808e+01
2.604076732411725104e+01
2.586863097383247023e+01
2.492949913490031122e+01
2.475275151196249368e+01
2.382325783181353529e+01
2.363768654942104774e+01
2.267183529388262997e+01
2.246061169264835655e+01
2.137525257885711483e+01
2.110807741220405020e+01
1.976275291272026990e+01
1.938410131881772003e+01
1.738996175869939620e+01
1.664152636194229729e+01
1.231709995633236865e+01
1.173181175656330488e+01
9.939193544582785478e+00
9.495282010100584813e+00
8.127667589305630713e+00
7.744690781507071797e+00
6.664868707601219633e+00
6.336020877767061243e+00
5.528183045517243599e+00
5.259751710088434784e+00
4.732373125701059280e+00
4.532104350231176859e+00
4.294588798935330409e+00
4.168349367187919263e+00
4.220362238479373751e+00
4.170658092879426349e+00
4.498183625996301060e+00
4.523750436981836209e+00
5.095097047141914359e+00
5.189846371176422224e+00
5.954021292795357745e+00
6.106155503849889143e+00
6.986753541149429481e+00
7.176600554566995527e+00
8.066255289089347968e+00
8.264322697944319174e+00
9.010721685755562760e+00
9.173644597416476643e+00
9.579373618395408130e+00
9.653010170676973090e+00
9.555366715562355395e+00
9.507131065569263129e+00
8.942705022587105645e+00
8.796482056864711296e+00
7.977616954507823266e+00
7.786113944547252252e+00
6.928762689770001870e+00
6.739219392967471300e+00
6.004672719871164688e+00
5.851453872362079700e+00
5.353815591738004365e+00
5.258812584252527955e+00
5.077692864043313214e+00
5.052352859428801857e+00
5.241827141800900591e+00
5.290863817335795360e+00
5.893379141608813043e+00
6.021969098854118130e+00
7.097213799484935137e+00
7.324510806784294559e+00
9.051325531023060478e+00
9.461397918749574032e+00
1.425262085520320277e+01
1.505733036584791584e+01
1.765326379639254029e+01
1.807290140341736162e+01
1.980357221508578647e+01
2.016024113461118361e+01
2.148061193923760470e+01
2.181781285528431624e+01
2.281907247388674165e+01
2.314471610177464456e+01
2.385288965608403799e+01
2.415614034839534341e+01
2.457613048604676109e+01
2.483575692598574847e+01
2.496998771504606296e+01
2.516351492948037460e+01
2.502226219461866208e+01
2.513394341657788544e+01
2.474380572295122249e+01
2.476980660078045560e+01
2.417464457500718922e+01
2.412301767250572837e+01
2.338119329110312350e+01
2.326832988736994778e+01
2.244766870584540897e+01
2.229389172945887410e+01
2.146781121497125611e+01
2.129496485407893402e+01
2.054297612203808754e+01
2.037482710068187330e+01
1.977979872987992849e+01
1.964183277627171265e+01
1.928498800158378046e+01
1.920238814848704578e+01
1.913229650775121371e+01
1.912162299101242269e+01
1.932985165784797488e+01
1.939452287292376553e+01
1.982146716298069933e+01
1.995431551851136476e+01
2.052522211130642305e+01
2.071382019896427806e+01
2.136390113560032944e+01
2.159282201471989282e+01
2.227199645602914302e+01
2.252365131202748927e+01
2.319447539095238042e+01
2.345166878909586572e+01
2.408968227577732080e+01
2.434034989652378655e+01
2.493612979831902976e+01
2.517745332214655463e+01
2.573640362362706213e+01
2.597500453776371998e+01
2.651187346671364509e+01
2.675926013539356418e+01
2.729016971719944706e+01
2.755628026006167985e+01
2.808897465348630007e+01
2.837703908561480048e+01
2.890692885577682958e+01
2.921301503048712078e+01
2.972502881342836289e+01
3.004222557132048621e+01
3.051575934169974147e+01
3.084009459081051574e+01
3.125873666682266716e+01
3.159347439743293506e+01
3.194801700437742653e+01
3.230184604823653416e+01
3.258794590084504961e+01
3.296772222206649872e+01
3.318070636603940216e+01
3.358208789997593868e+01
3.370987753429140810e+01
3.410968449539895886e+01
3.412834269929444986e+01
3.448290548962247470e+01
3.436250661390723593e+01
3.461534900355025002e+01
3.433186426319937823e+01
3.442891172232751984e+01
3.398274657090747297e+01
3.389161275786100447e+01
3.332514135522306731e+01
3.305234297276376765e+01
3.245422742272162964e+01
3.205279948743086749e+01
3.154308196473899528e+01
3.110332948570858136e+01
3.079172416146045066e+01
3.041207620105492637e+01
3.034892862250154622e+01
3.009871281354556061e+01
3.024577471393865125e+01
3.013818951889390263e+01
3.036573882110938882e+01
3.035311921908078858e+01
3.045975181108461882e+01
3.045289630884002818e+01
3.028649278741544393e+01
3.020163934010948736e+01
2.915476882460176000e+01
2.885609556258812347e+01
2.683440944378095949e+01
2.628425890922569508e+01
1.965822857096579668e+01
1.857948274203617700e+01
1.378094327580246059e+01
1.294655051389106504e+01
8.829823003535201664e+00
8.004302913950379406e+00
4.317570540219006325e+00
3.536326341214309110e+00
8.651752156159986384e-03
0.000000000000000000e+00
0.000000000000000000e+00
0.000000000000000000e+00
0.000000000000000000e+00
0.000000000000000000e+00
0.000000000000000000e+00
0.000000000000000000e+00
0.000000000000000000e+00
0.000000000000000000e+00
0.000000000000000000e+00
0.000000000000000000e+00
0.000000000000000000e+00
0.000000000000000000e+00
0.000000000000000000e+00
0.000000000000000000e+00
0.000000000000000000e+00
0.000000000000000000e+00
0.000000000000000000e+00
0.000000000000000000e+00
0.000000000000000000e+00
0.000000000000000000e+00
0.000000000000000000e+00
0.000000000000000000e+00
4.794160214592611879e+00
6.085937541989682842e+00
1.686098233382865530e+01
1.758358842344163975e+01
2.180355623897112594e+01
2.236953389999215958e+01
2.531394312191277862e+01
2.581135439745262516e+01
2.786753217501232527e+01
2.830927643713554787e+01
2.958892447335140474e+01
2.997320422231691950e+01
3.054306467512623513e+01
3.086603335403545856e+01
3.080305606288824549e+01
3.106216561585015512e+01
3.046403424411224137e+01
3.065859594911558261e+01
2.963871923827353072e+01
2.976989946977427337e+01
2.844883029935403940e+01
2.851992758332010780e+01
2.701611880932496490e+01
2.703288857513923560e+01
2.545711977790204017e+01
2.542817677519443720e+01
2.387593823491346612e+01
2.381210927097119523e+01
2.235699569629403527e+01
2.226989257063560856e+01
2.095609856659244841e+01
2.085602702293752486e+01
1.968917481309703632e+01
1.958272253141732122e+01
1.852142439790439354e+01
1.840918639782896449e+01
1.734448697002137507e+01
1.721650645444526262e+01
1.584225847738977322e+01
1.563486114313876918e+01
1.300843919961662642e+01
1.285171288822458813e+01
1.168380632324683965e+01
1.155563012867984440e+01
1.061451636295717726e+01
1.049419438329318055e+01
9.695468475665315111e+00
9.581583999472938373e+00
8.925778370475248025e+00
8.821588154318064312e+00
8.329041073709371190e+00
8.239247891802749635e+00
7.928774477545349697e+00
7.857572936198071289e+00
7.734912950411378496e+00
7.684633670977428110e+00
7.736927609425441332e+00
7.707421325064163220e+00
7.895887458606597242e+00
7.883902435760230532e+00
8.142170401791055667e+00
8.141223367381755338e+00
8.373519834214569357e+00
8.373735180904699149e+00
8.469144256590423581e+00
8.458680600258880133e+00
8.320141051723426884e+00
8.288022112391546514e+00
7.875053404837442095e+00
7.814797511043960476e+00
7.164213648922671318e+00
7.075377243044647102e+00
6.280825215322209942e+00
6.167991360097998310e+00
5.350331480439916909e+00
5.221972491717509435e+00
4.505434302114966982e+00
4.372790840955443237e+00
3.874294694506533077e+00
3.750382263221701429e+00
3.574647760749096292e+00
3.473072003957812459e+00
3.710815314131335363e+00
3.644652057895041875e+00
4.381921568137420842e+00
4.363821810700614812e+00
5.707127542597682179e+00
5.751714909063233350e+00
7.954522009971594976e+00
8.095435695986505920e+00
1.402126364510008472e+01
1.433527729978638732e+01
1.779347894360999760e+01
1.798738232801828474e+01
2.031772371105609309e+01
2.050255718290305040e+01
2.229999530398474761e+01
2.248542310175686509e+01
2.385353144361964794e+01
2.403967046621339776e+01
2.501293770133580452e+01
2.519731873760506957e+01
2.579949073659923897e+01
2.597901747351980717e+01
2.623848657260476713e+01
2.641004224079529550e+01
2.636506982680703715e+01
2.652594724475277488e+01
2.622530796215161786e+01
2.637410662725617883e+01
2.587723194682390115e+01
2.601547597370828768e+01
2.539034147195119573e+01
2.552393280449986079e+01
2.484654495532017648e+01
2.498596904042052813e+01
2.433404481218559212e+01
2.449175058171526942e+01
2.393854620217223328e+01
2.412403296545809894e+01
2.372475793976455805e+01
2.393871779252263821e+01
2.372120072276415925e+01
2.395209819290796105e+01
2.390617263878818122e+01
2.413108280063104871e+01
2.421430360865344866e+01
2.440535388186995647e+01
2.455429976373399370e+01
2.468823934986926005e+01
2.484220300811541904e+01
2.490942165238955397e+01
2.502698975189718311e+01
2.503515228400786796e+01
2.510216148995964858e+01
2.507326375779182825e+01
2.510125012142885836e+01
2.506394671878293323e+01
2.508126839881096259e+01
2.506237788566235025e+01
2.510565430862272507e+01
2.512430806920874105e+01
2.522866981874473069e+01
2.529378890397977742e+01
2.548718905988583217e+01
2.559784367714301823e+01
2.589571038312196549e+01
2.604324280763057686e+01
2.644233431792667943e+01
2.661289564973229460e+01
2.708999363588884179e+01
2.726640303772808238e+01
2.777875899343285226e+01
2.794155518695549034e+01
2.843163967501978817e+01
2.856136599675406984e+01
2.896717331736801881e+01
2.904981563763227115e+01
2.931685957577218105e+01
2.935142681070188075e+01
2.944767425102205038e+01
2.945218678216791375e+01
2.937647104437057877e+01
2.938766618157171706e+01
2.916856593968025280e+01
2.923293890036295295e+01
2.892133862535695599e+01
2.907911950632977849e+01
2.873121502219021295e+01
2.899868667079493179e+01
2.866696661103971167e+01
2.902524658089381404e+01
2.875178313628171622e+01
2.914785318808004178e+01
2.897571888789164873e+01
2.933700970191117463e+01
2.931264147288307953e+01
2.956941436727040440e+01
2.972920917834305854e+01
2.983598101519525869e+01
3.016845958541208006e+01
3.011609015374922649e+01
3.054900092042145232e+01
3.036419410912156636e+01
3.078940970047113268e+01
3.052278951223806303e+01
3.091724803597737292e+01
3.062744998061944912e+01
3.053022599373746004e+01
3.025642553889437281e+01
2.986586307827639430e+01
2.963639163868457871e+01
2.857440960053439838e+01
2.838671225524430852e+01
2.615472143759125245e+01
2.598561483732213517e+01
1.871071281159600730e+01
1.852290731650360911e+01
1.325109908514190238e+01
1.303682332169316460e+01
8.645526087892990930e+00
8.373275991258484652e+00
4.043369635968534048e+00
3.697690559614062344e+00
0.000000000000000000e+00
0.000000000000000000e+00
0.000000000000000000e+00
0.000000000000000000e+00
0.000000000000000000e+00
0.000000000000000000e+00
0.000000000000000000e+00
0.000000000000000000e+00
0.000000000000000000e+00
0.000000000000000000e+00
0.000000000000000000e+00
0.000000000000000000e+00
0.000000000000000000e+00
0.000000000000000000e+00
0.000000000000000000e+00
0.000000000000000000e+00
0.000000000000000000e+00
0.000000000000000000e+00
0.000000000000000000e+00
0.000000000000000000e+00
0.000000000000000000e+00
0.000000000000000000e+00
0.000000000000000000e+00
0.000000000000000000e+00
1.679975563873873812e+00
1.709048173608281651e+00
1.395979957980570951e+01
1.407675021872697840e+01
1.951320757964906250e+01
1.966982082108206598e+01
2.331761458459743608e+01
2.353380202806059174e+01
2.620649342555594430e+01
2.647645640027338132e+01
2.835324563391314356e+01
2.866202498784149810e+01
2.980661878844620105e+01
3.013417502278377214e+01
3.060284967391901034e+01
3.092827047126960949e+01
3.080074719409040895e+01
3.110618781517775489e+01
3.048688341442701955e+01
3.076011024194280807e+01
2.977000694669458980e+01
3.000495146023796522e+01
2.876789113211241045e+01
2.896356135738994908e+01
2.759340565447870475e+01
2.775206026542956295e+01
2.634069364450924766e+01
2.646598973415217415e+01
2.507220884000896177e+01
2.516757708384551862e+01
2.380941696982033307e+01
2.387667146575646626e+01
2.252612226233021175e+01
2.256437804801283775e+01
2.114079158708888784e+01
2.114578632331079788e+01
1.949194644694904355e+01
1.945449244893578111e+01
1.713404763656587448e+01
1.701966913029767525e+01
1.219653445273533698e+01
1.206733262270686069e+01
9.884997736861611983e+00
9.758358259877560670e+00
8.096130595106140859e+00
7.961618736639606730e+00
6.616606489155442361e+00
6.479183218935387067e+00
5.427373548717807417e+00
5.294310553181686529e+00
4.548282763589282851e+00
4.425948977113114857e+00
4.003661593985829548e+00
3.896385226515238109e+00
3.805981846044484307e+00
3.716528005364139631e+00
3.950647976885853119e+00
3.881390936734946173e+00
4.413022949669116457e+00
4.366677144204844652e+00
5.146544589541893977e+00
5.125381786673426809e+00
6.076250436522817822e+00
6.079734798663380957e+00
7.088377827113351515e+00
7.110082043000269358e+00
8.017401920883219901e+00
8.043147791981319017e+00
8.649724047506637703e+00
8.659858878752139333e+00
8.792212437439484773e+00
8.770452285498384626e+00
8.409237155709650580e+00
8.351954610868379092e+00
7.659984370238560381e+00
7.575440129103529152e+00
6.779131036162892698e+00
6.682853995257828750e+00
5.986668858313734631e+00
5.898560973334704194e+00
5.472678817307599530e+00
5.413220370004523829e+00
5.396277783371836279e+00
5.382698026133000191e+00
5.898838023562807287e+00
5.943147946055224118e+00
7.143743340011008414e+00
7.257555966863355579e+00
9.566492834672487788e+00
9.809577424261217260e+00
1.555711117528569964e+01
1.579819234440402020e+01
1.855989494403283402e+01
1.873889663173908104e+01
2.086258982713816224e+01
2.102348123584015482e+01
2.273271872069289046e+01
2.289586969352084722e+01
2.424261065566509643e+01
2.442652180883563418e+01
2.543478897369845626e+01
2.565376250895392474e+01
2.634382999363729994e+01
2.660330316751096902e+01
2.699578568360650976e+01
2.728931226880323280e+01
2.740675772533352372e+01
2.771578139834469923e+01
2.758159827560509925e+01
2.787864325965950130e+01
2.752026055485798750e+01
2.777480292256659311e+01
2.722699670029580687e+01
2.741276916747549564e+01
2.672114890581488211e+01
2.682286070474230399e+01
2.604683117190647224e+01
2.606393844818833472e+01
2.527435955517767852e+01
2.522060687471161700e+01
2.449320795322591593e+01
2.439176283984378912e+01
2.379376488543536539e+01
2.367033386785912796e+01
2.324776721535882373e+01
2.312456146796668222e+01
2.289160449174865519e+01
2.278512832246611808e+01
2.272683171202840668e+01
2.264991435117057961e+01
2.273527737659809844e+01
2.270131390307614438e+01
2.289973356241645774e+01
2.292498307986086914e+01
2.321267504700189122e+01
2.331421872116671068e+01
2.367458157122969453e+01
2.386292830090174633e+01
2.427709049958803078e+01
2.454670638787901993e+01
2.498410998477631750e+01
2.530770262346158717e+01
2.572408846015079931e+01
2.605575488260879879e+01
2.639942410425931385e+01
2.668829222821841896e+01
2.691818117142219435e+01
2.712722881118799378e+01
2.722813812928959365e+01
2.735030150650779746e+01
2.734419286672788374e+01
2.740761802250165857e+01
2.734966250619211081e+01
2.740993844139472913e+01
2.737154620467528687e+01
2.749440903993253116e+01
2.754336735994433383e+01
2.778320761873181155e+01
2.796084007282835415e+01
2.834260993081564095e+01
2.865120694785561994e+01
2.916054119914837628e+01
2.956016950352306338e+01
3.014364902124580681e+01
3.056203209147958688e+01
3.113624145928710618e+01
3.148525131193791537e+01
3.195459482739656920e+01
3.215632705345720410e+01
3.243827615901898298e+01
3.245338590894558450e+01
3.250612313633317996e+01
3.235879249867894458e+01
3.219806335170519418e+01
3.197380009822430935e+01
3.166658472943696978e+01
3.148132433675804975e+01
3.111666646985470663e+01
3.106704642709554065e+01
3.072164448202316578e+01
3.084854717961837878e+01
3.056496975440703778e+01
3.084354354831204859e+01
3.062743488235900102e+01
3.097744752062524753e+01
3.080851868025902007e+01
3.111528785398027708e+01
3.096063038497293718e+01
3.108795637805824086e+01
3.092088495767678680e+01
3.079266177058122977e+01
3.054476553480481726e+01
2.970701551562614284e+01
2.937439649831330968e+01
2.787201438904773099e+01
2.738540301915190511e+01
2.441268231243052611e+01
2.354239818845961452e+01
1.564443099795953174e+01
1.475651753503380803e+01
1.054578250087087810e+01
9.772414811334924067e+00
5.925180015885569418e+00
5.207215268756108628e+00
1.749105238756554215e+00
1.039228807244056529e+00
0.000000000000000000e+00
0.000000000000000000e+00
0.000000000000000000e+00
0.000000000000000000e+00
0.000000000000000000e+00
0.000000000000000000e+00
0.000000000000000000e+00
0.000000000000000000e+00
0.000000000000000000e+00
0.000000000000000000e+00
0.000000000000000000e+00
0.000000000000000000e+00
0.000000000000000000e+00
0.000000000000000000e+00
0.000000000000000000e+00
0.000000000000000000e+00
0.000000000000000000e+00
0.000000000000000000e+00
0.000000000000000000e+00
0.000000000000000000e+00
0.000000000000000000e+00
0.000000000000000000e+00
4.484957931375393336e+00
5.668034310113633900e+00
1.672324773866519010e+01
1.753193945462043501e+01
2.173270039808566167e+01
2.230254399006778243e+01
2.514245995722351168e+01
2.560473618432429532e+01
2.755354448442010451e+01
2.793432213984561585e+01
2.914075235559075949e+01
2.944699987811241115e+01
2.999696766986633989e+01
3.023138145134108257e+01
3.020860063332617074e+01
3.037365985563196702e+01
2.987492331353656638e+01
2.997416816470752465e+01
2.910818265461851695e+01
2.914715570602152539e+01
2.802902105626251839e+01
2.801612077182210570e+01
2.676009897855156794e+01
2.670697694768470498e+01
2.541906061591792465e+01
2.533947570076253797e+01
2.410699577239922320e+01
2.401411176495858157e+01
2.289456619867475595e+01
2.279722236295139126e+01
2.180732510910166866e+01
2.170655656603411998e+01
2.081402494255605617e+01
2.070147623357408051e+01
1.982386503755923712e+01
1.968137107373041061e+01
1.867861187896824759e+01
1.847361303422848522e+01
1.704604547392041169e+01
1.667029019994625827e+01
1.319167568261964085e+01
1.280001661040214600e+01
1.119330887527726226e+01
1.090260979908002170e+01
9.634694210980143225e+00
9.382028935091042854e+00
8.327172481396907244e+00
8.109270945411166664e+00
7.268857558200497060e+00
7.092909222501112332e+00
6.496198639388643059e+00
6.370935537125322234e+00
6.046653115226450659e+00
5.979479543228736205e+00
5.948155119672350999e+00
5.942216183069475299e+00
6.206118516601878632e+00
6.259283348872230590e+00
6.800671914334651902e+00
6.904541244245590903e+00
7.680538432346330602e+00
7.820030530416360648e+00
8.756639210659860950e+00
8.908788291380515645e+00
9.886327560122959213e+00
1.001522860548151428e+01
1.082617076857177274e+01
1.087322347685860358e+01
1.117848542470218121e+01
1.108172528571605930e+01
1.065904255108259591e+01
1.043902480858875670e+01
9.489499205814345473e+00
9.213777768116825584e+00
8.030267732088358201e+00
7.742048313478500532e+00
6.524854919687330224e+00
6.250521989342055384e+00
5.141482290516703024e+00
4.902632735380048956e+00
4.015481094587070032e+00
3.832908637057324874e+00
3.262499593573683132e+00
3.156135951254006144e+00
2.979512391708194041e+00
2.967041285339558243e+00
3.245518266333306201e+00
3.341393004766473940e+00
4.128975787398000641e+00
4.347056210755110506e+00
5.723302084391616695e+00
6.090266678842843007e+00
8.312368464596413986e+00
8.955887314473304883e+00
1.489503956021588493e+01
1.568729458768516771e+01
1.838764046916288919e+01
1.885581747619441018e+01
2.072665098051307453e+01
2.109068526391807197e+01
2.249063983807103284e+01
2.279125430330327262e+01
2.380899892454856825e+01
2.406019170648239225e+01
2.473391774005207111e+01
2.493773075680333662e+01
2.529226243293970455e+01
2.544372798551513881e+01
2.550396066571316567e+01
2.559601854741857352e+01
2.539498413242723984e+01
2.542405892071551676e+01
2.500742473747873973e+01
2.497915778915113449e+01
2.440915158141601182e+01
2.434161536660007386e+01
2.369580466720552181e+01
2.361873713779940687e+01
2.298398715037950524e+01
2.293325645106514088e+01
2.239472360114859129e+01
2.240239084467040698e+01
2.202696555543215595e+01
2.210991790556182934e+01
2.192902116920556210e+01
2.208085820831217561e+01
2.208105816683070088e+01
2.227119355561933389e+01
2.239737328483023404e+01
2.258057646873916369e+01
2.275700658301364498e+01
2.289013925208057287e+01
2.304804167967781581e+01
2.310748298321419725e+01
2.320926761724305010e+01
2.319977055286116752e+01
2.324557719702674063e+01
2.319915235206695314e+01
2.322393850139051352e+01
2.318837277584229994e+01
2.324467685905297287e+01
2.326854550852978676e+01
2.340971009732115604e+01
2.352703476577671182e+01
2.378930347762591779e+01
2.400912230722737561e+01
2.440028310974798487e+01
2.470447989283711010e+01
2.520202757538815774e+01
2.555260115890333594e+01
2.611186606383699527e+01
2.646645305836795714e+01
2.703825993209196810e+01
2.736761736308768533e+01
2.791519891654918339e+01
2.821537972551537976e+01
2.872442298871861865e+01
2.901552195972389825e+01
2.948856816385321622e+01
2.979960956620196555e+01
3.024068159318371229e+01
3.058635589346413752e+01
3.097995701841203697e+01
3.134462088991268303e+01
3.165109881426663918e+01
3.198831690297372532e+01
3.215318869712756111e+01
3.240433040868395409e+01
3.238453338199819598e+01
3.250629081851448632e+01
3.229693155169115215e+01
3.228266912827734814e+01
3.193057456000209271e+01
3.181422726494196240e+01
3.141079004353050408e+01
3.125279490277864269e+01
3.090856760205894105e+01
3.077246118909316053e+01
3.058385945116285143e+01
3.051348136539954226e+01
3.052935461671969364e+01
3.053653668347541839e+01
3.074282085691385902e+01
3.080779684574318722e+01
3.113384765682560484e+01
3.121505995116806176e+01
3.155283828788515876e+01
3.160111260165864877e+01
3.182742188407344841e+01
3.181896496050191558e+01
3.187993191632200407e+01
3.169820639656048655e+01
3.118813842592028251e+01
3.086778551097344803e+01
2.987171696089632889e+01
2.928912278295960192e+01
2.719933076530896443e+01
2.597672092223261942e+01
1.918706782317755710e+01
1.767598396116999382e+01
1.411263973104294855e+01
1.280389593458608744e+01
9.426000361481065681e+00
8.124953896906619732e+00
4.893361968382635041e+00
3.513615065451984876e+00
3.069192388194470489e-01
0.000000000000000000e+00
0.000000000000000000e+00
0.000000000000000000e+00
0.000000000000000000e+00
0.000000000000000000e+00
0.000000000000000000e+00
0.000000000000000000e+00
0.000000000000000000e+00
0.000000000000000000e+00
0.000000000000000000e+00
0.000000000000000000e+00
0.000000000000000000e+00
0.000000000000000000e+00
0.000000000000000000e+00
0.000000000000000000e+00
0.000000000000000000e+00
0.000000000000000000e+00
0.000000000000000000e+00
0.000000000000000000e+00
0.000000000000000000e+00
0.000000000000000000e+00
0.000000000000000000e+00
3.515704299535305499e-01
7.324616418063657264e+00
1.224297796335529931e+01
1.762014551478719682e+01
1.887438073210922340e+01
2.206357675482201230e+01
2.299016499380584833e+01
2.531269737343806625e+01
2.604558671570016415e+01
2.772717743774593302e+01
2.829366825937134422e+01
2.940113473493171981e+01
2.980561538251227205e+01
3.037781304916719449e+01
3.062348026888024677e+01
3.070949676096098457e+01
3.080611085193351073e+01
3.047489485916595342e+01
3.044038786547267961e+01
2.977696151415938175e+01
2.963610640353593340e+01
2.873334430283185270e+01
2.851436048039181870e+01
2.746252998789558930e+01
2.719303037958806613e+01
2.607030951635825389e+01
2.577276539556114443e+01
2.463573270287265160e+01
2.432352210021310412e+01
2.319923829235457902e+01
2.287431485199279990e+01
2.175556447178055919e+01
2.140610811996227270e+01
2.024210747661348364e+01
1.983866478702329417e+01
1.850504224717270674e+01
1.797279616740901886e+01
1.594274738535384550e+01
1.394484835260007749e+01
1.169198775129040868e+01
1.112661555248610767e+01
9.844742099163211080e+00
9.419237810848699155e+00
8.415462258730780576e+00
8.065085024302893757e+00
7.252651717182876823e+00
6.966410468538533074e+00
6.331689794205312083e+00
6.110895213117696123e+00
5.659136304953257479e+00
5.508068489668007217e+00
5.247237439525612501e+00
5.168916308030480522e+00
5.101106370070867868e+00
5.094182742551543797e+00
5.208923147037102908e+00
5.265962522849084060e+00
5.537314164677400896e+00
5.642404861905237823e+00
6.024220651477360633e+00
6.152196112289810337e+00
6.577063301834895626e+00
6.694366378417253571e+00
7.076110206949517867e+00
7.144749308731475956e+00
7.389577684482032893e+00
7.377174339569549488e+00
7.411895108726390902e+00
7.305256935844727906e+00
7.109953564500180789e+00
6.925286039384272563e+00
6.548539838804504853e+00
6.323952671660229008e+00
5.857022084521554817e+00
5.639492764073012587e+00
5.188481600339350130e+00
5.021644329627585002e+00
4.685064213751764406e+00
4.604719925881268772e+00
4.466964480083198907e+00
4.500722057149009636e+00
4.633121603279697354e+00
4.802503989854491451e+00
5.269866165504575761e+00
5.598005446004502339e+00
6.484186666338144889e+00
7.016368531831991717e+00
8.528725534613773362e+00
9.455380765163335255e+00
1.405104131401341405e+01
1.528727678764097142e+01
1.737800241400107026e+01
1.811112713465066548e+01
1.964189281691048450e+01
2.021368525908348701e+01
2.143169030379078777e+01
2.189449021511511262e+01
2.285116409561906181e+01
2.322131070845644985e+01
2.393138604845927375e+01
2.421475355076177394e+01
2.468621637242959110e+01
2.488458760957405147e+01
2.512700677852195597e+01
2.524212583374519170e+01
2.527224123067309591e+01
2.530768323313012758e+01
2.515001029150048240e+01
2.511306815737138365e+01
2.480064775234635022e+01
2.470267966946979854e+01
2.427473022008108217e+01
2.413081129267731839e+01
2.363005059392731155e+01
2.345711543729423099e+01
2.292543051130996190e+01
2.273942870957487017e+01
2.221289878726314981e+01
2.202682592408211804e+01
2.153307503071443563e+01
2.135661814234798328e+01
2.091447395499573148e+01
2.075489070123073532e+01
2.037513319187883098e+01
2.023930966008563459e+01
1.992823766189070156e+01
1.982263602988182427e+01
1.958284890971493297e+01
1.951429029979623309e+01
1.934965715950085752e+01
1.932495715168865047e+01
1.924274572671565053e+01
1.926985412501375805e+01
1.928360025783225140e+01
1.937192198978323532e+01
1.949934060978244332e+01
1.965957702799983764e+01
1.991891935214375309e+01
2.015969904055345552e+01
2.056153220193344922e+01
2.088887000830300522e+01
2.143550813373574471e+01
2.185317331217832759e+01
2.253944559109132229e+01
2.304976857525749878e+01
2.386423443265020339e+01
2.446531199936926271e+01
2.538647439805077255e+01
2.606494531438628925e+01
2.705366568702775254e+01
2.777651650458111732e+01
2.877097015991208195e+01
2.948163593717467634e+01
3.039898417007148268e+01
3.102560610427183718e+01
3.177741368200880245e+01
3.225203091407966127e+01
3.276751702482810202e+01
3.304774086394070309e+01
3.329314477333968370e+01
3.337633004800022007e+01
3.336262387778383953e+01
3.328303060024892090e+01
3.305578633778373643e+01
3.286889660579878125e+01
3.249142438830043034e+01
3.225615764438770583e+01
3.179555012685321458e+01
3.156419664745423148e+01
3.108673227705687836e+01
3.090094111042181169e+01
3.047068076405381731e+01
3.035996226661251285e+01
3.003820896583351185e+01
3.001612127488718329e+01
2.985302482333363727e+01
2.991244024941804369e+01
2.993019152547090300e+01
3.004056318924709501e+01
3.021731150194931814e+01
3.033417233391875101e+01
3.061372184553742315e+01
3.070255861765212657e+01
3.102631747212367586e+01
3.107657760255765211e+01
3.139800739449756151e+01
3.141474708092813017e+01
3.168923810911546113e+01
3.166936496384381883e+01
3.183058771322936309e+01
3.174063818335953258e+01
3.168057278683719247e+01
3.146543669926981224e+01
3.106177845723831155e+01
3.050663104814564974e+01
2.932112239557680056e+01
2.826714274986095887e+01
2.576553358413603689e+01
2.230315400871392129e+01
1.634534958326628384e+01
1.420135537427463746e+01
1.102760703153664323e+01
9.088406908184722965e+00
6.030279078970852247e+00
4.234464036410226839e+00
1.417842776416120110e+00
0.000000000000000000e+00
0.000000000000000000e+00
0.000000000000000000e+00
0.000000000000000000e+00
0.000000000000000000e+00
0.000000000000000000e+00
0.000000000000000000e+00
0.000000000000000000e+00
0.000000000000000000e+00
0.000000000000000000e+00
0.000000000000000000e+00
0.000000000000000000e+00
0.000000000000000000e+00
0.000000000000000000e+00
0.000000000000000000e+00
0.000000000000000000e+00
0.000000000000000000e+00
0.000000000000000000e+00
0.000000000000000000e+00
0.000000000000000000e+00
0.000000000000000000e+00
1.024938430372416831e-01
2.537953076223895099e+00
1.166597392346994333e+01
1.521782576332236481e+01
1.920697693622725666e+01
2.093312613390018129e+01
2.352854728556191333e+01
2.476048781045989600e+01
2.664908932145512921e+01
2.754217848641340893e+01
2.887441881601595384e+01
2.947550902085579949e+01
3.030704552819597808e+01
3.064276341738361609e+01
3.101551142980616760e+01
3.111510364165134845e+01
3.108213177703691699e+01
3.098142933294618828e+01
3.060908598800396518e+01
3.034951069996072448e+01
2.971374751859688601e+01
2.933840130315643435e+01
2.851722846627362529e+01
2.806669919383375955e+01
2.713281548242338914e+01
2.664172795644140734e+01
2.565675793982816799e+01
2.514978618405045196e+01
2.415740912164332954e+01
2.364719381238060336e+01
2.266921623776849160e+01
2.215385769723773990e+01
2.118427166867506983e+01
2.064335658438573873e+01
1.963567293731748009e+01
1.901746003810623975e+01
1.782809395789933760e+01
1.694142786811593027e+01
1.398590106163830882e+01
1.297317580582616614e+01
1.181167080054144769e+01
1.118773993343084072e+01
1.033048101016141906e+01
9.820833174114280695e+00
9.104647829282734861e+00
8.673469663237993288e+00
8.067258289071007837e+00
7.712377085182335890e+00
7.217090038285798315e+00
6.945120299026757316e+00
6.571417108558050835e+00
6.388306439063653919e+00
6.145645141181081961e+00
6.053698541129759469e+00
5.946813830373692156e+00
5.942163778203243041e+00
5.967231760443580946e+00
6.039080622071621995e+00
6.181881539010435134e+00
6.312446082538676784e+00
6.547228044826460369e+00
6.711200901514160044e+00
6.998763830721946633e+00
7.161863369823249670e+00
7.446830826643034307e+00
7.567588961294724470e+00
7.782651983588958267e+00
7.817262129435899709e+00
7.894677180637025948e+00
7.811949720071288183e+00
7.709996826166116257e+00
7.507895999599131898e+00
7.231821299970327743e+00
6.940487639359219862e+00
6.538706638231497337e+00
6.207353472373475789e+00
5.750672161160322204e+00
5.432249002301249519e+00
4.995303323687744879e+00
4.739531823521993203e+00
4.393101578781747563e+00
4.243640535378524703e+00
4.051020550785786156e+00
4.044667566109890977e+00
4.060669332069627657e+00
4.228280819297651760e+00
4.501658943619274211e+00
4.872201272553470019e+00
5.455351301667891839e+00
6.068856925650162104e+00
7.052611229971437190e+00
8.016781579551429004e+00
9.763243017894973619e+00
1.295863310776845090e+01
1.573423839724371476e+01
1.699400312391140133e+01
1.846448550588637971e+01
1.935631964455068754e+01
2.049989492316251471e+01
2.120082169554281393e+01
2.212068362848068048e+01
2.267536748579674466e+01
2.340057296365937134e+01
2.382530355870155603e+01
2.436539976335111390e+01
2.466602266313572400e+01
2.502468565624191044e+01
2.520365460292958915e+01
2.538572355101963041e+01
2.544723900084228774e+01
2.546402110350175008e+01
2.541940860679173397e+01
2.529364936629250948e+01
2.516514897120749339e+01
2.493306097539713306e+01
2.475457283295902755e+01
2.446385103806880679e+01
2.427584985672802276e+01
2.397747591789543975e+01
2.381930840763978807e+01
2.355898379004090870e+01
2.345868276638028149e+01
2.326707663773345658e+01
2.323631978704445800e+01
2.312630100580836867e+01
2.315960104180673440e+01
2.312683344949922315e+01
2.320632162830490230e+01
2.323465587614831307e+01
2.333733190696567306e+01
2.340565924245718676e+01
2.351137531888531029e+01
2.360100737120736980e+01
2.369747740181274054e+01
2.379624783312869241e+01
2.388264812469675746e+01
2.398860937165326135e+01
2.407333951513780335e+01
2.419237855649008040e+01
2.429230860952809579e+01
2.443801590366536303e+01
2.457312841330021058e+01
2.476026905747113815e+01
2.494761451622700932e+01
2.518509102957338541e+01
2.543001720966206136e+01
2.571254981067852796e+01
2.600076962677365344e+01
2.630399164296328252e+01
2.660300351134430841e+01
2.689014300858023887e+01
2.715866537675498904e+01
2.739325632375433628e+01
2.759885554892509418e+01
2.776185896222835225e+01
2.789423130347019963e+01
2.799189109132944253e+01
2.806745444274946877e+01
2.812902323766924439e+01
2.818231025768051268e+01
2.824578533379491319e+01
2.831445030614837322e+01
2.841026971292711423e+01
2.851780747210292333e+01
2.865395647644143295e+01
2.880002280787450886e+01
2.895734021193139895e+01
2.911636048081163608e+01
2.925167009547563524e+01
2.937859168746938110e+01
2.943281869762676450e+01
2.947341941194409642e+01
2.938275649112719989e+01
2.928422657929997541e+01
2.899055823925642272e+01
2.871654106568844611e+01
2.818212494022713344e+01
2.774092863369637740e+01
2.697292382479203354e+01
2.651326316950326145e+01
2.575877741337237836e+01
2.592912759780190157e+01
2.592948135547630528e+01
2.625759733995130318e+01
2.650487180468432769e+01
2.688636723199097034e+01
2.729824073962869591e+01
2.776290440844269369e+01
2.832297362427259912e+01
2.886314367265848801e+01
2.952316181633682746e+01
3.007934072626945365e+01
3.074474577529767316e+01
3.121294597437526974e+01
3.175250601994391531e+01
3.199815666853759311e+01
3.225710547301063258e+01
3.212833417799784286e+01
3.193487591985859808e+01
3.125399931532899345e+01
3.038533389333998613e+01
2.885425160773569431e+01
2.675461110978620738e+01
2.106131122236577369e+01
1.692824087234452435e+01
1.384343769689778192e+01
1.100538358267710848e+01
8.331472288548710026e+00
5.645106024899484432e+00
3.143399613038760254e+00
5.715249579278882663e-01
0.000000000000000000e+00
0.000000000000000000e+00
0.000000000000000000e+00
0.000000000000000000e+00
0.000000000000000000e+00
0.000000000000000000e+00
0.000000000000000000e+00
0.000000000000000000e+00
0.000000000000000000e+00
0.000000000000000000e+00
0.000000000000000000e+00
0.000000000000000000e+00
0.000000000000000000e+00
0.000000000000000000e+00
0.000000000000000000e+00
0.000000000000000000e+00
0.000000000000000000e+00
0.000000000000000000e+00
0.000000000000000000e+00
0.000000000000000000e+00
0.000000000000000000e+00
0.000000000000000000e+00
1.182994904670382263e+00
5.862658869446369714e+00
1.338552987373220837e+01
1.683794088102328601e+01
1.920310520011810596e+01
2.139814277270031795e+01
2.307261357980289418e+01
2.473335022077268874e+01
2.597222814913296318e+01
2.723134578204384226e+01
2.809692420753685127e+01
2.898344991006783289e+01
2.950166978956528396e+01
3.002793399634227711e+01
3.022695082484425200e+01
3.041671621463342134e+01
3.033911587248618247e+01
3.023658419976444023e+01
2.993964476914564443e+01
2.960725006207531607e+01
2.915795743005115526e+01
2.866901191348767597e+01
2.813572079778840163e+01
2.756413245217294161e+01
2.700680355392627519e+01
2.641603778253957557e+01
2.587748822442940622e+01
2.531124864549993347e+01
2.480943075546800713e+01
2.428391218780885552e+01
2.380881040227931678e+01
2.331026614123734575e+01
2.282495187515129231e+01
2.231139477513680802e+01
2.175634980271460250e+01
2.116070318431543740e+01
2.045458842957384604e+01
1.967618479306484858e+01
1.867670427416076251e+01
1.746021851069840025e+01
1.461411643338833066e+01
1.244308196828272806e+01
1.108228822818190018e+01
9.994579757521327323e+00
9.026426666673566857e+00
8.164331007281292685e+00
7.411832264680239035e+00
6.719524723648211406e+00
6.163007742255176780e+00
5.643231328203402342e+00
5.288703109939693725e+00
4.954750301916460486e+00
4.809570205038951052e+00
4.672140848029799010e+00
4.735350892595413974e+00
4.796323063490054217e+00
5.056974991283373022e+00
5.309142158063247408e+00
5.744597086315800460e+00
6.170616387868059327e+00
6.747504336188955953e+00
7.321071960727599581e+00
7.993689964432432404e+00
8.678362816156315773e+00
9.383175411832796797e+00
1.012762930743789624e+01
1.076286843244209379e+01
1.147497785151149330e+01
1.180808846766200837e+01
1.217599353725881350e+01
1.175726702744109531e+01
1.144182064685373845e+01
1.064165992097752067e+01
1.004526973900830988e+01
9.197110632436842792e+00
8.524920089397735268e+00
7.735485721595207309e+00
7.084746878961934335e+00
6.423697903698161404e+00
5.863984497974209731e+00
5.387372418568707744e+00
4.974516761642974849e+00
4.728406394979930205e+00
4.508237664737533734e+00
4.528505063231031968e+00
4.538518110723565258e+00
4.856107295538474311e+00
5.133483087681730339e+00
5.788478316736114238e+00
6.391405369459513430e+00
7.484965831090411470e+00
8.590846116056372495e+00
1.071382241653648038e+01
1.462625885717638319e+01
1.674977471252819683e+01
1.812804203547066706e+01
1.949636043915531758e+01
2.057562388972031187e+01
2.165151201489917199e+01
2.255700238719035866e+01
2.341607195956487075e+01
2.416893377519910402e+01
2.482667266992655897e+01
2.542019817991118558e+01
2.587257082213874781e+01
2.629132866058471407e+01
2.653298919088652141e+01
2.676645960475183728e+01
2.680123484947728585e+01
2.685219952694563972e+01
2.670044467617234574e+01
2.658954173225438922e+01
2.628855394150363978e+01
2.605177248524794464e+01
2.565080419755215502e+01
2.533239564025292623e+01
2.488327654086188545e+01
2.452638690490286066e+01
2.407575488230281380e+01
2.371646830459545541e+01
2.330164065918994964e+01
2.296736828775523875e+01
2.261714081176030433e+01
2.232932313906734478e+01
2.206666481816758107e+01
2.184390165636553149e+01
2.168725929947882491e+01
2.154514060715314727e+01
2.150168122274125793e+01
2.144507146867204739e+01
2.150254112861019706e+01
2.152123896127214664e+01
2.165302953917060691e+01
2.173087511724295950e+01
2.191539975761383374e+01
2.204444520563917820e+01
2.227270016486457749e+01
2.245365187576349442e+01
2.272743093481073728e+01
2.296457112198323358e+01
2.328645479444291411e+01
2.357906327926839651e+01
2.394474289386970511e+01
2.428198789878079822e+01
2.467629636704614171e+01
2.503627154251418219e+01
2.543409403841977223e+01
2.578779763024507332e+01
2.615938763425893399e+01
2.647858076559462503e+01
2.680006251476972423e+01
2.706811334605394848e+01
2.733013285767466627e+01
2.754892407486720174e+01
2.776201619398540288e+01
2.795324114440558105e+01
2.814512158920890883e+01
2.834291805695549016e+01
2.854813326922487349e+01
2.878501613038703510e+01
2.902894121179261333e+01
2.931920780704924212e+01
2.960414315950218267e+01
2.993292945886291179e+01
3.023175757517274320e+01
3.055443953628781628e+01
3.081643657410716486e+01
3.107096164524120141e+01
3.124022093307009129e+01
3.137042810646660485e+01
3.141037813550238056e+01
3.139138158617302210e+01
3.130686697792883422e+01
3.116194736613450900e+01
3.100428101346641441e+01
3.080133496307085039e+01
3.065297754067242053e+01
3.048160659153436569e+01
3.042330315668232998e+01
3.035999158048593571e+01
3.043702125281208737e+01
3.051495852813322784e+01
3.071227541696421071e+01
3.090469496273444605e+01
3.114285199527562042e+01
3.136708554906000046e+01
3.151487750243981623e+01
3.165044787145415128e+01
3.161015651236134261e+01
3.156807793561257824e+01
3.094921008004761376e+01
3.042862770326134836e+01
2.925208731257556138e+01
2.824914117833432314e+01
2.595209098105094370e+01
2.360272944487659430e+01
1.733104923729949576e+01
1.504999291993042831e+01
1.190213486326276637e+01
9.881082047607028684e+00
7.163487115904178637e+00
5.313899571443031711e+00
2.783760666677254747e+00
1.031341428645539349e+00
0.000000000000000000e+00
0.000000000000000000e+00
0.000000000000000000e+00
0.000000000000000000e+00
0.000000000000000000e+00
0.000000000000000000e+00
0.000000000000000000e+00
0.000000000000000000e+00
0.000000000000000000e+00
0.000000000000000000e+00
0.000000000000000000e+00
0.000000000000000000e+00
0.000000000000000000e+00
0.000000000000000000e+00
0.000000000000000000e+00
0.000000000000000000e+00
0.000000000000000000e+00
0.000000000000000000e+00
0.000000000000000000e+00
0.000000000000000000e+00
0.000000000000000000e+00
0.000000000000000000e+00
1.760973217945106972e+00
4.668023371231770469e+00
1.333491462520753501e+01
1.636379195375111806e+01
1.939338709675707406e+01
2.113867340970282882e+01
2.309257183910731470e+01
2.435195028662266381e+01
2.566069012955412632e+01
2.656258183521796568e+01
2.734798782092936520e+01
2.793341653213524012e+01
2.826280631940334942e+01
2.855820148693919691e+01
2.849690209050456957e+01
2.853531543018775807e+01
2.815974664581927556e+01
2.798616183865848939e+01
2.738394760679675954e+01
2.705391104139697589e+01
2.631890795956048379e+01
2.589413774860418016e+01
2.511937758172079072e+01
2.466214261356422099e+01
2.393150153077308318e+01
2.349834243693598879e+01
2.287674486670770690e+01
2.251124821490397565e+01
2.203601768942241179e+01
2.176243438534655184e+01
2.143315326338188243e+01
2.124972689468928522e+01
2.102700542415093565e+01
2.090666880065806765e+01
2.072474860844120315e+01
2.062499618876049468e+01
2.040850358846571311e+01
2.028206097876501701e+01
1.996341310112907408e+01
1.976755855159945341e+01
1.928921048866214605e+01
1.898442883491489397e+01
1.828721361679800239e+01
1.782172449446238716e+01
1.676787748008651491e+01
1.593539570887609713e+01
1.311112344857078504e+01
1.226048645001997883e+01
1.120339815477285406e+01
1.065949891819839124e+01
9.942524770347015206e+00
9.539009090755955711e+00
9.048202182605704635e+00
8.758985038867864503e+00
8.458294468463208204e+00
8.272269247075467291e+00
8.133039895934532026e+00
8.037491256352730318e+00
8.023919214047975146e+00
8.000011872514201983e+00
8.064096268278891699e+00
8.084875173732816833e+00
8.166315554789280284e+00
8.196855331854001392e+00
8.226701026616602519e+00
8.226774462270968868e+00
8.141190211800012122e+00
8.074434957015709458e+00
7.833832689276760242e+00
7.679134780329200716e+00
7.284729556421645214e+00
7.043925257927463157e+00
6.535924111498862210e+00
6.231146029879847781e+00
5.675578812536157258e+00
5.342519955940232990e+00
4.814854308872996036e+00
4.495207909250114930e+00
4.070964435833065664e+00
3.807710351083787081e+00
3.555910155888442503e+00
3.389142007682028890e+00
3.369027227891244536e+00
3.333435260882834150e+00
3.593010142276121144e+00
3.717201026063631897e+00
4.298559867827521863e+00
4.609984809254735971e+00
5.565315887935463834e+00
6.106158715972149764e+00
7.562582253351343375e+00
8.467219504278231668e+00
1.130540104232609266e+01
1.453537335404182507e+01
1.703073680549834990e+01
1.803669674382311428e+01
1.963324162643008108e+01
2.041430101961831411e+01
2.163979723739393890e+01
2.228798618411022758e+01
2.323809180476091285e+01
2.377566489308657438e+01
2.448210872241543967e+01
2.491222817226963571e+01
2.538921947147054325e+01
2.570885493253704723e+01
2.596869022547793904e+01
2.617607172132592908e+01
2.623605603323666813e+01
2.633552996139729174e+01
2.622314676214636009e+01
2.622886795419634609e+01
2.598307451404158641e+01
2.591941194831170492e+01
2.558811034119635863e+01
2.548633452889928108e+01
2.512056057300218725e+01
2.501273276934334078e+01
2.465938462356444560e+01
2.457197101565250108e+01
2.426696948541431453e+01
2.421648633986782073e+01
2.398241234894500806e+01
2.397561894044980235e+01
2.382225144797289929e+01
2.385939159203389792e+01
2.379004770997067908e+01
2.387112236825534239e+01
2.388615602161949525e+01
2.401386538711697582e+01
2.411533557295135211e+01
2.429573946865750855e+01
2.448485797643925821e+01
2.472165180904502080e+01
2.499392143397816213e+01
2.528095852037683855e+01
2.562064584600119588e+01
2.593668243158360909e+01
2.631295532187222364e+01
2.662247129312603278e+01
2.699709341425953468e+01
2.726207603251296518e+01
2.760033027421035712e+01
2.779520332257908066e+01
2.808157714478470268e+01
2.820674604054010359e+01
2.845200782858644217e+01
2.853660780105113659e+01
2.877296075434716016e+01
2.886553468885148632e+01
2.913461972437528047e+01
2.928627568965502803e+01
2.961912467040789210e+01
2.986252619472693937e+01
3.026144825936484750e+01
3.059472280529083577e+01
3.102414388057430727e+01
3.140635751406604825e+01
3.179676540407893626e+01
3.215763388376651477e+01
3.242441439955229043e+01
3.268681095503975342e+01
3.275774502686236644e+01
3.286543672307504949e+01
3.270904482873743291e+01
3.264951274641142476e+01
3.229263694846249422e+01
3.210382772440918586e+01
3.162713511631049457e+01
3.138287645185272368e+01
3.090145552293505915e+01
3.068543879947879205e+01
3.031563594083001689e+01
3.019213314166059092e+01
3.002319266646953011e+01
3.001777399683612302e+01
3.008141707968520961e+01
3.017044318183553386e+01
3.042065017331324128e+01
3.053712037212480013e+01
3.085776650982329627e+01
3.091709351402780115e+01
3.116653305035430321e+01
3.110181553125755727e+01
3.115657474538977567e+01
3.093785696998499191e+01
3.070889719416534547e+01
3.033898784889306555e+01
2.982102239784543229e+01
2.934209630916722844e+01
2.821415915161955112e+01
2.751278689081556905e+01
2.578138690455692483e+01
2.483612710812151292e+01
2.075422683566748461e+01
1.749019647714514036e+01
1.361893945767130631e+01
1.239372957333357839e+01
9.297563960932265559e+00
8.157861389764809346e+00
5.419916766966817789e+00
4.324801824781135728e+00
1.659218489022072029e+00
4.959062425467182234e-01
0.000000000000000000e+00
0.000000000000000000e+00
0.000000000000000000e+00
0.000000000000000000e+00
0.000000000000000000e+00
0.000000000000000000e+00
0.000000000000000000e+00
0.000000000000000000e+00
0.000000000000000000e+00
0.000000000000000000e+00
0.000000000000000000e+00
0.000000000000000000e+00
0.000000000000000000e+00
0.000000000000000000e+00
0.000000000000000000e+00
0.000000000000000000e+00
0.000000000000000000e+00
0.000000000000000000e+00
0.000000000000000000e+00
0.000000000000000000e+00
0.000000000000000000e+00
0.000000000000000000e+00
1.324387619505826619e+00
3.320598936231329734e+00
1.323021006564510849e+01
1.543338662806374550e+01
1.930944441094077391e+01
2.059597981906505737e+01
2.316685013530115356e+01
2.415553468687646088e+01
2.600583326248727190e+01
2.680224721336758620e+01
2.808041628623415775e+01
2.871249080387032038e+01
2.948086111324797542e+01
2.995408650650368187e+01
3.026077417831058014e+01
3.057653785678712666e+01
3.047589905037755642e+01
3.063898604755822319e+01
3.019642383879569891e+01
3.021818150227588973e+01
2.950673503828569011e+01
2.940495262923239395e+01
2.850027218134234985e+01
2.829783040315725628e+01
2.727311674373322248e+01
2.699595995439053908e+01
2.591596749232778052e+01
2.559006955733483224e+01
2.450495721008202210e+01
2.415273072576419722e+01
2.309279852627261675e+01
2.272963422363730857e+01
2.170054067303372847e+01
2.133162508344449648e+01
2.030795949699764691e+01
1.992432931427082821e+01
1.883658092417655894e+01
1.840544245994444594e+01
1.706121657892764532e+01
1.644292585241044335e+01
1.325479508520987970e+01
1.262703692818403489e+01
1.130285946579990330e+01
1.089762507813520998e+01
9.906877231474418011e+00
9.570747184383801454e+00
8.745971377692177029e+00
8.452538274131743634e+00
7.760311090758880148e+00
7.504088598911866193e+00
6.942811210373176500e+00
6.724393456496890131e+00
6.301397656229134725e+00
6.122991059402630221e+00
5.844650194902615503e+00
5.708231891717656659e+00
5.576320593221146815e+00
5.483422835625666458e+00
5.491064417939883313e+00
5.441895691260656420e+00
5.572238906811314507e+00
5.564969139584763802e+00
5.788181940542715509e+00
5.816895850143801283e+00
6.090850062756127059e+00
6.144349837707490991e+00
6.414623492846112107e+00
6.475273183679404632e+00
6.682061052672658263e+00
6.727950506651970031e+00
6.821022130003684403e+00
6.831976361892546201e+00
6.788167121023136019e+00
6.752941894511894638e+00
6.589172771507168846e+00
6.510636967890972571e+00
6.282774918661684360e+00
6.178088142473771249e+00
5.966219318759897305e+00
5.862594666055981563e+00
5.756490754811868449e+00
5.686427550388185814e+00
5.772452911106321416e+00
5.768550482572748273e+00
6.127359120838677953e+00
6.220453112871531687e+00
6.933411188694368121e+00
7.155617813567216601e+00
8.349486068773829928e+00
8.761326787828338070e+00
1.096906512780679499e+01
1.258476586058801416e+01
1.599476263951468091e+01
1.660963995847337671e+01
1.834834140578020723e+01
1.883685844754014127e+01
2.019845308382353366e+01
2.062201911418662093e+01
2.171213263218085032e+01
2.208744234944120777e+01
2.293945377883665415e+01
2.327411946811231402e+01
2.390521652675258935e+01
2.420210008942556001e+01
2.462535150259483174e+01
2.488309674809765326e+01
2.511232829486581508e+01
2.532649623316114429e+01
2.537746042105276345e+01
2.554211423086278288e+01
2.543575403709845162e+01
2.554673448920289047e+01
2.531080535443225088e+01
2.536871000403408871e+01
2.503979379103246572e+01
2.505160076098581712e+01
2.467339511382626327e+01
2.465080294500197056e+01
2.426951217883299705e+01
2.422587459878197436e+01
2.388577964982336610e+01
2.383456552243448101e+01
2.357355147908745963e+01
2.352822934565284640e+01
2.337391792519818168e+01
2.334753128803757960e+01
2.331425709437182547e+01
2.331716733750455717e+01
2.339912829930732840e+01
2.343445138991189225e+01
2.360931871522771530e+01
2.367224122620753946e+01
2.390342565961287136e+01
2.398240247021914939e+01
2.423156536033908992e+01
2.431422874475626728e+01
2.454769991411775720e+01
2.462565777896551822e+01
2.482427613232290398e+01
2.489789676521523987e+01
2.505888883765278052e+01
2.513851593934497330e+01
2.527817169856606583e+01
2.538435595111113585e+01
2.553423906905489460e+01
2.569554728846039993e+01
2.589964811719947591e+01
2.614981091078744768e+01
2.645585334778907338e+01
2.682741668648262134e+01
2.727673820014543082e+01
2.779135220571286169e+01
2.840247444243568964e+01
2.905711639294630544e+01
2.980893168793210180e+01
3.056293047681309005e+01
3.138508327383470231e+01
3.215567460237000574e+01
3.293214244990033990e+01
3.360504503193961057e+01
3.419680041345297639e+01
3.465339659347011292e+01
3.493559952395254697e+01
3.508932698685044471e+01
3.499119056894451774e+01
3.482057896298743316e+01
3.435610195090485064e+01
3.392183590496243539e+01
3.319519155767479646e+01
3.262873204304824526e+01
3.180974581737765305e+01
3.127222861097672535e+01
3.054475630741169212e+01
3.017101643921353471e+01
2.967872787605225327e+01
2.953321688810083145e+01
2.934295717948381466e+01
2.940629578716901804e+01
2.950130390748240572e+01
2.968998915144224071e+01
2.998543093078721000e+01
3.019061745040533040e+01
3.056149618012683078e+01
3.068836806175160703e+01
3.100183181152078404e+01
3.099531507399955643e+01
3.113458005182377164e+01
3.098465355835194757e+01
3.093354375464046058e+01
3.068065719389421275e+01
3.007319184812747892e+01
2.968593273872537708e+01
2.868328516262303296e+01
2.823861400133486654e+01
2.642083887896823668e+01
2.582246305658917507e+01
2.031237475145725213e+01
1.882284210588975526e+01
1.438871294640191856e+01
1.361870361726886003e+01
1.001617622906765170e+01
9.264172400533203344e+00
5.937025610509112816e+00
5.150550207132690517e+00
1.873213285816478502e+00
9.874579062841151167e-01
0.000000000000000000e+00
0.000000000000000000e+00
0.000000000000000000e+00
0.000000000000000000e+00
0.000000000000000000e+00
0.000000000000000000e+00
0.000000000000000000e+00
0.000000000000000000e+00
0.000000000000000000e+00
0.000000000000000000e+00
0.000000000000000000e+00
0.000000000000000000e+00
0.000000000000000000e+00
0.000000000000000000e+00
0.000000000000000000e+00
0.000000000000000000e+00
0.000000000000000000e+00
0.000000000000000000e+00
0.000000000000000000e+00
0.000000000000000000e+00
0.000000000000000000e+00
0.000000000000000000e+00
5.174639604351847222e-01
1.681524854245601608e+00
1.309199719333422429e+01
1.446054536915136701e+01
1.937469423437326199e+01
2.023527756852784876e+01
2.354594348951929206e+01
2.427094818778612151e+01
2.670854488422022399e+01
2.734913309464072384e+01
2.906222073802608463e+01
2.961845061787349209e+01
3.065282295880663810e+01
3.111185688548399142e+01
3.151104291957102532e+01
3.186215766305098995e+01
3.169440032336432012e+01
3.193513489341015799e+01
3.129419437286469119e+01
3.143128301543584868e+01
3.042691318282053459e+01
3.047401766230622400e+01
2.921970621972252857e+01
2.919377124741714624e+01
2.779631598001067516e+01
2.771428436688998431e+01
2.626355128215115897e+01
2.613980060767846325e+01
2.470292127622632350e+01
2.454846390232966868e+01
2.316456078868606383e+01
2.298680866623001862e+01
2.166319354552057419e+01
2.146560942024267504e+01
2.017036626241714359e+01
1.995008497299106764e+01
1.858959543856055774e+01
1.832844910852853104e+01
1.658726385754298605e+01
1.615537164283353633e+01
1.287074075596730438e+01
1.256748512994105482e+01
1.123777965804522694e+01
1.101310834599850885e+01
1.000335683855363200e+01
9.808856465352643994e+00
8.988323786175932639e+00
8.816617341556863607e+00
8.165110733106148544e+00
8.018788052064600436e+00
7.542870257980681004e+00
7.426772958155551940e+00
7.137414740316432749e+00
7.054955117569056355e+00
6.952765027391762942e+00
6.903118804380671492e+00
6.972481345841573308e+00
6.949970130111249311e+00
7.153413315447505916e+00
7.147952492051559581e+00
7.424985114732518099e+00
7.423756034248166102e+00
7.693710262314871429e+00
7.683192143102477445e+00
7.853139486416672810e+00
7.821035379255819819e+00
7.805809947841003016e+00
7.743793770755917016e+00
7.497932417354299162e+00
7.405009316875300840e+00
6.946402088913270489e+00
6.829881989525333097e+00
6.235858270175252294e+00
6.108740872212895745e+00
5.488310319523581171e+00
5.365165524384378770e+00
4.833806873593850639e+00
4.728238173642767883e+00
4.392196909791165282e+00
4.315656750393509711e+00
4.266314643448238186e+00
4.228004673398930713e+00
4.542914955857909831e+00
4.550754535453214622e+00
5.301386509703185368e+00
5.364784123468040455e+00
6.649745200744334284e+00
6.788218570942571084e+00
8.870735982072378789e+00
9.156184974910649643e+00
1.473061114149049722e+01
1.516934878133150910e+01
1.795042301103512017e+01
1.822322426691766850e+01
2.016397918439714232e+01
2.040440855895071692e+01
2.189616184098676044e+01
2.212583103225865955e+01
2.325256084742368046e+01
2.347570641025232518e+01
2.427094293734984021e+01
2.448467488790020496e+01
2.497162508290805150e+01
2.516990563488804256e+01
2.537732438357271647e+01
2.555435508884124118e+01
2.552053679629841909e+01
2.567259687360899179e+01
2.544578669014765637e+01
2.557183653298498527e+01
2.520776307316327802e+01
2.530928207367631089e+01
2.486771784012932329e+01
2.494880934695644825e+01
2.448865924033534824e+01
2.455665238597496014e+01
2.413364279952969582e+01
2.420000284364986598e+01
2.386213690806197363e+01
2.394179172006563761e+01
2.372391464121339055e+01
2.383239977626483963e+01
2.375196594622774171e+01
2.390104961698675723e+01
2.395573058433321378e+01
2.414904026077932286e+01
2.431827948910294523e+01
2.454905827623358761e+01
2.480009022919568551e+01
2.505230485560018039e+01
2.534852630688537900e+01
2.560078348165930251e+01
2.590920316257600575e+01
2.614007646742363278e+01
2.643775151796371148e+01
2.663181401628478540e+01
2.691116517490999627e+01
2.706498915466983135e+01
2.733508690495444782e+01
2.746115637677280574e+01
2.774574140637866293e+01
2.787152506841888311e+01
2.820146436207959084e+01
2.836128436295045319e+01
2.875926506038580754e+01
2.898006796720498102e+01
2.944477787863379703e+01
2.973234976421771592e+01
3.022945178546408584e+01
3.056293941993398278e+01
3.102737407260481461e+01
3.136631986662819571e+01
3.172046308437523976e+01
3.202227591360003345e+01
3.219885464180712376e+01
3.243692768645529156e+01
3.239645983581100808e+01
3.256837492605622941e+01
3.230357573458082499e+01
3.242497821834444238e+01
3.195012040800693853e+01
3.203823033806923348e+01
3.137329672034760009e+01
3.143162009972938264e+01
3.059158945561697962e+01
3.060688071298902457e+01
2.960963344133565300e+01
2.956268069307720481e+01
2.844512370643704813e+01
2.832587121277994058e+01
2.717383806979987426e+01
2.699230420002351494e+01
2.600808188855613068e+01
2.580103229293843725e+01
2.551034449791724512e+01
2.535628570157578565e+01
2.597032324270529458e+01
2.587667546596082602e+01
2.682378712460440084e+01
2.675904976559640147e+01
2.774355341217072635e+01
2.768724986201319993e+01
2.854698002713593397e+01
2.848256990451764636e+01
2.907525324787883747e+01
2.899041810041744327e+01
2.916727148480974208e+01
2.905149356724165699e+01
2.862360073543625560e+01
2.846213468692844373e+01
2.710750491598185263e+01
2.686951403916297920e+01
2.327746399561472401e+01
2.267928814239607505e+01
1.613927764280382249e+01
1.571568627676878016e+01
1.170117738103951410e+01
1.123599766104389985e+01
7.370344150989561527e+00
6.835031283281665537e+00
3.032544358590978373e+00
2.416837281200987952e+00
0.000000000000000000e+00
0.000000000000000000e+00
0.000000000000000000e+00
0.000000000000000000e+00
0.000000000000000000e+00
0.000000000000000000e+00
0.000000000000000000e+00
0.000000000000000000e+00
0.000000000000000000e+00
0.000000000000000000e+00
0.000000000000000000e+00
0.000000000000000000e+00
0.000000000000000000e+00
0.000000000000000000e+00
0.000000000000000000e+00
0.000000000000000000e+00
0.000000000000000000e+00
0.000000000000000000e+00
0.000000000000000000e+00
0.000000000000000000e+00
0.000000000000000000e+00
0.000000000000000000e+00
0.000000000000000000e+00
0.000000000000000000e+00
2.385470819912065110e+00
2.730745555809295233e+00
1.449927002027729905e+01
1.482310597210963898e+01
1.979455663107069796e+01
2.010699283806121329e+01
2.378643425131911471e+01
2.413730565967023267e+01
2.702479051021714795e+01
2.741422076418469800e+01
2.957752638001554146e+01
2.998965347259597536e+01
3.141528952614090997e+01
3.182833707837186665e+01
3.251948137504266612e+01
3.291303947846461142e+01
3.291647725351874954e+01
3.327583569961245757e+01
3.268019345638445827e+01
3.299738896561932222e+01
3.191852678663056864e+01
3.219071608326352418e+01
3.075444646566373663e+01
3.098119947950598529e+01
2.930931473772798768e+01
2.949055156975973446e+01
2.769083303441930966e+01
2.782628163415536093e+01
2.598489632821936013e+01
2.607482708153740703e+01
2.425165281721451294e+01
2.429802749953349306e+01
2.252067706481509290e+01
2.252759192380102249e+01
2.077974156708328479e+01
2.075250550733990451e+01
1.893886196682628409e+01
1.888106377022352689e+01
1.656294817697157384e+01
1.645387411751825368e+01
1.266831517195420176e+01
1.257994678883911988e+01
1.100986667883404913e+01
1.092503292663499437e+01
9.704820485518951045e+00
9.618068620934950630e+00
8.570295934919993641e+00
8.482028713320763913e+00
7.566727403897339777e+00
7.478575922150672461e+00
6.705193924049588361e+00
6.619021165719831679e+00
6.017553101879646427e+00
5.934753753643144059e+00
5.542303745357706646e+00
5.463466506714172333e+00
5.316977404742003088e+00
5.242235040661141987e+00
5.372924407714622319e+00
5.302876361677594019e+00
5.735631952041778447e+00
5.672307465697318030e+00
6.426084953246728126e+00
6.373134334074744167e+00
7.468169384216685636e+00
7.430084583216348904e+00
8.911738041298203683e+00
8.892587320402778772e+00
1.095778303756778982e+01
1.096165090069675330e+01
1.537170076546773601e+01
1.539193926738128759e+01
1.729965789101767726e+01
1.732687782100941121e+01
1.844836802534688402e+01
1.848346731551027133e+01
1.912891597097128127e+01
1.916902774853127767e+01
1.365602007190460654e+01
