2.159842461853187956e+01
1.752631524162887189e+01
1.647923887664077469e+01
1.587771147580800957e+01
1.604424612882878520e+01
1.597202123022976394e+01
1.558536372748019438e+01
1.527800021168248712e+01
1.522091439098325516e+01
1.485007077676965537e+01
1.462095923844545098e+01
1.418830555735700472e+01
1.381507658459521615e+01
1.330850552230504569e+01
1.285101326743737182e+01
1.220590077403149998e+01
1.176058171022558696e+01
1.112653192742948960e+01
1.066732970400830993e+01
1.005446138143353707e+01
8.919642920052233137e+00
7.871676022124180605e+00
7.153137162253509373e+00
5.993455817300764821e+00
4.021751945848267340e+00
1.973950273863644078e+00
4.484086169015490952e-01
0.000000000000000000e+00
0.000000000000000000e+00
0.000000000000000000e+00
0.000000000000000000e+00
0.000000000000000000e+00
0.000000000000000000e+00
0.000000000000000000e+00
0.000000000000000000e+00
0.000000000000000000e+00
0.000000000000000000e+00
0.000000000000000000e+00
0.000000000000000000e+00
0.000000000000000000e+00
0.000000000000000000e+00
0.000000000000000000e+00
3.214967496182000062e+00
1.251132981615213247e+01
1.685340637749377279e+01
1.981051397062478614e+01
2.192500333806833623e+01
2.376173286281757768e+01
2.520261576907279277e+01
2.654323501212234149e+01
2.768020741452021483e+01
2.882023176712402446e+01
2.987500774618873578e+01
3.091008302519300344e+01
3.185532347385021623e+01
3.276374370284744941e+01
3.355319815917526682e+01
3.417157554338097469e+01
3.464200190279526481e+01
3.486677143661886191e+01
3.487020171789954048e+01
3.444180607141136363e+01
3.381912137858815015e+01
3.294237394007074471e+01
3.182944421049376871e+01
3.061011640289638791e+01
2.943137320003565449e+01
2.819624741101700138e+01
2.716565616751225321e+01
2.625227016255571044e+01
2.562307080931203984e+01
2.514194916676268932e+01
2.480532137409741367e+01
2.448325450669658920e+01
2.407703477887998034e+01
2.341269096132934990e+01
2.238226197830957176e+01
2.083957885986670888e+01
1.848114737646694650e+01
1.288557960140107639e+01
1.039768426072882690e+01
8.501545091282698863e+00
7.162241734142631877e+00
6.225370353353182118e+00
5.768431377485166323e+00
5.673034862470831996e+00
6.019827058869126724e+00
6.811266416273473290e+00
7.978190260370994658e+00
9.699182753142224556e+00
1.196641968529629629e+01
1.733856877377436234e+01
1.983371287766360780e+01
2.138818594883750279e+01
2.201430758133605892e+01
2.184907659206178110e+01
2.077686730426183104e+01
1.729573654580374864e+01
1.061216721391791573e+01
6.962353268930765005e+00
3.651497963439298999e+00
4.801551686757532522e-01
0.000000000000000000e+00
0.000000000000000000e+00
0.000000000000000000e+00
0.000000000000000000e+00
0.000000000000000000e+00
0.000000000000000000e+00
0.000000000000000000e+00
2.999019643595508544e+00
8.878007822116197545e+00
2.048266369041927604e+01
2.508202676139545062e+01
2.816697863400928270e+01
3.018768964641581931e+01
3.155646193548192002e+01
3.220462630660876613e+01
3.256764262557059908e+01
3.330697934834652330e+01
3.336516705379671066e+01
3.348658512211285654e+01
3.333770980371093628e+01
3.300983661683201831e+01
3.267921779403942395e+01
3.241618410248164395e+01
3.215488625824718838e+01
3.196735329094109801e+01
3.163923271753870026e+01
3.136332984931702583e+01
3.102310664325685607e+01
3.043038050188292942e+01
2.972997985623206674e+01
2.909920208961115407e+01
2.813886466196037262e+01
2.709643250924122526e+01
2.577126047320233226e+01
2.429742130821265889e+01
2.221409882480591591e+01
1.847052080172814570e+01
1.659103610725511047e+01
1.522182621084811416e+01
1.443800811009385754e+01
1.406373948995096157e+01
1.388887960325615722e+01
1.325135606280569078e+01
1.283158823269497617e+01
1.236562607497419464e+01
1.193300959702436259e+01
1.152700460228173363e+01
1.114685017984362325e+01
1.074380142939352822e+01
1.049566923443896371e+01
1.015818311742953917e+01
9.975078924604835251e+00
9.800382418135056284e+00
9.483792579817288626e+00
9.164327696148861335e+00
8.637429339118417815e+00
8.237575119959611669e+00
7.724059889228581888e+00
7.089201273394556857e+00
6.187976436820441073e+00
5.189637641728139350e+00
3.472426550891520414e+00
2.378258396663654572e+00
8.914144211377790228e-01
0.000000000000000000e+00
0.000000000000000000e+00
0.000000000000000000e+00
0.000000000000000000e+00
0.000000000000000000e+00
0.000000000000000000e+00
0.000000000000000000e+00
0.000000000000000000e+00
0.000000000000000000e+00
0.000000000000000000e+00
0.000000000000000000e+00
0.000000000000000000e+00
0.000000000000000000e+00
0.000000000000000000e+00
0.000000000000000000e+00
4.554603246218408508e+00
1.372308676327605603e+01
1.803100698181521722e+01
2.088667061717593398e+01
2.326409605482930587e+01
2.517215945403175326e+01
2.680094214181119128e+01
2.818092012588257234e+01
2.948700357479076573e+01
3.064603100068880082e+01
3.179205051594382070e+01
3.273188053911341200e+01
3.372528635849752732e+01
3.456022015496383659e+01
3.527324176484756180e+01
3.571991392005624277e+01
3.594269345304419261e+01
3.593525824727216644e+01
3.561663490507615393e+01
3.514976360847591508e+01
3.425725934713467780e+01
3.334210284348459652e+01
3.224382375660537292e+01
3.108477815211274020e+01
2.985461737639282731e+01
2.866442107293216424e+01
2.768122857792065261e+01
2.693669473487540600e+01
2.636883687239660645e+01
2.597723163508661059e+01
2.571303839563579530e+01
2.552764000419534796e+01
2.525826059181238392e+01
2.491680342068739051e+01
2.433725361669430498e+01
2.356067215027230688e+01
2.242991286366600434e+01
2.093020543238763764e+01
1.858159338729224430e+01
1.383115065903952967e+01
1.172772248583629917e+01
1.045440804195200357e+01
9.566023483464928034e+00
9.170656458745590101e+00
9.191184649536403128e+00
9.655739811219742563e+00
1.061991883735512587e+01
1.202666432237958283e+01
1.412520908955031729e+01
1.813648150477410326e+01
1.960808508575822273e+01
1.988381374638628074e+01
1.890130359536284388e+01
1.420375271298201802e+01
1.070195580990899842e+01
7.601439089461367260e+00
4.404901532288531207e+00
1.428635298747570559e+00
0.000000000000000000e+00
0.000000000000000000e+00
0.000000000000000000e+00
0.000000000000000000e+00
0.000000000000000000e+00
0.000000000000000000e+00
0.000000000000000000e+00
0.000000000000000000e+00
1.020513639909059966e+00
5.328326188633540461e+00
1.499346946928534230e+01
2.131989195631911826e+01
2.471516695609901859e+01
2.740802766847908600e+01
2.968814676450295664e+01
3.089121083093924014e+01
3.198661233106468060e+01
3.259233346527446429e+01
3.291411458021624270e+01
3.317792840738228222e+01
3.306939742953940709e+01
3.328311631817479821e+01
3.320672828424655165e+01
3.313881392864509223e+01
3.310817202789016278e+01
3.301518366135307758e+01
3.288568115618560483e+01
3.267037290619654044e+01
3.285534220580431963e+01
3.247722775730120759e+01
3.223970380787705636e+01
3.164215512082524029e+01
3.090122390224204452e+01
3.002939834357611204e+01
2.881539109358186224e+01
2.818140125067537838e+01
2.691768498222861794e+01
2.567282765259255584e+01
2.395278792825779846e+01
2.179964367303232819e+01
2.047262536079824713e+01
1.942726060942506194e+01
1.879659779051154800e+01
1.820140462916396018e+01
1.772238005747241374e+01
1.745511000937543855e+01
1.732248608466409934e+01
1.714040888867689816e+01
1.662026691879198381e+01
1.652076290225345545e+01
1.616078149132443542e+01
1.588367024055584231e+01
1.552433012165043635e+01
1.509518213812938647e+01
1.451944958178904699e+01
1.359490460661396227e+01
1.256483717468036332e+01
1.142500998342112339e+01
9.987700276652809350e+00
7.036292896154359156e+00
4.912195845133579652e+00
3.151161511573454366e+00
8.481944629709401440e-01
0.000000000000000000e+00
0.000000000000000000e+00
0.000000000000000000e+00
0.000000000000000000e+00
0.000000000000000000e+00
0.000000000000000000e+00
0.000000000000000000e+00
0.000000000000000000e+00
0.000000000000000000e+00
0.000000000000000000e+00
0.000000000000000000e+00
0.000000000000000000e+00
0.000000000000000000e+00
0.000000000000000000e+00
0.000000000000000000e+00
8.749834208872830921e-02
5.579048567123759739e+00
1.594722026081110045e+01
2.026291458420645952e+01
2.349226596094924346e+01
2.601973092362582207e+01
2.814300147088312798e+01
2.984492640998180946e+01
3.129490141446348872e+01
3.242507840438124589e+01
3.335679775593602869e+01
3.405635565392221764e+01
3.452264314776935095e+01
3.478698475257677103e+01
3.484235613876031579e+01
3.465922598345131433e+01
3.427890644920998398e+01
3.370561415260426941e+01
3.285853360864676631e+01
3.192058538854578131e+01
3.084844528490357263e+01
2.975357974115405923e+01
2.874968722910981711e+01
2.775105546663712630e+01
2.688162508294481867e+01
2.612291630687989752e+01
2.552793390141553331e+01
2.502050899080153812e+01
2.456578670268786269e+01
2.414015893602315899e+01
2.361403689627296743e+01
2.293154564320388999e+01
2.202307785783267491e+01
2.080019186013077714e+01
1.901256000583376959e+01
1.480442828284613199e+01
1.166871604732933498e+01
9.875177420296028075e+00
8.545724683981170244e+00
7.640505809770753665e+00
7.115282477051951382e+00
7.019749477715257591e+00
7.342372305707557167e+00
8.041037665673414381e+00
9.164235016562141567e+00
1.076906199499672923e+01
1.312098888993823742e+01
1.791625975016097527e+01
2.006594129859253783e+01
2.129849225807696556e+01
2.208548891546137583e+01
2.242884865509164882e+01
2.237878120947889826e+01
2.180437088199990825e+01
2.006463784916446613e+01
1.445774631465629767e+01
1.044350038587833573e+01
7.328395787479973222e+00
4.395901520615925762e+00
1.789101456701515769e+00
0.000000000000000000e+00
0.000000000000000000e+00
0.000000000000000000e+00
0.000000000000000000e+00
0.000000000000000000e+00
0.000000000000000000e+00
0.000000000000000000e+00
1.280378074099364216e+00
4.682951667462058154e+00
9.722752293198485773e+00
1.952210350880587342e+01
2.344009451193890214e+01
2.612475564438801001e+01
2.805735458938614357e+01
2.938591514700480900e+01
3.029544342962579151e+01
3.077727650168985463e+01
3.095536368929410997e+01
3.092965981661933839e+01
3.075512886912739319e+01
3.065378897137591707e+01
3.082984080574577135e+01
3.059655390366825500e+01
3.072796480430899635e+01
3.060783840480899443e+01
3.073765336735587539e+01
3.043637234137190362e+01
3.037840610259485175e+01
2.999609488917609923e+01
2.953733644452901785e+01
2.995834010655600821e+01
2.986596819300944361e+01
2.931464106027834049e+01
2.843500226542974119e+01
2.757717741327143912e+01
2.712617694552170633e+01
2.653161917200503694e+01
2.504394527294189743e+01
2.340725436140909466e+01
2.287044320907268258e+01
2.335696222280318679e+01
2.307997188065899508e+01
2.335616978217009176e+01
2.362653820297902030e+01
2.345066738274698537e+01
2.322069201034828723e+01
2.315521201347362990e+01
2.277379531369758325e+01
2.246032801247623922e+01
2.184598557842764421e+01
2.086362457404643322e+01
1.984455453411234771e+01
1.908636572562510736e+01
1.841295114451553161e+01
1.819261481403708558e+01
1.708764398881888269e+01
1.598598407688539957e+01
1.520752468267837365e+01
1.391440488281892485e+01
1.304085965203131003e+01
1.116890626989004787e+01
1.012435376635098372e+01
8.489916677273805945e+00
6.515605566370046731e+00
5.128294276424599119e+00
3.472556288629030874e+00
1.274806615076041538e+00
0.000000000000000000e+00
0.000000000000000000e+00
0.000000000000000000e+00
0.000000000000000000e+00
0.000000000000000000e+00
0.000000000000000000e+00
0.000000000000000000e+00
0.000000000000000000e+00
0.000000000000000000e+00
0.000000000000000000e+00
0.000000000000000000e+00
0.000000000000000000e+00
0.000000000000000000e+00
0.000000000000000000e+00
2.950092009226499279e-01
5.242870743942081191e+00
1.435241646944230176e+01
1.806524034324518269e+01
2.065066720248644216e+01
2.261857696316641153e+01
2.435048110227020146e+01
2.600057596329423504e+01
2.720769697569432566e+01
2.841543683758726857e+01
2.958058917137768162e+01
3.076713503132150862e+01
3.202305311444703761e+01
3.321727315936416147e+01
3.438753259753865876e+01
3.542530075320533456e+01
3.623708629594083419e+01
3.681475887410308445e+01
3.711542560213106157e+01
3.706306058521788316e+01
3.680275389264910757e+01
3.627841856372977247e+01
3.550111828211790765e+01
3.454546760332247146e+01
3.342869249686563649e+01
3.225034896733372847e+01
3.088337255271050452e+01
2.919930891627857861e+01
2.802193597733052144e+01
2.674946121698904022e+01
2.554874113042414407e+01
2.428049730540024242e+01
2.284505209223823741e+01
2.103530473981594184e+01
1.827111813298253651e+01
1.281508482237619617e+01
1.040832080128797443e+01
8.615280242342830519e+00
7.208548957414322444e+00
6.138899509207003113e+00
5.465108746260217032e+00
5.242754678483047215e+00
5.382302153487154683e+00
6.056117468442290708e+00
6.973112494704038156e+00
8.229633722962212516e+00
9.854382600410737325e+00
1.186615957031106916e+01
1.468287631188682418e+01
1.849942254512105677e+01
1.946656520820281244e+01
1.957287699130957392e+01
1.822902729897212026e+01
1.354768310954179888e+01
1.063988770647808124e+01
8.065210607483148664e+00
5.654929550652197712e+00
3.492189121407141883e+00
1.679172704472226885e+00
2.242608192429644820e-01
0.000000000000000000e+00
0.000000000000000000e+00
0.000000000000000000e+00
0.000000000000000000e+00
1.155911334661973155e+00
3.210139292864238936e+00
5.898168041264304939e+00
9.563997545985831295e+00
1.759294931188371081e+01
2.131583932770005418e+01
2.382767156021321142e+01
2.552837617144590254e+01
2.695671553407903076e+01
2.814185509280095587e+01
2.900240126422196951e+01
2.955035762419650780e+01
2.987708887257166879e+01
3.021765542023721451e+01
3.101274506161604450e+01
3.103868000426626139e+01
3.095470992076135630e+01
3.127793654507380339e+01
3.203923332597275930e+01
3.175900571674162265e+01
3.149945687586962606e+01
3.125898272587275528e+01
3.097964972281932816e+01
3.065398020615851493e+01
3.097863360483938067e+01
3.080639833233868075e+01
3.084296741541086462e+01
3.059695404609407987e+01
3.114289196237715984e+01
3.097066617831377044e+01
3.077587405370791629e+01
3.050189226080107829e+01
3.028992626341112882e+01
3.013297385125755312e+01
3.000128641149715492e+01
2.972345533587142086e+01
2.952068014329804058e+01
2.904180458916586716e+01
2.849972776079168568e+01
2.825727587164801946e+01
2.790767645378601003e+01
2.746780961760127937e+01
2.749406483459054584e+01
2.743002334992249303e+01
2.580442565375282271e+01
2.308728989535650555e+01
2.142065047084784979e+01
2.030734720585859066e+01
1.853596965928506890e+01
1.717530027522964886e+01
1.600363196784209663e+01
1.497693817568962515e+01
1.388132575816998759e+01
1.270216558472156443e+01
1.128321749869729373e+01
1.010240722403294988e+01
8.735210398396350939e+00
7.342360399531078663e+00
5.472095497937845110e+00
3.617232307884711062e+00
1.684058212367956386e+00
0.000000000000000000e+00
0.000000000000000000e+00
0.000000000000000000e+00
0.000000000000000000e+00
0.000000000000000000e+00
0.000000000000000000e+00
0.000000000000000000e+00
0.000000000000000000e+00
0.000000000000000000e+00
0.000000000000000000e+00
0.000000000000000000e+00
0.000000000000000000e+00
0.000000000000000000e+00
0.000000000000000000e+00
2.770678615526607658e+00
9.881465696108561403e+00
1.786725359473492247e+01
2.135647782369482428e+01
2.385053898684830287e+01
2.584579339185218672e+01
2.740005114365216343e+01
2.870807397995642418e+01
2.981990876962298387e+01
3.080369669789287101e+01
3.159755275099248095e+01
3.223940792323944748e+01
3.289229523346813266e+01
3.349603164569857938e+01
3.398019332803824710e+01
3.417602259546089982e+01
3.434259222099151287e+01
3.439347727522624609e+01
3.429142224237729408e+01
3.392815611019337041e+01
3.342410795105053012e+01
3.284875261786268652e+01
3.219119712149676360e+01
3.141399086914612582e+01
3.064374160378677914e+01
2.973885865779307025e+01
2.880338800284895484e+01
2.776582667771565482e+01
2.656738779123408278e+01
2.512035831920031370e+01
2.339022158972866805e+01
2.111202870187867475e+01
1.757928200728267498e+01
1.200103946752486550e+01
9.670147022708452056e+00
7.977356475791039792e+00
6.800332886813921007e+00
6.118851077782932357e+00
5.752198239760732967e+00
5.809843185182621106e+00
6.202946858048704826e+00
6.959651711313693312e+00
7.975822810975155441e+00
9.286163582793806270e+00
1.078307068253510437e+01
1.253259467696452312e+01
1.481838529207129440e+01
1.769066299684956434e+01
1.845606816041938814e+01
1.821415976388190217e+01
1.640490395644534161e+01
1.292732344107050224e+01
1.058746811408286703e+01
8.195497317428907635e+00
5.902400931056096312e+00
3.614080874875346794e+00
1.494816321379509150e+00
0.000000000000000000e+00
0.000000000000000000e+00
0.000000000000000000e+00
0.000000000000000000e+00
0.000000000000000000e+00
0.000000000000000000e+00
0.000000000000000000e+00
2.071497515865231343e+00
5.371621964607525612e+00
1.006130915651485580e+01
1.926522265768943143e+01
2.286559094840653472e+01
2.533759602942763323e+01
2.699414156942730614e+01
2.849702987528881337e+01
2.940462123252084226e+01
2.992320911471458089e+01
3.017979520781841885e+01
3.031297714032949386e+01
3.035994237205612833e+01
3.068195705302538911e+01
3.135337404816002760e+01
3.153401116792711534e+01
3.167491784348391803e+01
3.167100894414637935e+01
3.235155243622740073e+01
3.352899263269047481e+01
3.390956616393874157e+01
3.368199301778924593e+01
3.344411650809813352e+01
3.313703676104868379e+01
3.266989617462096618e+01
3.224717000812198364e+01
3.215084575656572952e+01
3.175411798366960170e+01
3.102744753272264688e+01
3.007399244377702274e+01
2.898730763660455167e+01
2.763063474721299428e+01
2.613744637479414834e+01
2.278643933856070447e+01
2.192476383215722535e+01
2.140421220751298392e+01
2.062283770671258054e+01
1.986189888098570577e+01
1.906074008002507725e+01
1.786355688027445154e+01
1.693702750949615421e+01
1.658609648217458954e+01
1.622171495936020591e+01
1.574199961931064706e+01
1.551672370167973369e+01
1.490488977800853654e+01
1.450161127830947194e+01
1.385252469534365360e+01
1.317003747631892452e+01
1.253711385291206426e+01
1.183179483257997688e+01
1.107014271467848054e+01
1.015728036845708715e+01
9.110546259448351947e+00
6.911077894770922825e+00
5.006850221662469735e+00
3.328258117756030643e+00
1.775110768500960390e+00
4.133022253135365531e-02
0.000000000000000000e+00
0.000000000000000000e+00
0.000000000000000000e+00
0.000000000000000000e+00
0.000000000000000000e+00
0.000000000000000000e+00
0.000000000000000000e+00
0.000000000000000000e+00
0.000000000000000000e+00
0.000000000000000000e+00
0.000000000000000000e+00
0.000000000000000000e+00
0.000000000000000000e+00
0.000000000000000000e+00
1.815538800440112954e-01
4.932008843142996035e+00
1.440381588823901637e+01
1.816279314424744840e+01
2.078355684187307872e+01
2.266780307956110718e+01
2.413655126940066609e+01
2.524960378446128573e+01
2.623266569863490716e+01
2.710668885676579976e+01
2.790740726233976687e+01
2.866110006606754723e+01
2.930932765266953766e+01
3.003078547192407655e+01
3.083591014396146335e+01
3.167961429893623304e+01
3.243955339365506063e+01
3.310110010592605789e+01
3.362951031572805505e+01
3.398113052303504844e+01
3.403472378656603325e+01
3.405482593569238503e+01
3.384054375709680329e+01
3.364043446257802827e+01
3.334641366704733656e+01
3.298851115021137304e+01
3.253601947481205059e+01
3.203943023716277594e+01
3.137478425503256574e+01
3.044402786606094580e+01
2.942908050331011438e+01
2.832527885268029877e+01
2.714077543023263672e+01
2.577863365488764913e+01
2.412913456357987130e+01
2.217944441479002649e+01
1.979693910121658362e+01
1.453026885825973835e+01
1.180115913635426850e+01
1.010062967888714525e+01
8.967785447728786608e+00
8.329066156422570089e+00
8.184568804517201812e+00
8.531107549964819015e+00
9.443336566105783092e+00
1.083273736208968430e+01
1.302980548925603976e+01
1.798517587580744248e+01
2.053898607524101294e+01
2.186406293419729607e+01
2.249559601159948841e+01
2.246347085971901336e+01
2.135203507536634859e+01
1.860466238261994221e+01
1.205767427074664866e+01
8.734802782830609402e+00
5.584632323231472739e+00
2.865228848698270436e+00
1.935738076305333344e-01
0.000000000000000000e+00
0.000000000000000000e+00
0.000000000000000000e+00
0.000000000000000000e+00
0.000000000000000000e+00
0.000000000000000000e+00
1.143822729700944008e+00
4.130512819565162808e+00
7.598369813070461554e+00
1.391923767052386474e+01
2.056456157643546945e+01
2.347260706557693055e+01
2.530413533712291141e+01
2.675572100547740106e+01
2.766644014318345057e+01
2.825965351268021308e+01
2.868041409897727334e+01
2.902368253949357779e+01
2.956848202472971110e+01
2.976471623196747629e+01
2.971439741026726011e+01
2.974254192542349173e+01
2.997330288631093964e+01
3.008496536485569806e+01
3.000271851832562220e+01
2.993756182628135676e+01
2.966999460273796529e+01
2.930486533197721144e+01
2.975367236128265347e+01
2.939260216678713178e+01
2.868034787380648964e+01
2.798633741457567581e+01
2.758406960950966536e+01
2.877003953996222663e+01
2.820952549721972247e+01
2.789931774594660041e+01
2.755795672318992473e+01
2.805106797431945154e+01
2.791794851017948531e+01
2.838474521842681497e+01
2.940526967220642263e+01
3.022672850002827616e+01
3.102942225116013475e+01
3.150936276262229896e+01
3.176962090610259537e+01
3.189012372255537642e+01
3.175925566929504384e+01
3.119960549802735628e+01
3.009709158382969107e+01
2.687914898599039049e+01
2.488852813902629890e+01
2.314448535803750673e+01
2.142774821383123651e+01
1.873437367136464715e+01
1.706618706578364453e+01
1.528115756538426595e+01
1.374912515511065969e+01
1.160409576603807302e+01
1.031263594324722987e+01
8.978553704826431670e+00
7.094090193645871345e+00
5.320671777316026585e+00
3.333856772188497963e+00
1.696127162194927429e+00
1.958889595935300321e-01
0.000000000000000000e+00
0.000000000000000000e+00
0.000000000000000000e+00
0.000000000000000000e+00
0.000000000000000000e+00
0.000000000000000000e+00
0.000000000000000000e+00
0.000000000000000000e+00
0.000000000000000000e+00
0.000000000000000000e+00
0.000000000000000000e+00
0.000000000000000000e+00
0.000000000000000000e+00
0.000000000000000000e+00
2.696719878785097890e+00
1.207346477973135812e+01
1.793597714787496145e+01
2.129376480908907254e+01
2.393516801554422813e+01
2.590840644610162968e+01
2.768250604914885926e+01
2.897137894493006627e+01
3.013170338770329693e+01
3.106593605357844012e+01
3.198002378483340280e+01
3.281967847147604544e+01
3.360532554339651767e+01
3.431727869218238425e+01
3.493152913692151174e+01
3.541215723796681658e+01
3.566029039556876512e+01
3.574516840700272979e+01
3.551161444193601113e+01
3.509473644409363402e+01
3.433615269760578315e+01
3.351285334597233856e+01
3.243192732089729446e+01
3.132457590770190237e+01
3.020098863428885139e+01
2.913290010527409990e+01
2.791567702284510233e+01
2.692502036384744457e+01
2.582258744460615318e+01
2.493776446283270687e+01
2.387694853042534149e+01
2.264088713266451336e+01
2.096006914995160031e+01
1.864716704312920825e+01
1.304700385092641390e+01
1.046674968389904414e+01
8.483954158392501554e+00
7.048023879103322287e+00
5.923773755127855978e+00
5.241758925898909460e+00
4.924863674162897276e+00
5.015012946979465980e+00
5.654884360213387140e+00
6.634904536329522706e+00
8.217412829297520815e+00
1.006772671416353582e+01
1.295957702716131266e+01
1.821619443120359350e+01
2.069207702678615846e+01
2.222737756317578217e+01
2.282660488694738987e+01
2.256972273167802001e+01
2.114552815479768810e+01
1.742302426620632971e+01
1.100825473366716700e+01
7.572712489630189836e+00
4.220880519553440458e+00
1.371364085305572855e+00
0.000000000000000000e+00
0.000000000000000000e+00
0.000000000000000000e+00
0.000000000000000000e+00
0.000000000000000000e+00
0.000000000000000000e+00
0.000000000000000000e+00
2.009354886867998680e+00
6.777137590489617835e+00
1.705174716037524618e+01
2.300416222395519839e+01
2.599123459737178976e+01
2.829021659360492080e+01
2.987276434951169790e+01
3.125608536278288696e+01
3.219861406526788983e+01
3.300936503537338496e+01
3.295991552935882396e+01
3.286782655602382874e+01
3.269865080735340257e+01
3.249022021834887397e+01
3.235554099064457034e+01
3.227281095262898702e+01
3.226809475953638895e+01
3.235642798982894419e+01
3.233996492290783920e+01
3.248129344276715358e+01
3.233067659468149202e+01
3.211250625613045884e+01
3.169218303018172023e+01
3.139610896740402168e+01
3.091910618856977067e+01
3.021022455820257591e+01
2.971469426053054264e+01
2.865575577803297591e+01
2.820046758205577930e+01
2.678728402283014276e+01
2.541486945075079973e+01
2.147988731059476919e+01
1.942169855973617842e+01
1.810127132603660272e+01
1.747043575359064960e+01
1.684816648424142471e+01
1.648948452515350738e+01
1.637269914687792749e+01
1.667721407596367200e+01
1.637736541599645790e+01
1.670867363732946842e+01
1.667190810222199104e+01
1.646061792313498984e+01
1.682373896734234364e+01
1.696791400392997673e+01
1.652358475696859585e+01
1.578106404428969434e+01
1.507190941743300705e+01
1.395636940903319712e+01
1.289511494294171357e+01
1.197269842054994982e+01
1.106881588316986509e+01
1.022751005285063464e+01
9.251763514562926005e+00
8.053207946418513785e+00
6.640501078306465743e+00
5.187683654261225463e+00
3.316102471225836901e+00
9.755934618608197439e-01
0.000000000000000000e+00
0.000000000000000000e+00
0.000000000000000000e+00
0.000000000000000000e+00
0.000000000000000000e+00
0.000000000000000000e+00
0.000000000000000000e+00
0.000000000000000000e+00
0.000000000000000000e+00
0.000000000000000000e+00
0.000000000000000000e+00
0.000000000000000000e+00
0.000000000000000000e+00
1.773652804622650736e-01
5.510211966358199653e+00
1.482147584673332830e+01
1.886272562170716327e+01
2.132985741056685214e+01
2.328494193688342406e+01
2.468204955534254097e+01
2.591301681962207937e+01
2.702006885110302647e+01
2.806610101789872758e+01
2.906885901038530307e+01
3.006625810570868751e+01
3.098811993269623244e+01
3.199408433688151732e+01
3.290795006338139927e+01
3.374369963399945505e+01
3.439898580323079358e+01
3.486935972178716980e+01
3.509648663013393133e+01
3.485489401573556734e+01
3.440796177330444294e+01
3.358581679209752480e+01
3.265756291552245472e+01
3.149913373024741148e+01
3.035399690431153275e+01
2.905690401223210984e+01
2.788772880282795796e+01
2.667818964597437770e+01
2.554708076105209713e+01
2.443485948852809386e+01
2.347789214171579530e+01
2.262343969196234639e+01
2.189582522263187769e+01
2.103022382957416525e+01
2.009864015844634011e+01
1.877486813020193424e+01
1.700931865251692798e+01
1.340813852998696554e+01
1.206517827502520923e+01
1.118876197507379011e+01
1.079657941923075271e+01
1.079881376648746816e+01
1.120535527212624771e+01
1.207848519115667685e+01
1.352493605615408434e+01
1.726585776698984276e+01
1.900807134470941406e+01
2.024332839521923333e+01
2.106416414350208655e+01
2.144382620278266671e+01
2.149380455380840260e+01
2.105273860685522180e+01
1.988810086109107900e+01
1.653397482897537074e+01
1.192936658277277751e+01
8.973239635277387549e+00
6.373195313637105563e+00
3.725919234104408950e+00
1.393754430011427736e+00
0.000000000000000000e+00
0.000000000000000000e+00
0.000000000000000000e+00
0.000000000000000000e+00
0.000000000000000000e+00
0.000000000000000000e+00
0.000000000000000000e+00
0.000000000000000000e+00
2.519811902957909577e+00
6.622331588756747323e+00
1.665843633677240732e+01
2.166298080014545846e+01
2.490737879956972733e+01
2.717647334557931060e+01
2.909671521567237207e+01
3.050815855880759386e+01
3.123633669908484833e+01
3.150344820460747641e+01
3.147164094017002611e+01
3.127375731036627471e+01
3.106252895540195880e+01
3.073749407613576068e+01
3.042646450105884881e+01
3.056468189122207590e+01
3.051433299454910753e+01
3.019606218052830116e+01
2.975841411770883838e+01
2.944524879970050790e+01
2.885172957939851912e+01
2.827713280573882315e+01
2.750480971500837413e+01
2.670197047425441284e+01
2.589976231062798462e+01
2.531571205512189238e+01
2.418361602006299194e+01
2.289437276589184478e+01
2.175304102572823339e+01
1.887762119958473761e+01
1.801599510864274478e+01
1.747304416668330518e+01
1.757548803311918562e+01
1.780589858904081524e+01
1.861386224044667159e+01
1.863521035644700063e+01
1.888989899286129415e+01
1.906717224529549171e+01
1.899313136612014574e+01
1.910922788188673138e+01
1.915033766837963469e+01
1.876557530671862395e+01
1.850986351454973544e+01
1.849203955468498961e+01
1.781044251927464117e+01
1.692545516997726907e+01
1.591181912549658684e+01
1.498696475044457799e+01
1.372733999150120354e+01
1.291853997160554179e+01
1.203880144083464110e+01
1.128082152625190027e+01
1.024709759576500367e+01
9.284939106144443954e+00
7.815297377454354155e+00
6.918024745713950985e+00
5.799949606269266589e+00
4.665504394867868498e+00
3.579908435740148498e+00
1.940009447605111070e+00
3.098170519018950131e-02
0.000000000000000000e+00
0.000000000000000000e+00
0.000000000000000000e+00
0.000000000000000000e+00
0.000000000000000000e+00
0.000000000000000000e+00
0.000000000000000000e+00
0.000000000000000000e+00
0.000000000000000000e+00
0.000000000000000000e+00
0.000000000000000000e+00
0.000000000000000000e+00
0.000000000000000000e+00
0.000000000000000000e+00
4.105551422839056386e+00
1.422608837803232618e+01
1.847530116950849788e+01
2.169106709662220567e+01
2.411928900535085063e+01
2.639907881712726834e+01
2.837377924734389367e+01
2.995577405077544242e+01
3.125611544982360712e+01
3.244248809043770621e+01
3.346009243316312620e+01
3.443642629879195738e+01
3.528374741311920815e+01
3.601448791760636681e+01
3.657835381319510049e+01
3.691371381462110435e+01
3.705849827696792431e+01
3.682493877563661044e+01
3.646604563430071266e+01
3.578434495339080712e+01
3.492864631895406546e+01
3.379081405884355860e+01
3.258325276994223429e+01
3.120695290978555292e+01
2.989034391412549141e+01
2.842546886546692875e+01
2.694396243556391468e+01
2.559749477776093585e+01
2.460100694949305833e+01
2.364685599627790324e+01
2.288776262762621272e+01
2.197234523470924117e+01
2.093418456758197976e+01
1.965628559833515965e+01
1.792227158970501932e+01
1.408230787152327501e+01
1.263210643791786936e+01
1.138553472510069930e+01
1.034394871059797794e+01
9.491793987891531614e+00
8.955186517198931995e+00
8.705648601460421077e+00
8.789701815900439641e+00
9.284964954196540887e+00
1.008014058393393242e+01
1.129836738691201603e+01
1.285234415952916720e+01
1.497213551471158155e+01
1.824199920656086960e+01
1.890674232879261396e+01
1.817484923496665417e+01
1.407339157976543831e+01
1.145238178596454937e+01
8.640910466630334241e+00
6.113515125859292354e+00
3.400554576813293206e+00
8.094066937082999846e-01
0.000000000000000000e+00
0.000000000000000000e+00
0.000000000000000000e+00
0.000000000000000000e+00
0.000000000000000000e+00
0.000000000000000000e+00
3.358471382127949934e-01
3.771586720895651723e+00
8.724704146784045378e+00
1.902202443823141920e+01
2.386159199756754390e+01
2.691603628518770819e+01
2.923480637513952729e+01
3.121046579836577450e+01
3.255453081139752669e+01
3.307833764329224380e+01
3.352416227641584356e+01
3.346293441102815081e+01
3.335649765792328481e+01
3.311534871236705158e+01
3.277527928466579965e+01
3.261591756092872174e+01
3.273980693423055044e+01
3.466311244784912304e+01
3.478184867125955293e+01
3.490409518248290510e+01
3.446401517562961203e+01
3.391685593541799904e+01
3.331247975431188735e+01
3.260641545346930315e+01
3.174277634214688959e+01
3.083499942754809453e+01
2.980825574742292616e+01
2.892568713096942190e+01
2.745453944309181793e+01
2.546923674034147567e+01
2.173198229356497535e+01
2.024286764651659709e+01
1.937301281997188340e+01
1.854734831247971272e+01
1.800434872380116857e+01
1.738953844932644444e+01
1.666139425887323000e+01
1.489398561369789498e+01
1.413666719896428425e+01
1.318863058873185956e+01
1.306302366070972454e+01
1.277196991359973666e+01
1.240991753345577209e+01
1.209438966351809697e+01
1.177256172702830028e+01
1.134443798478073262e+01
1.094194936998500722e+01
1.038681069631365972e+01
9.916594423072412567e+00
9.365274128681161159e+00
8.674577843399928767e+00
8.066288004947150370e+00
7.112670713378254739e+00
6.456323937954553394e+00
5.421917473276284483e+00
4.529251622643843511e+00
3.547170040744966890e+00
2.470536991106877522e+00
9.741641347667195916e-01
0.000000000000000000e+00
0.000000000000000000e+00
0.000000000000000000e+00
0.000000000000000000e+00
0.000000000000000000e+00
0.000000000000000000e+00
0.000000000000000000e+00
0.000000000000000000e+00
0.000000000000000000e+00
0.000000000000000000e+00
0.000000000000000000e+00
0.000000000000000000e+00
0.000000000000000000e+00
0.000000000000000000e+00
0.000000000000000000e+00
2.004547017862881475e+00
7.995752479264275792e+00
1.646111962194122924e+01
1.985778232159424306e+01
2.239714720234177747e+01
2.428644128079775300e+01
2.581778496615147844e+01
2.700258881615881634e+01
2.801543866931188020e+01
2.886915463888685451e+01
2.965071208105650769e+01
3.037934901099576734e+01
3.107695751952185148e+01
3.173971903393172411e+01
3.247085622748760869e+01
3.303918104284297641e+01
3.361765232609652543e+01
3.403182094515131695e+01
3.434260808291663380e+01
3.399585250163281813e+01
3.385402369060840044e+01
3.332119635099082444e+01
3.289475166583051191e+01
3.230347931120167715e+01
3.155896468040398162e+01
3.077258847182067569e+01
2.988213274882706827e+01
2.900359868045144651e+01
2.807276843551553824e+01
2.714899916384777256e+01
2.614952348844804675e+01
2.510253143629120487e+01
2.389330000379314356e+01
2.260669220119485701e+01
2.094545173111671232e+01
1.918598832440927993e+01
1.655874478450473930e+01
1.265001920382896294e+01
1.110566570482982129e+01
1.014586956007948793e+01
9.554394936620457912e+00
9.341827727432068684e+00
9.445876614166916596e+00
9.896284885971125433e+00
1.075719900978809029e+01
1.217620355397399479e+01
1.509690089275141922e+01
1.886675886177393480e+01
2.074571753965136622e+01
2.213874560277042036e+01
2.303749125892673177e+01
2.338378949029364406e+01
2.306002124852984281e+01
2.213090706505728278e+01
1.931824168851528967e+01
1.272995323635217524e+01
9.096815403491369523e+00
5.999145410649222576e+00
3.188814052023217549e+00
8.629403827863686427e-01
0.000000000000000000e+00
0.000000000000000000e+00
0.000000000000000000e+00
0.000000000000000000e+00
0.000000000000000000e+00
3.722437434476448814e-01
2.925308363606061057e+00
6.232284518762857495e+00
1.127795642509816432e+01
2.044915070960362868e+01
2.419411685699849457e+01
2.676537331760100358e+01
2.867747926702533690e+01
2.971936792553811202e+01
3.074764665579807499e+01
3.124879858144109335e+01
3.140304137545442842e+01
3.151716010988874572e+01
3.135172702115447407e+01
3.096837513484420512e+01
3.053621938419277271e+01
3.002460833378930971e+01
2.957434659120362497e+01
2.919708701456697497e+01
2.883248774565544537e+01
2.852356630247129488e+01
2.809746644927037096e+01
2.796983075486396331e+01
2.864004804848280727e+01
2.928263295800491051e+01
2.916240750641699009e+01
2.859764417797849489e+01
2.773953057733841732e+01
2.718548427248196120e+01
2.613750993526269895e+01
2.469569725775851410e+01
2.134209538440731180e+01
1.972603181491255953e+01
1.927395111392028326e+01
1.888608027802991174e+01
1.865140522906137122e+01
1.830643593825852733e+01
1.836719742508851283e+01
1.867627448207922924e+01
1.899919438234430302e+01
1.927583783405697204e+01
1.915200253484168158e+01
1.890043809558142840e+01
1.837115061623694601e+01
1.779108489519302339e+01
1.697641405149568783e+01
1.643395935861102686e+01
1.588422642319843092e+01
1.505143237723797611e+01
1.414070786894109055e+01
1.330842843825046984e+01
1.246025318436661777e+01
1.154762903183229383e+01
1.011353028904981777e+01
8.909967630805848415e+00
7.460906466295500472e+00
6.397178804399782592e+00
4.960932957993901660e+00
3.140560135233537942e+00
9.203467373694307341e-01
0.000000000000000000e+00
0.000000000000000000e+00
0.000000000000000000e+00
0.000000000000000000e+00
0.000000000000000000e+00
0.000000000000000000e+00
0.000000000000000000e+00
0.000000000000000000e+00
0.000000000000000000e+00
0.000000000000000000e+00
0.000000000000000000e+00
0.000000000000000000e+00
0.000000000000000000e+00
0.000000000000000000e+00
0.000000000000000000e+00
0.000000000000000000e+00
2.806234927932802936e+00
1.196365251852003020e+01
1.684893605076441503e+01
1.995082154183279144e+01
2.227910956233730388e+01
2.416439304731792603e+01
2.569255363135404835e+01
2.712949254209588190e+01
2.833371054434089586e+01
2.950512039270792286e+01
3.053202533273241315e+01
3.150203812513266399e+01
3.247928278838146099e+01
3.344074900387191462e+01
3.432057736543929138e+01
3.503176222917333860e+01
3.560659882982967162e+01
3.604604039912964453e+01
3.625867684282790293e+01
3.613345281297565492e+01
3.581442325433036444e+01
3.524123372074134863e+01
3.450858004122547840e+01
3.360723293479461660e+01
3.259031289293152867e+01
3.146495723429585567e+01
3.029671963642416443e+01
2.888704033773024449e+01
2.752891809235539711e+01
2.592959740570676175e+01
2.441784898965828177e+01
2.268531455573237565e+01
2.053861718052490559e+01
1.707766716765283022e+01
1.220157284310724854e+01
1.017522362593845564e+01
8.759097023481572819e+00
7.841331796303013135e+00
7.326086422080469340e+00
7.253669771278905998e+00
7.551450411224518433e+00
8.322281749119001759e+00
9.590644324479292493e+00
1.114438770805241141e+01
1.332676329513037849e+01
1.759040808017461543e+01
1.966580829842548894e+01
2.090746044411996252e+01
2.129075934140248805e+01
2.111935880166365465e+01
2.033608301222167825e+01
1.845399889116627890e+01
1.370581266034527701e+01
1.108159857734793796e+01
8.735592440172597506e+00
6.489131198888296481e+00
4.368939316721018429e+00
2.402970162650330366e+00
7.217710460706183717e-01
0.000000000000000000e+00
0.000000000000000000e+00
0.000000000000000000e+00
0.000000000000000000e+00
0.000000000000000000e+00
1.237128189384672394e+00
3.439521221030266585e+00
6.332417724704511919e+00
1.039311687957922636e+01
1.900842863205592792e+01
2.268194130621579774e+01
2.512347028406619032e+01
2.697384476241827400e+01
2.851680355482159257e+01
2.988013975319240956e+01
3.052977899085733071e+01
3.098400380296358847e+01
3.132412774030260394e+01
3.182793105957831870e+01
3.243699374641479238e+01
3.285422865140529325e+01
3.303903511314881314e+01
3.306070038180796189e+01
3.305876725411140882e+01
3.304414609096976818e+01
3.307007628718707792e+01
3.296889524192134502e+01
3.275433460747211001e+01
3.244818249766981211e+01
3.194548317717764263e+01
3.133443793822995360e+01
3.183109574046416057e+01
3.138068686757505077e+01
3.080328307804185783e+01
2.986021464498503875e+01
2.892383770066220805e+01
2.831935861162870083e+01
2.675940111102143959e+01
2.293496208782979906e+01
2.132199256634265438e+01
2.009475058284778726e+01
1.942111018259333832e+01
1.890478221211196086e+01
1.840826640106880063e+01
1.809440102538226824e+01
1.760725109538051925e+01
1.757784565359074946e+01
1.715164092939554052e+01
1.655888086588096897e+01
1.594194645467465676e+01
1.529361053418411842e+01
1.383495275241147127e+01
1.298751093603373796e+01
1.185258965572862877e+01
1.102319479552213011e+01
1.008492739738419530e+01
8.638763905134197785e+00
7.327912539119308732e+00
6.539084416016292423e+00
5.540779332846478056e+00
4.575614286881091175e+00
2.952253923003458347e+00
1.399733304027590997e+00
0.000000000000000000e+00
0.000000000000000000e+00
0.000000000000000000e+00
0.000000000000000000e+00
0.000000000000000000e+00
0.000000000000000000e+00
0.000000000000000000e+00
0.000000000000000000e+00
0.000000000000000000e+00
0.000000000000000000e+00
0.000000000000000000e+00
0.000000000000000000e+00
0.000000000000000000e+00
0.000000000000000000e+00
0.000000000000000000e+00
3.105676580451055102e+00
9.345824526183001524e+00
1.681380704670802473e+01
2.002596756038240144e+01
2.237177450020237046e+01
2.424795930463305993e+01
2.579639378748523271e+01
2.707927265775412806e+01
2.818748603948715470e+01
2.907889257703670083e+01
2.991823382304868417e+01
3.062022812947555650e+01
3.125652568607478443e+01
3.175552895655749452e+01
3.211894138306310964e+01
3.226947654041774172e+01
3.216767029463174055e+01
3.193945143303620071e+01
3.148053567525367669e+01
3.073229521823263966e+01
3.002085653002769661e+01
2.914098129077548904e+01
2.830446716447384858e+01
2.746203018314090372e+01
2.666518780260351562e+01
2.591025385292147476e+01
2.516067294372384922e+01
2.458262690033521380e+01
2.406554153482899494e+01
2.352759303086415343e+01
2.292756695463095085e+01
2.219779221118770351e+01
2.127326260933600466e+01
2.008458059939126272e+01
1.854082817815853090e+01
1.605033978149769780e+01
1.222011457829155390e+01
1.070881551497239137e+01
9.762675264749681503e+00
9.245449354460482994e+00
9.098234303205982698e+00
9.524879216342023724e+00
1.026652577924231480e+01
1.154780106148694685e+01
1.368084087041904873e+01
1.798502686481057111e+01
1.974536459458566995e+01
2.101447550519019458e+01
2.180627018430040209e+01
2.213312495053531492e+01
2.187878577275098024e+01
2.086422010744444222e+01
1.856308226426766694e+01
1.225352144900241136e+01
8.910059794946736389e+00
5.812312461155850762e+00
3.147956510624235094e+00
6.169083792401988120e-01
0.000000000000000000e+00
0.000000000000000000e+00
0.000000000000000000e+00
0.000000000000000000e+00
0.000000000000000000e+00
0.000000000000000000e+00
1.061435012335982808e+00
4.241943905821999650e+00
8.699407897045514204e+00
1.874683387715948868e+01
2.339864601263159472e+01
2.638161380878586826e+01
2.845222214974302233e+01
2.987571424176170609e+01
3.079913524175554329e+01
3.121361539838382981e+01
3.137650774679972798e+01
3.136597142229695478e+01
3.130961616923813651e+01
3.163963584229065518e+01
3.218720404429086557e+01
3.203072056447874871e+01
3.185019697562917784e+01
3.173389024992215113e+01
3.154959129350005043e+01
3.133053471471669127e+01
3.151842829880651209e+01
3.111734372814401794e+01
3.071611463959013477e+01
3.024572388168934722e+01
2.981331884503046226e+01
3.021345258753236607e+01
2.993741021147321035e+01
2.992601175780363221e+01
2.962678673370464466e+01
2.973416428171032067e+01
2.942394260668012862e+01
2.933487227201102243e+01
2.916403778446487394e+01
2.906825723791050820e+01
2.955756563980826002e+01
2.955710510644885858e+01
2.994240931488983648e+01
2.965740902908670762e+01
2.909824495803312061e+01
2.840581663908709231e+01
2.715869530690360989e+01
2.475327261205554308e+01
2.436009918574043098e+01
2.389962487697291493e+01
2.306059426297938586e+01
2.167462461770704962e+01
2.072236895118030375e+01
1.964804880646563845e+01
1.887114211237393491e+01
1.791917722528717150e+01
1.734528440133787441e+01
1.669605036284680466e+01
1.613833591943845036e+01
1.545053219753597418e+01
1.399765969577757652e+01
1.302623120645198718e+01
1.139101254659289353e+01
1.000978797071493531e+01
8.635627086632322147e+00
6.917199280203979228e+00
5.118944848360307276e+00
2.953453250645692307e+00
0.000000000000000000e+00
0.000000000000000000e+00
0.000000000000000000e+00
0.000000000000000000e+00
0.000000000000000000e+00
0.000000000000000000e+00
0.000000000000000000e+00
0.000000000000000000e+00
0.000000000000000000e+00
0.000000000000000000e+00
0.000000000000000000e+00
0.000000000000000000e+00
4.959930654863085042e-01
4.510844637715236694e+00
1.067751043249187326e+01
1.774523638669151282e+01
2.067051861612417696e+01
2.289531808403187441e+01
2.465680910057838204e+01
2.619398517168844620e+01
2.750626307700510864e+01
2.867939084996287491e+01
2.969331864727774928e+01
3.064733752732958649e+01
3.145936832042410813e+01
3.214766608196766384e+01
3.269793715787776733e+01
3.304355150595610979e+01
3.321529074443395047e+01
3.321835794212265824e+01
3.301881448217562820e+01
3.248267541177646223e+01
3.185521296631887012e+01
3.085512299696251404e+01
3.009359369765832071e+01
2.926001554866554244e+01
2.858412811604537396e+01
2.794924816280696334e+01
2.738338940342593375e+01
2.681485730922280197e+01
2.620690870281165985e+01
2.543534197396656893e+01
2.449354089944791824e+01
2.308539285388566142e+01
2.117631384803773997e+01
1.811652790001570423e+01
1.235376786772997093e+01
9.751473400205457054e+00
7.916666091370879954e+00
6.518218599725221551e+00
5.586370323626962175e+00
5.170107948512691287e+00
5.298403416595968807e+00
6.025095876005558182e+00
7.359452718687349737e+00
9.519148897529328579e+00
1.271219857986249124e+01
1.960468463031720177e+01
2.239582101770189837e+01
2.421572105364577254e+01
2.515389239188438708e+01
2.530284437946228948e+01
2.457050329755921680e+01
2.261295636935038900e+01
1.845079117976137084e+01
1.040240557092228180e+01
6.458013666575325828e+00
3.165076521467361736e+00
5.309102433204911931e-01
0.000000000000000000e+00
0.000000000000000000e+00
0.000000000000000000e+00
0.000000000000000000e+00
0.000000000000000000e+00
0.000000000000000000e+00
1.993631441543482374e+00
5.382680470647226656e+00
1.024619712803041338e+01
1.932408451621456535e+01
2.313886022712507184e+01
2.554112350407603316e+01
2.730865570719819502e+01
2.846527222055697237e+01
2.961149191132120606e+01
3.037660394894267313e+01
3.077218592752899085e+01
3.105827336847822906e+01
3.111295062426408364e+01
3.108967974397132394e+01
3.102233041670638869e+01
3.094863518913407319e+01
3.079150040136369171e+01
3.063681148228154782e+01
3.045471358536811479e+01
3.024984578176511008e+01
2.984170102436347705e+01
2.953923961328494485e+01
2.909084388975539071e+01
2.870214727199278926e+01
2.851879217630892072e+01
2.862886800253862418e+01
2.818593423697251055e+01
2.791609325956593679e+01
2.757742969161256852e+01
2.715559306344272628e+01
2.598059545487839017e+01
2.449128109217917171e+01
2.137359815231350879e+01
1.908876135201695945e+01
1.768665855030886291e+01
1.675195606476597021e+01
1.574557822728494827e+01
1.513326144027167075e+01
1.499541708275944174e+01
1.435057326949893053e+01
1.371697450177712341e+01
1.335312045368976719e+01
1.281951421908817323e+01
1.228642332171926199e+01
1.163055725623063452e+01
1.087855326654686294e+01
1.019828654213003105e+01
9.480472893539699797e+00
8.515038071862747415e+00
7.381317844907017367e+00
6.650405638203935155e+00
5.944266243283983009e+00
4.888010504109681520e+00
3.912198457920012196e+00
2.801384277199895578e+00
1.533099720516363007e+00
3.681416669455481738e-01
0.000000000000000000e+00
0.000000000000000000e+00
0.000000000000000000e+00
0.000000000000000000e+00
0.000000000000000000e+00
0.000000000000000000e+00
0.000000000000000000e+00
0.000000000000000000e+00
0.000000000000000000e+00
0.000000000000000000e+00
0.000000000000000000e+00
0.000000000000000000e+00
0.000000000000000000e+00
0.000000000000000000e+00
0.000000000000000000e+00
7.587325112805514138e-01
5.727014331347597853e+00
1.587100135076677532e+01
2.001882024202434351e+01
2.320376941157263673e+01
2.559333564498336955e+01
2.761507311956757960e+01
2.918777457192298286e+01
3.050368012708848298e+01
3.154379832359212088e+01
3.240959262194652979e+01
3.314722479754668427e+01
3.377861234008170754e+01
3.428835880505278055e+01
3.470395349824646303e+01
3.506688843997161342e+01
3.528867693746249046e+01
3.528935076865716525e+01
3.506111053601392769e+01
3.469178718264844719e+01
3.388826083096700614e+01
3.302872048750670331e+01
3.194968811913765805e+01
3.102228366660087389e+01
2.999048392627092241e+01
2.905517676486504186e+01
2.814775063994517623e+01
2.744292651517856996e+01
2.683777060598133701e+01
2.636013211567312098e+01
2.581421839913925709e+01
2.527077841228269861e+01
2.449669753743147638e+01
2.342559828272597500e+01
2.189754421439678822e+01
1.968428529813086314e+01
1.388718577094857487e+01
1.092825286021158604e+01
8.741910061017177824e+00
7.499237100241428422e+00
6.329289108662410790e+00
5.702047364857016021e+00
5.394440673370917594e+00
5.725089047601617409e+00
6.434710216323532350e+00
7.555256095340392442e+00
9.210230621388683758e+00
1.119712708580957994e+01
1.407818906872278930e+01
1.882987112161606191e+01
2.043240718254422816e+01
2.083748473104951415e+01
2.012330593341330953e+01
1.751633785120373688e+01
1.197337151084535734e+01
8.883055807866190534e+00
5.883270563202762204e+00
3.277152947812547179e+00
8.347172201319910112e-01
0.000000000000000000e+00
0.000000000000000000e+00
0.000000000000000000e+00
0.000000000000000000e+00
0.000000000000000000e+00
0.000000000000000000e+00
7.149817664698694397e-01
3.877383524281933891e+00
7.937680883090334483e+00
1.753195771572885775e+01
2.196410267259217264e+01
2.489357824638947392e+01
2.680452766904080164e+01
2.820702073594751624e+01
2.966904059798819304e+01
3.049506911863977621e+01
3.109441295188988974e+01
3.186596564659458153e+01
3.200834561748292373e+01
3.200343848971747462e+01
3.183254756032002675e+01
3.163920581945150445e+01
3.159859335699221106e+01
3.156125806894203123e+01
3.141736240811190584e+01
3.157564887121604613e+01
3.138116277573478996e+01
3.104041964457431391e+01
3.067634803889694695e+01
3.020728779176752710e+01
2.983170010647448578e+01
2.934613249443954075e+01
2.928205406464921623e+01
2.886451603268444899e+01
2.801282013240402691e+01
2.783117739063634133e+01
2.703947422941144296e+01
2.662780241660021829e+01
2.553935181904578400e+01
2.432217296598071954e+01
2.177057331243247162e+01
2.095956876124359525e+01
2.062059114877647303e+01
2.031379503738906322e+01
1.998818779907988841e+01
1.959025892767861521e+01
1.967542381806608986e+01
1.966178807230097547e+01
1.953313750340190680e+01
1.929967715691160635e+01
1.929093118143212493e+01
1.889504362848965258e+01
1.836511666879150795e+01
1.779333996527591921e+01
1.732529624616614328e+01
1.641082659649453745e+01
1.569847341607733426e+01
1.444446274340851311e+01
1.359242902282895926e+01
1.241851853200324385e+01
1.148818376503905014e+01
1.017000859274527258e+01
8.729000023746181114e+00
6.963696923101908354e+00
5.579306905604813238e+00
3.775761551593464382e+00
1.785112097899196115e+00
0.000000000000000000e+00
0.000000000000000000e+00
0.000000000000000000e+00
0.000000000000000000e+00
0.000000000000000000e+00
0.000000000000000000e+00
0.000000000000000000e+00
0.000000000000000000e+00
0.000000000000000000e+00
0.000000000000000000e+00
0.000000000000000000e+00
0.000000000000000000e+00
0.000000000000000000e+00
0.000000000000000000e+00
0.000000000000000000e+00
1.793721620421523166e+00
6.888451813834899795e+00
1.499510101992798461e+01
1.852751577369408054e+01
2.075763291293413104e+01
2.263907685433699513e+01
2.404939956170961324e+01
2.535711080657970129e+01
2.644816006766809480e+01
2.754309489517336118e+01
2.843114019141826532e+01
2.938487466350287036e+01
3.023794430822917079e+01
3.104226877449076838e+01
3.162630381336148488e+01
3.212027664397580651e+01
3.243566401625511020e+01
3.258954093395679763e+01
3.258997801901193014e+01
3.219884507924228956e+01
