UNKNOWN
version=1
nRows=100
nColumns=5
inDegrees=no
endheader
time	ankle_angle_l	med_gas_l	soleus_l	tib_ant_l
      0.00000000	    -59.99999993	      0.02979946	      0.02123737	      0.10917545
      1.00000000	    -58.78787872	      0.03008189	      0.02123737	      0.10867837
      2.00000000	    -57.57575751	      0.03038211	      0.02123737	      0.10817090
      3.00000000	    -56.36363630	      0.03070047	      0.02123737	      0.10765316
      4.00000000	    -55.15151509	      0.03103729	      0.02123737	      0.10712523
      5.00000000	    -53.93939388	      0.03139283	      0.02123737	      0.10658722
      6.00000000	    -52.72727267	      0.03176727	      0.02123737	      0.10603923
      7.00000000	    -51.51515146	      0.03216077	      0.02123737	      0.10548137
      8.00000000	    -50.30303025	      0.03257340	      0.02123737	      0.10491376
      9.00000000	    -49.09090903	      0.03300518	      0.02123737	      0.10433650
     10.00000000	    -47.87878782	      0.03345610	      0.02123737	      0.10374971
     11.00000000	    -46.66666661	      0.03392605	      0.02123737	      0.10315351
     12.00000000	    -45.45454540	      0.03441490	      0.02123737	      0.10254802
     13.00000000	    -44.24242419	      0.03492246	      0.02128128	      0.10193337
     14.00000000	    -43.03030298	      0.03544848	      0.02136594	      0.10130967
     15.00000000	    -41.81818177	      0.03599267	      0.02147615	      0.10067706
     16.00000000	    -40.60606056	      0.03655375	      0.02161419	      0.10003566
     17.00000000	    -39.39393935	      0.03713083	      0.02178186	      0.09938561
     18.00000000	    -38.18181814	      0.03772349	      0.02198053	      0.09872703
     19.00000000	    -36.96969693	      0.03833125	      0.02221113	      0.09806008
     20.00000000	    -35.75757572	      0.03895363	      0.02247426	      0.09738162
     21.00000000	    -34.54545451	      0.03959013	      0.02277013	      0.09669485
     22.00000000	    -33.33333330	      0.04024023	      0.02309865	      0.09600025
     23.00000000	    -32.12121208	      0.04090340	      0.02345946	      0.09529795
     24.00000000	    -30.90909087	      0.04157911	      0.02385195	      0.09458810
     25.00000000	    -29.69696966	      0.04226680	      0.02427531	      0.09387085
     26.00000000	    -28.48484845	      0.04296593	      0.02472855	      0.09314632
     27.00000000	    -27.27272724	      0.04367594	      0.02521050	      0.09241469
     28.00000000	    -26.06060603	      0.04439627	      0.02571782	      0.09167609
     29.00000000	    -24.84848482	      0.04512637	      0.02624799	      0.09093067
     30.00000000	    -23.63636361	      0.04586569	      0.02679960	      0.09017858
     31.00000000	    -22.42424240	      0.04661367	      0.02737127	      0.08941999
     32.00000000	    -21.21212119	      0.04736977	      0.02796166	      0.08865504
     33.00000000	    -19.99999998	      0.04813344	      0.02856947	      0.08788390
     34.00000000	    -18.78787877	      0.04890414	      0.02919343	      0.08710671
     35.00000000	    -17.57575756	      0.04968135	      0.02983235	      0.08632364
     36.00000000	    -16.36363634	      0.05046454	      0.03048506	      0.08553486
     37.00000000	    -15.15151513	      0.05125319	      0.03115048	      0.08474052
     38.00000000	    -13.93939392	      0.05204680	      0.03182756	      0.08394079
     39.00000000	    -12.72727271	      0.05284485	      0.03251534	      0.08313585
     40.00000000	    -11.51515150	      0.05364685	      0.03321288	      0.08232585
     41.00000000	    -10.30303029	      0.05445232	      0.03391931	      0.08151098
     42.00000000	     -9.09090908	      0.05526077	      0.03463381	      0.08069141
     43.00000000	     -7.87878787	      0.05607174	      0.03535560	      0.07986732
     44.00000000	     -6.66666666	      0.05688475	      0.03608396	      0.07903888
     45.00000000	     -5.45454545	      0.05769935	      0.03681820	      0.07820630
     46.00000000	     -4.24242424	      0.05851509	      0.03755766	      0.07736975
     47.00000000	     -3.03030303	      0.05933152	      0.03830172	      0.07652943
     48.00000000	     -1.81818182	      0.06014820	      0.03904981	      0.07568554
     49.00000000	     -0.60606061	      0.06096470	      0.03980135	      0.07483828
     50.00000000	      0.60606061	      0.06178060	      0.04055581	      0.07398786
     51.00000000	      1.81818182	      0.06259548	      0.04131266	      0.07313449
     52.00000000	      3.03030303	      0.06340892	      0.04207142	      0.07227840
     53.00000000	      4.24242424	      0.06422051	      0.04283159	      0.07141981
     54.00000000	      5.45454545	      0.06502984	      0.04359270	      0.07055895
     55.00000000	      6.66666666	      0.06583652	      0.04435427	      0.06969606
     56.00000000	      7.87878787	      0.06664015	      0.04511585	      0.06883141
     57.00000000	      9.09090908	      0.06744033	      0.04587697	      0.06796524
     58.00000000	     10.30303029	      0.06823668	      0.04663718	      0.06709784
     59.00000000	     11.51515150	      0.06902881	      0.04739603	      0.06622948
     60.00000000	     12.72727271	      0.06981634	      0.04815305	      0.06536045
     61.00000000	     13.93939392	      0.07059888	      0.04890778	      0.06449107
     62.00000000	     15.15151513	      0.07137608	      0.04965975	      0.06362166
     63.00000000	     16.36363634	      0.07214754	      0.05040444	      0.06275256
     64.00000000	     17.57575756	      0.07291290	      0.05114137	      0.06188412
     65.00000000	     18.78787877	      0.07367179	      0.05187314	      0.06101671
     66.00000000	     19.99999998	      0.07442385	      0.05259919	      0.06015072
     67.00000000	     21.21212119	      0.07516870	      0.05331893	      0.05928658
     68.00000000	     22.42424240	      0.07590600	      0.05403177	      0.05842472
     69.00000000	     23.63636361	      0.07663538	      0.05473711	      0.05756560
     70.00000000	     24.84848482	      0.07735649	      0.05543435	      0.05670972
     71.00000000	     26.06060603	      0.07806897	      0.05612288	      0.05585758
     72.00000000	     27.27272724	      0.07877247	      0.05680210	      0.05500975
     73.00000000	     28.48484845	      0.07946664	      0.05747140	      0.05416680
     74.00000000	     29.69696966	      0.08015115	      0.05813017	      0.05332936
     75.00000000	     30.90909087	      0.08082563	      0.05877783	      0.05249809
     76.00000000	     32.12121208	      0.08148977	      0.05941380	      0.05167369
     77.00000000	     33.33333330	      0.08214322	      0.06003750	      0.05085691
     78.00000000	     34.54545451	      0.08278564	      0.06064839	      0.05004854
     79.00000000	     35.75757572	      0.08341672	      0.06124594	      0.04924943
     80.00000000	     36.96969693	      0.08403612	      0.06182965	      0.04846048
     81.00000000	     38.18181814	      0.08464353	      0.06239904	      0.04768265
     82.00000000	     39.39393935	      0.08523863	      0.06295367	      0.04691696
     83.00000000	     40.60606056	      0.08582111	      0.06349314	      0.04616449
     84.00000000	     41.81818177	      0.08639067	      0.06401705	      0.04542639
     85.00000000	     43.03030298	      0.08694700	      0.06452507	      0.04470387
     86.00000000	     44.24242419	      0.08748981	      0.06501689	      0.04399823
     87.00000000	     45.45454540	      0.08801881	      0.06549225	      0.04331081
     88.00000000	     46.66666661	      0.08853371	      0.06595091	      0.04264306
     89.00000000	     47.87878782	      0.08903425	      0.06639269	      0.04199646
     90.00000000	     49.09090903	      0.08952015	      0.06681742	      0.04137258
     91.00000000	     50.30303025	      0.08999115	      0.06722499	      0.04077305
     92.00000000	     51.51515146	      0.09044306	      0.06761530	      0.04019956
     93.00000000	     52.72727267	      0.09087948	      0.06798828	      0.03965384
     94.00000000	     53.93939388	      0.09130025	      0.06834392	      0.03913765
     95.00000000	     55.15151509	      0.09170516	      0.06868221	      0.03865279
     96.00000000	     56.36363630	      0.09209399	      0.06900316	      0.03820105
     97.00000000	     57.57575751	      0.09246655	      0.06930680	      0.03778421
     98.00000000	     58.78787872	      0.09282265	      0.06959321	      0.03740402
     99.00000000	     59.99999993	      0.09316209	      0.06986244	      0.03706216
