UNKNOWN
version=1
nRows=100
nColumns=5
inDegrees=no
endheader
time	knee_angle_l	med_gas_l	soleus_l	tib_ant_l
      0.00000000	   -119.99999986	      0.05738460	      0.04517987	      0.06875863
      1.00000000	   -118.68686855	      0.05755593	      0.04517987	      0.06875863
      2.00000000	   -117.37373723	      0.05773096	      0.04517987	      0.06875863
      3.00000000	   -116.06060592	      0.05790984	      0.04517987	      0.06875863
      4.00000000	   -114.74747460	      0.05809271	      0.04517987	      0.06875863
      5.00000000	   -113.43434329	      0.05827971	      0.04517987	      0.06875863
      6.00000000	   -112.12121198	      0.05847093	      0.04517987	      0.06875863
      7.00000000	   -110.80808066	      0.05866650	      0.04517987	      0.06875863
      8.00000000	   -109.49494935	      0.05886650	      0.04517987	      0.06875863
      9.00000000	   -108.18181803	      0.05907101	      0.04517987	      0.06875863
     10.00000000	   -106.86868672	      0.05928010	      0.04517987	      0.06875863
     11.00000000	   -105.55555540	      0.05949384	      0.04517987	      0.06875863
     12.00000000	   -104.24242409	      0.05971227	      0.04517987	      0.06875863
     13.00000000	   -102.92929277	      0.05993543	      0.04517987	      0.06875863
     14.00000000	   -101.61616146	      0.06016335	      0.04517987	      0.06875863
     15.00000000	   -100.30303015	      0.06039605	      0.04517987	      0.06875863
     16.00000000	    -98.98989883	      0.06063353	      0.04517987	      0.06875863
     17.00000000	    -97.67676752	      0.06087579	      0.04517987	      0.06875863
     18.00000000	    -96.36363620	      0.06112280	      0.04517987	      0.06875863
     19.00000000	    -95.05050489	      0.06137451	      0.04517987	      0.06875863
     20.00000000	    -93.73737357	      0.06163089	      0.04517987	      0.06875863
     21.00000000	    -92.42424226	      0.06189187	      0.04517987	      0.06875863
     22.00000000	    -91.11111094	      0.06215739	      0.04517987	      0.06875863
     23.00000000	    -89.79797963	      0.06242739	      0.04517987	      0.06875863
     24.00000000	    -88.48484831	      0.06270179	      0.04517987	      0.06875863
     25.00000000	    -87.17171700	      0.06298050	      0.04517987	      0.06875863
     26.00000000	    -85.85858569	      0.06326344	      0.04517987	      0.06875863
     27.00000000	    -84.54545437	      0.06355051	      0.04517987	      0.06875863
     28.00000000	    -83.23232306	      0.06384161	      0.04517987	      0.06875863
     29.00000000	    -81.91919174	      0.06413664	      0.04517987	      0.06875863
     30.00000000	    -80.60606043	      0.06443549	      0.04517987	      0.06875863
     31.00000000	    -79.29292911	      0.06473805	      0.04517987	      0.06875863
     32.00000000	    -77.97979780	      0.06504427	      0.04517987	      0.06875863
     33.00000000	    -76.66666648	      0.06535412	      0.04517987	      0.06875863
     34.00000000	    -75.35353517	      0.06566759	      0.04517987	      0.06875863
     35.00000000	    -74.04040385	      0.06598466	      0.04517987	      0.06875863
     36.00000000	    -72.72727254	      0.06630531	      0.04517987	      0.06875863
     37.00000000	    -71.41414123	      0.06662949	      0.04517987	      0.06875863
     38.00000000	    -70.10100991	      0.06695719	      0.04517987	      0.06875863
     39.00000000	    -68.78787860	      0.06728835	      0.04517987	      0.06875863
     40.00000000	    -67.47474728	      0.06762293	      0.04517987	      0.06875863
     41.00000000	    -66.16161597	      0.06796089	      0.04517987	      0.06875863
     42.00000000	    -64.84848465	      0.06830217	      0.04517987	      0.06875863
     43.00000000	    -63.53535334	      0.06864670	      0.04517987	      0.06875863
     44.00000000	    -62.22222202	      0.06899442	      0.04517987	      0.06875863
     45.00000000	    -60.90909071	      0.06934526	      0.04517987	      0.06875863
     46.00000000	    -59.59595939	      0.06969913	      0.04517987	      0.06875863
     47.00000000	    -58.28282808	      0.07005581	      0.04517987	      0.06875863
     48.00000000	    -56.96969677	      0.07041484	      0.04517987	      0.06875863
     49.00000000	    -55.65656545	      0.07077576	      0.04517987	      0.06875863
     50.00000000	    -54.34343414	      0.07113810	      0.04517987	      0.06875863
     51.00000000	    -53.03030282	      0.07150144	      0.04517987	      0.06875863
     52.00000000	    -51.71717151	      0.07186534	      0.04517987	      0.06875863
     53.00000000	    -50.40404019	      0.07222941	      0.04517987	      0.06875863
     54.00000000	    -49.09090888	      0.07259326	      0.04517987	      0.06875863
     55.00000000	    -47.77777756	      0.07295653	      0.04517987	      0.06875863
     56.00000000	    -46.46464625	      0.07331888	      0.04517987	      0.06875863
     57.00000000	    -45.15151493	      0.07368000	      0.04517987	      0.06875863
     58.00000000	    -43.83838362	      0.07436280	      0.04517987	      0.06875863
     59.00000000	    -42.52525231	      0.07473826	      0.04517987	      0.06875863
     60.00000000	    -41.21212099	      0.07511855	      0.04517987	      0.06875863
     61.00000000	    -39.89898968	      0.07550348	      0.04517987	      0.06875863
     62.00000000	    -38.58585836	      0.07589304	      0.04517987	      0.06875863
     63.00000000	    -37.27272705	      0.07628766	      0.04517987	      0.06875863
     64.00000000	    -35.95959573	      0.07668782	      0.04517987	      0.06875863
     65.00000000	    -34.64646442	      0.07709397	      0.04517987	      0.06875863
     66.00000000	    -33.33333310	      0.07750651	      0.04517987	      0.06875863
     67.00000000	    -32.02020179	      0.07792580	      0.04517987	      0.06875863
     68.00000000	    -30.70707048	      0.07835214	      0.04517987	      0.06875863
     69.00000000	    -29.39393916	      0.07878579	      0.04517987	      0.06875863
     70.00000000	    -28.08080785	      0.07922689	      0.04517987	      0.06875863
     71.00000000	    -26.76767653	      0.07967548	      0.04517987	      0.06875863
     72.00000000	    -25.45454522	      0.08013153	      0.04517987	      0.06875863
     73.00000000	    -24.14141390	      0.08059495	      0.04517987	      0.06875863
     74.00000000	    -22.82828259	      0.08106558	      0.04517987	      0.06875863
     75.00000000	    -21.51515127	      0.08154317	      0.04517987	      0.06875863
     76.00000000	    -20.20201996	      0.08202743	      0.04517987	      0.06875863
     77.00000000	    -18.88888864	      0.08251776	      0.04517987	      0.06875863
     78.00000000	    -17.57575733	      0.08301224	      0.04517987	      0.06875863
     79.00000000	    -16.26262602	      0.08350865	      0.04517987	      0.06875863
     80.00000000	    -14.94949470	      0.08400500	      0.04517987	      0.06875863
     81.00000000	    -13.63636339	      0.08449958	      0.04517987	      0.06875863
     82.00000000	    -12.32323207	      0.08499097	      0.04517987	      0.06875863
     83.00000000	    -11.01010076	      0.08547803	      0.04517987	      0.06875863
     84.00000000	     -9.69696944	      0.08595993	      0.04517987	      0.06875863
     85.00000000	     -8.38383813	      0.08643657	      0.04517987	      0.06875863
     86.00000000	     -7.07070681	      0.08690889	      0.04517987	      0.06875863
     87.00000000	     -5.75757550	      0.08737788	      0.04517987	      0.06875863
     88.00000000	     -4.44444418	      0.08784450	      0.04517987	      0.06875863
     89.00000000	     -3.13131287	      0.08830967	      0.04517987	      0.06875863
     90.00000000	     -1.81818156	      0.08877425	      0.04517987	      0.06875863
     91.00000000	     -0.50505024	      0.08923904	      0.04517987	      0.06875863
     92.00000000	      0.80808107	      0.08970479	      0.04517987	      0.06875863
     93.00000000	      2.12121239	      0.09017071	      0.04517987	      0.06875863
     94.00000000	      3.43434370	      0.09063622	      0.04517987	      0.06875863
     95.00000000	      4.74747502	      0.09110440	      0.04517987	      0.06875863
     96.00000000	      6.06060633	      0.09157574	      0.04517987	      0.06875863
     97.00000000	      7.37373765	      0.09205066	      0.04517987	      0.06875863
     98.00000000	      8.68686896	      0.09252952	      0.04517987	      0.06875863
     99.00000000	     10.00000028	      0.09301261	      0.04517987	      0.06875863
