UNKNOWN
version=1
nRows=100
nColumns=5
inDegrees=no
endheader
time	ankle_angle_l	med_gas_l	soleus_l	tib_ant_l
      0.00000000	    -90.00000018	      0.03128786	      0.02123737	      0.11794882
      1.00000000	    -88.18181836	      0.03140233	      0.02123737	      0.11761879
      2.00000000	    -86.36363654	      0.03154394	      0.02123737	      0.11726199
      3.00000000	    -84.54545472	      0.03171339	      0.02123737	      0.11687852
      4.00000000	    -82.72727290	      0.03191148	      0.02123737	      0.11646852
      5.00000000	    -80.90909107	      0.03213909	      0.02123737	      0.11603212
      6.00000000	    -79.09090925	      0.03239714	      0.02123737	      0.11556947
      7.00000000	    -77.27272743	      0.03268663	      0.02123737	      0.11508073
      8.00000000	    -75.45454561	      0.03300851	      0.02123737	      0.11456608
      9.00000000	    -73.63636379	      0.03336379	      0.02123737	      0.11402570
     10.00000000	    -71.81818196	      0.03375340	      0.02123737	      0.11345980
     11.00000000	    -70.00000014	      0.03417823	      0.02123737	      0.11286859
     12.00000000	    -68.18181832	      0.03463912	      0.02123737	      0.11225230
     13.00000000	    -66.36363650	      0.03513679	      0.02123737	      0.11161117
     14.00000000	    -64.54545468	      0.03567186	      0.02123737	      0.11094546
     15.00000000	    -62.72727286	      0.03624454	      0.02123737	      0.11025543
     16.00000000	    -60.90909103	      0.03685393	      0.02123737	      0.10954139
     17.00000000	    -59.09090921	      0.03749993	      0.02123737	      0.10880361
     18.00000000	    -57.27272739	      0.03818242	      0.02123737	      0.10804243
     19.00000000	    -55.45454557	      0.03890111	      0.02123737	      0.10725816
     20.00000000	    -53.63636375	      0.03965561	      0.02123737	      0.10645115
     21.00000000	    -51.81818192	      0.04044537	      0.02123737	      0.10562176
     22.00000000	    -50.00000010	      0.04126973	      0.02123737	      0.10477034
     23.00000000	    -48.18181828	      0.04212790	      0.02123737	      0.10389730
     24.00000000	    -46.36363646	      0.04301899	      0.02123737	      0.10300301
     25.00000000	    -44.54545464	      0.04394201	      0.02126380	      0.10208789
     26.00000000	    -42.72727281	      0.04489588	      0.02139100	      0.10115235
     27.00000000	    -40.90909099	      0.04587945	      0.02157697	      0.10019682
     28.00000000	    -39.09090917	      0.04689150	      0.02182858	      0.09922176
     29.00000000	    -37.27272735	      0.04793076	      0.02215045	      0.09822759
     30.00000000	    -35.45454553	      0.04899592	      0.02254515	      0.09721067
     31.00000000	    -33.63636370	      0.05008562	      0.02301347	      0.09617463
     32.00000000	    -31.81818188	      0.05119849	      0.02355464	      0.09512119
     33.00000000	    -30.00000006	      0.05233312	      0.02416663	      0.09405085
     34.00000000	    -28.18181824	      0.05348812	      0.02484640	      0.09296408
     35.00000000	    -26.36363642	      0.05466206	      0.02558880	      0.09186138
     36.00000000	    -24.54545460	      0.05585352	      0.02638393	      0.09074327
     37.00000000	    -22.72727277	      0.05706110	      0.02722654	      0.08961024
     38.00000000	    -20.90909095	      0.05828337	      0.02811203	      0.08846283
     39.00000000	    -19.09090913	      0.05951894	      0.02903599	      0.08730157
     40.00000000	    -17.27272731	      0.06076642	      0.02999427	      0.08612698
     41.00000000	    -15.45454549	      0.06202443	      0.03098299	      0.08493962
     42.00000000	    -13.63636366	      0.06329158	      0.03199854	      0.08374004
     43.00000000	    -11.81818184	      0.06456653	      0.03303763	      0.08252881
     44.00000000	    -10.00000002	      0.06584792	      0.03409721	      0.08130652
     45.00000000	     -8.18181820	      0.06713442	      0.03517451	      0.08007375
     46.00000000	     -6.36363638	      0.06842469	      0.03626700	      0.07883112
     47.00000000	     -4.54545455	      0.06971741	      0.03737234	      0.07757925
     48.00000000	     -2.72727273	      0.07101128	      0.03848839	      0.07631879
     49.00000000	     -0.90909091	      0.07230497	      0.03961317	      0.07505040
     50.00000000	      0.90909091	      0.07359719	      0.04074482	      0.07377479
     51.00000000	      2.72727273	      0.07488662	      0.04188158	      0.07249267
     52.00000000	      4.54545455	      0.07617196	      0.04302180	      0.07120479
     53.00000000	      6.36363638	      0.07745192	      0.04416386	      0.06991196
     54.00000000	      8.18181820	      0.07872518	      0.04530619	      0.06861500
     55.00000000	     10.00000002	      0.07999045	      0.04644724	      0.06731479
     56.00000000	     11.81818184	      0.08124641	      0.04758548	      0.06601227
     57.00000000	     13.63636366	      0.08249175	      0.04871934	      0.06470843
     58.00000000	     15.45454549	      0.08372516	      0.04984726	      0.06340434
     59.00000000	     17.27272731	      0.08494533	      0.05095760	      0.06210114
     60.00000000	     19.09090913	      0.08615095	      0.05205521	      0.06080006
     61.00000000	     20.90909095	      0.08734070	      0.05313962	      0.05950242
     62.00000000	     22.72727277	      0.08851327	      0.05420883	      0.05820967
     63.00000000	     24.54545460	      0.08966735	      0.05526083	      0.05692336
     64.00000000	     26.36363642	      0.09079449	      0.05629358	      0.05564520
     65.00000000	     28.18181824	      0.09189693	      0.05730504	      0.05437705
     66.00000000	     30.00000006	      0.09297624	      0.05829315	      0.05312094
     67.00000000	     31.81818188	      0.09403113	      0.05925594	      0.05187911
     68.00000000	     33.63636370	      0.09506036	      0.06019144	      0.05065400
     69.00000000	     35.45454553	      0.09606270	      0.06109783	      0.04944829
     70.00000000	     37.27272735	      0.09703697	      0.06197336	      0.04826494
     71.00000000	     39.09090917	      0.09798203	      0.06281642	      0.04710719
     72.00000000	     40.90909099	      0.09889675	      0.06362558	      0.04597857
     73.00000000	     42.72727281	      0.09978008	      0.06439957	      0.04488297
     74.00000000	     44.54545464	      0.10063098	      0.06513728	      0.04382461
     75.00000000	     46.36363646	      0.10144850	      0.06583782	      0.04280807
     76.00000000	     48.18181828	      0.10223169	      0.06650048	      0.04183829
     77.00000000	     50.00000010	      0.10297970	      0.06712471	      0.04092056
     78.00000000	     51.81818192	      0.10369171	      0.06771017	      0.04006046
     79.00000000	     53.63636375	      0.10436695	      0.06825664	      0.03926383
     80.00000000	     55.45454557	      0.10500471	      0.06876407	      0.03853668
     81.00000000	     57.27272739	      0.10560436	      0.06923251	      0.03788505
     82.00000000	     59.09090921	      0.10616527	      0.06966212	      0.03731490
     83.00000000	     60.90909103	      0.10668692	      0.07005314	      0.03683187
     84.00000000	     62.72727286	      0.10716880	      0.07040585	      0.03644110
     85.00000000	     64.54545468	      0.10761048	      0.07072059	      0.03614704
     86.00000000	     66.36363650	      0.10801154	      0.07099769	      0.03595318
     87.00000000	     68.18181832	      0.10837165	      0.07123750	      0.03586192
     88.00000000	     70.00000014	      0.10869050	      0.07144035	      0.03587441
     89.00000000	     71.81818196	      0.10896781	      0.07160655	      0.03599049
     90.00000000	     73.63636379	      0.10920337	      0.07173635	      0.03620870
     91.00000000	     75.45454561	      0.10939699	      0.07182997	      0.03652637
     92.00000000	     77.27272743	      0.10954852	      0.07188757	      0.03693976
     93.00000000	     79.09090925	      0.10965784	      0.07190925	      0.03744423
     94.00000000	     80.90909107	      0.10972487	      0.07189505	      0.03803450
     95.00000000	     82.72727290	      0.10974955	      0.07184494	      0.03870483
     96.00000000	     84.54545472	      0.10973187	      0.07175884	      0.03944924
     97.00000000	     86.36363654	      0.10967185	      0.07163659	      0.04026167
     98.00000000	     88.18181836	      0.10956952	      0.07147800	      0.04113616
     99.00000000	     90.00000018	      0.10942497	      0.07128281	      0.04206690
