2.704233759299387430e+01
2.820185612458385194e+01
2.929318053415564904e+01
3.031017182087168749e+01
3.126423401916127887e+01
3.215994195921196308e+01
3.301163489236159165e+01
3.383169288524471341e+01
3.462120920544839464e+01
3.538913144053212534e+01
3.614855271726194985e+01
3.692561239038683851e+01
3.768205416384203232e+01
3.845075010271221316e+01
3.922627172345545432e+01
4.002870608306400868e+01
4.085192621683443548e+01
4.170628899555978109e+01
4.253114663786148952e+01
4.332039862142218567e+01
4.399124092296590050e+01
4.447600484628011230e+01
4.468228691023936250e+01
4.451277708793067944e+01
4.388182317316153558e+01
4.269491171476267510e+01
4.097009407560376104e+01
3.868375012086518439e+01
3.594724706179899698e+01
3.285838407443645082e+01
2.957606251272099485e+01
2.627797410684298995e+01
2.313115882482226837e+01
2.030776365403762185e+01
1.785222687523670260e+01
1.587382367266021177e+01
1.433678669159233010e+01
1.330208111696491358e+01
1.270822492321162756e+01
1.254199814123153089e+01
1.274186318549627295e+01
1.326328123052118180e+01
1.402241047568458043e+01
1.496287505550296615e+01
1.603523138581507723e+01
1.722842464729946954e+01
1.847980084264157696e+01
1.973929668117170877e+01
2.100827410219385527e+01
2.227236786751758402e+01
2.358605067634188757e+01
2.482977466281649725e+01
2.602436148578821928e+01
2.719479882006574556e+01
2.834811615910172122e+01
2.952292265211963951e+01
3.065619187245132693e+01
3.177715314705089611e+01
3.289433226899794960e+01
3.402205591250349670e+01
3.515564537059599814e+01
3.629077487430209459e+01
3.743166257224919491e+01
3.856571657777358553e+01
3.969192867909683287e+01
4.079243239982309177e+01
4.190117022152590920e+01
4.300623904344315207e+01
4.414680249791912559e+01
4.525545719943201561e+01
4.627183097890765140e+01
4.731437283330728860e+01
4.830954284548986521e+01
4.927896335892805268e+01
5.027350419248647029e+01
5.125681838280278413e+01
5.220144525204793240e+01
5.300829230730014530e+01
5.375787692698055764e+01
5.450370013533441949e+01
5.524953257311606336e+01
5.588002302759696249e+01
5.658303555465163726e+01
5.714607576823197377e+01
5.749798225150134812e+01
5.775845500762065399e+01
5.788005382401505727e+01
5.792834625923205039e+01
5.787759358963364065e+01
5.775807736665167624e+01
5.753263426701158068e+01
5.757190331133958239e+01
5.721705730122571509e+01
5.673273269533848406e+01
5.611818845129876365e+01
5.540107502497316005e+01
5.455696948301059024e+01
5.365961073553771143e+01
5.258178780143842346e+01
5.136823070357552723e+01
4.998662645556770201e+01
4.838363716520959912e+01
4.656234682052100737e+01
4.449432613075978793e+01
4.223397867229442681e+01
3.980069181300267900e+01
3.708008508707276007e+01
3.408483220585195994e+01
3.079363982494466612e+01
2.717026875847555090e+01
2.328735226906487910e+01
1.870221855170196790e+01
1.419483367860973999e+01
9.570787512520245954e+00
4.921235329664011005e+00
1.503788221307814921e-01
0.000000000000000000e+00
0.000000000000000000e+00
0.000000000000000000e+00
0.000000000000000000e+00
0.000000000000000000e+00
0.000000000000000000e+00
0.000000000000000000e+00
0.000000000000000000e+00
0.000000000000000000e+00
0.000000000000000000e+00
0.000000000000000000e+00
0.000000000000000000e+00
0.000000000000000000e+00
0.000000000000000000e+00
0.000000000000000000e+00
0.000000000000000000e+00
0.000000000000000000e+00
0.000000000000000000e+00
0.000000000000000000e+00
0.000000000000000000e+00
0.000000000000000000e+00
0.000000000000000000e+00
0.000000000000000000e+00
0.000000000000000000e+00
0.000000000000000000e+00
0.000000000000000000e+00
0.000000000000000000e+00
0.000000000000000000e+00
0.000000000000000000e+00
0.000000000000000000e+00
0.000000000000000000e+00
0.000000000000000000e+00
0.000000000000000000e+00
0.000000000000000000e+00
0.000000000000000000e+00
7.589942168036362125e-01
2.220273598713111696e+00
3.722692535670613978e+00
5.258570292091447662e+00
6.831937634806729776e+00
8.437738870437124561e+00
1.007992308570674567e+01
1.174355732836661659e+01
1.342922154253315448e+01
1.511917974175409363e+01
1.680785917762257142e+01
1.847139830769951629e+01
2.011227854338434895e+01
2.175751661385934810e+01
2.403419755702698524e+01
2.555318115344630314e+01
2.704817286476311722e+01
2.849400091223575515e+01
2.990198262228087955e+01
3.127145992965448329e+01
3.260742548823468923e+01
3.390433715670767612e+01
3.516890693580496219e+01
3.639401301280273771e+01
3.758596236181391959e+01
3.873061754070417351e+01
3.984597833171067549e+01
4.091552497986048564e+01
4.196849196537944238e+01
4.298013448974723616e+01
4.395939891894976626e+01
4.485977566409793127e+01
4.562249229320160282e+01
4.617733862025571767e+01
4.642477884689623835e+01
4.627776463429574250e+01
4.563610088996631475e+01
4.444980576005205108e+01
4.267521268336902551e+01
4.034625781837122105e+01
3.751755425608494221e+01
3.432356123010647053e+01
3.094444475052299737e+01
2.751748207436461513e+01
2.428742341327835419e+01
2.133897873329127748e+01
1.882729300638461822e+01
1.673895793321171865e+01
1.513826623442668051e+01
1.404645612206190641e+01
1.342346982802659028e+01
1.321268756082844220e+01
1.341141384370200207e+01
1.391371135221498889e+01
1.468212330719062031e+01
1.564966576070696469e+01
1.676520374433213334e+01
1.798673693563227616e+01
1.926792417814334257e+01
2.059186007924321871e+01
2.191238502678136513e+01
2.321782502880220278e+01
2.449584398694190668e+01
2.572536829777288858e+01
2.690390862223042845e+01
2.806905447944264509e+01
2.919462662470219527e+01
3.030086424623195285e+01
3.140158324623103780e+01
3.248614043123392747e+01
3.353613360060171544e+01
3.461544353799870066e+01
3.570444817968972728e+01
3.679808260801426201e+01
3.789810449411120885e+01
3.902201659164231984e+01
4.012848744564232106e+01
4.123852543745046972e+01
4.234626408816768617e+01
4.342222071892658164e+01
4.449601511309288782e+01
4.556893365533851181e+01
4.660346203237879337e+01
4.762010935691976954e+01
4.862248260838422453e+01
4.960755734682918927e+01
5.060535263388587879e+01
5.161362400455377042e+01
5.260648095851105666e+01
5.345804093915802468e+01
5.453096053576097546e+01
5.542591382611583839e+01
5.620722301913500019e+01
5.698058643975898718e+01
5.774324730157897534e+01
5.821721765626074330e+01
5.878962478793687296e+01
5.919670819094168479e+01
5.959797697726019550e+01
5.972168105457192411e+01
5.984910351530009365e+01
5.969578051034789468e+01
5.968270323045320680e+01
5.935107932181771417e+01
5.896444840780881691e+01
5.841592823200458184e+01
5.775490245486960816e+01
5.696227480387173614e+01
5.604784300455851564e+01
5.504370839618858469e+01
5.380840232888920127e+01
5.247506209974014979e+01
5.094047008828033540e+01
4.925712009349553000e+01
4.718533013163470713e+01
4.503576525201287239e+01
4.250640893792106567e+01
3.975135828052500386e+01
3.674614822670297798e+01
3.329383855412079640e+01
2.958820004754766941e+01
2.574225398737523562e+01
2.125228381199291050e+01
1.695891069176525789e+01
1.228298526313266592e+01
7.704412259763568471e+00
2.928316158238681410e+00
0.000000000000000000e+00
0.000000000000000000e+00
0.000000000000000000e+00
0.000000000000000000e+00
0.000000000000000000e+00
0.000000000000000000e+00
0.000000000000000000e+00
0.000000000000000000e+00
0.000000000000000000e+00
0.000000000000000000e+00
0.000000000000000000e+00
0.000000000000000000e+00
0.000000000000000000e+00
0.000000000000000000e+00
0.000000000000000000e+00
0.000000000000000000e+00
0.000000000000000000e+00
0.000000000000000000e+00
0.000000000000000000e+00
0.000000000000000000e+00
0.000000000000000000e+00
0.000000000000000000e+00
0.000000000000000000e+00
0.000000000000000000e+00
0.000000000000000000e+00
0.000000000000000000e+00
0.000000000000000000e+00
0.000000000000000000e+00
0.000000000000000000e+00
0.000000000000000000e+00
0.000000000000000000e+00
0.000000000000000000e+00
0.000000000000000000e+00
0.000000000000000000e+00
0.000000000000000000e+00
1.145389028784787877e+00
2.666477065063395102e+00
4.211864816430746394e+00
5.791286452187375033e+00
7.411993900030890536e+00
9.061867408719477268e+00
1.075466649667237640e+01
1.247643979824171545e+01
1.421636968982537397e+01
1.595973338505278605e+01
1.769102208392390096e+01
1.937931293570177971e+01
2.101090760404373015e+01
2.257245810880953485e+01
2.456680982461641349e+01
2.622623176640348319e+01
2.755925670396374016e+01
2.881536959128607833e+01
3.001856708668463014e+01
3.117985935029144784e+01
3.231906594034376923e+01
3.343326303389873289e+01
3.453748913415682154e+01
3.562472158816569134e+01
3.671265128291798874e+01
3.778448426144055361e+01
3.885789317669341614e+01
3.989460896353692476e+01
4.091300627910479903e+01
4.189059647532080533e+01
4.281808310784387572e+01
4.365815418539772708e+01
4.436310358622519345e+01
4.485975447382983816e+01
4.508607364872013079e+01
4.494526764852213319e+01
4.436810240321334931e+01
4.329147540166575681e+01
4.167468132669227998e+01
3.953789077654040085e+01
3.693910263449026132e+01
3.398183790138542548e+01
3.082989524949064375e+01
2.764778246050978794e+01
2.462534920918530545e+01
2.187026259099993197e+01
1.951473647676035483e+01
1.756157455655102950e+01
1.609406631132113219e+01
1.503488979275272008e+01
1.441178171865067270e+01
1.418482854461603360e+01
1.431700366061733831e+01
1.475421048328301232e+01
1.543616950848891456e+01
1.630628880797016933e+01
1.731252260060158221e+01
1.843185137637912518e+01
1.963636401022867872e+01
2.082460210006813384e+01
2.202803718364918950e+01
2.321827292336137560e+01
2.438648203673029258e+01
2.553059199710335747e+01
2.664232152349938687e+01
2.773646563603784898e+01
2.882125192464306096e+01
2.988356154171805201e+01
3.092075975756365125e+01
3.194833490696235145e+01
3.301356736213944743e+01
3.407383747356196579e+01
3.514404640859608975e+01
3.623230675416148472e+01
3.733362333025097968e+01
3.845626505285953556e+01
3.969982835392298171e+01
4.085634602092807199e+01
4.202626815815111172e+01
4.317505306919728270e+01
4.431025347040224460e+01
4.544758766086035706e+01
4.661156426140371423e+01
4.771404950452227212e+01
4.877273808110413711e+01
4.983258040460562199e+01
5.083466173313152581e+01
5.181409943762088233e+01
5.285993045641708932e+01
5.374272228949115515e+01
5.452991042789949461e+01
5.537933074178811665e+01
5.632039300302327689e+01
5.717758937517311324e+01
5.773992892597021154e+01
5.817492545033905316e+01
5.856514717618563282e+01
5.891140844834666268e+01
5.902387033709317166e+01
5.908668081789359405e+01
5.904294116502835976e+01
5.902791026882834302e+01
5.887983958657785166e+01
5.855737037001196654e+01
5.803474287522305985e+01
5.744905636644772784e+01
5.671677707946030722e+01
5.586576711728788780e+01
5.491337090660437070e+01
5.382148759406248928e+01
5.262282610374165870e+01
5.127285050634457519e+01
4.966332199994518959e+01
4.775555778994251455e+01
4.579754245092030374e+01
4.363502447814536822e+01
4.120223176748078942e+01
3.844958816222883513e+01
3.537634358481513175e+01
3.206196732523972770e+01
2.845328948097169075e+01
2.424547402755553804e+01
1.980696145908455819e+01
1.512831272938609573e+01
1.061914856112174732e+01
5.943087740347333003e+00
1.186593187120041470e+00
0.000000000000000000e+00
0.000000000000000000e+00
0.000000000000000000e+00
0.000000000000000000e+00
0.000000000000000000e+00
0.000000000000000000e+00
0.000000000000000000e+00
0.000000000000000000e+00
0.000000000000000000e+00
0.000000000000000000e+00
0.000000000000000000e+00
0.000000000000000000e+00
0.000000000000000000e+00
0.000000000000000000e+00
0.000000000000000000e+00
0.000000000000000000e+00
0.000000000000000000e+00
0.000000000000000000e+00
0.000000000000000000e+00
0.000000000000000000e+00
0.000000000000000000e+00
0.000000000000000000e+00
0.000000000000000000e+00
0.000000000000000000e+00
0.000000000000000000e+00
0.000000000000000000e+00
0.000000000000000000e+00
0.000000000000000000e+00
0.000000000000000000e+00
0.000000000000000000e+00
0.000000000000000000e+00
0.000000000000000000e+00
0.000000000000000000e+00
0.000000000000000000e+00
1.078407822580437436e+00
2.412118999946422981e+00
3.772137743101370955e+00
5.162050373738335196e+00
6.569823838058946208e+00
8.023066301755365615e+00
9.502320558955474894e+00
1.103256230929010862e+01
1.260030283512504745e+01
1.420898575720910983e+01
1.583200880655844678e+01
1.746913068323611284e+01
1.910947869080165518e+01
2.073742258127542470e+01
2.253592002255852478e+01
2.473956174955239362e+01
2.633976407858439828e+01
2.793358628352308415e+01
2.951818664725975339e+01
3.108171516124606626e+01
3.261943370276164700e+01
3.412674016496205098e+01
3.557989480401649729e+01
3.696986849495828409e+01
3.826933502609792725e+01
3.947620529706914283e+01
4.055312258180154572e+01
4.149430702736280807e+01
4.229926519001762131e+01
4.298677537996316289e+01
4.356885041823279181e+01
4.407449602212357576e+01
4.451491130815226427e+01
4.490158766998281692e+01
4.521986667774724822e+01
4.546055492592924452e+01
4.558748377438624289e+01
4.558657208243886316e+01
4.539988926725852281e+01
4.500398770676758886e+01
4.435034498675848624e+01
4.340629150819927418e+01
4.215747519747799288e+01
4.059311305609021758e+01
3.871911798733214027e+01
3.660474874051814709e+01
3.428816716526653607e+01
3.187487413486320165e+01
2.945443910564534917e+01
2.712319639336200794e+01
2.493146848656830628e+01
2.295328055354081442e+01
2.123674995453794168e+01
1.982635595823623120e+01
1.874635326485597986e+01
1.803450264510589207e+01
1.763934007746226129e+01
1.755905151344871484e+01
1.776610925300689914e+01
1.820469741969310462e+01
1.886133080955751495e+01
1.964844587119034358e+01
2.057255203268048049e+01
2.156277660230088244e+01
2.260800284312186648e+01
2.369410762682755944e+01
2.479209281717703917e+01
2.590304260638130884e+01
2.704048222225541309e+01
2.814625477114754659e+01
2.923309703879991162e+01
3.030881727982561102e+01
3.138201595604749272e+01
3.244858725648075648e+01
3.348189292295007391e+01
3.450480290975584552e+01
3.554745802222907969e+01
3.657296978426501255e+01
3.760655086681332904e+01
3.863272624764917396e+01
3.967950209268122563e+01
4.085661279288908077e+01
4.192290639928553730e+01
4.298987121727723348e+01
4.404247643818800384e+01
4.509533826186338956e+01
4.612418756184339941e+01
4.730092356446672142e+01
4.830786126561889660e+01
4.934133042985789075e+01
5.028398471430525518e+01
5.120060857210836502e+01
5.212837341149411685e+01
5.298345304419075319e+01
5.404547273572828914e+01
5.486398933571108927e+01
5.560709603773103993e+01
5.608206883714201751e+01
5.649950275778725484e+01
5.748852339342179363e+01
5.777566809516741131e+01
5.789096549416431259e+01
5.792187855349710901e+01
5.786594009977240205e+01
5.810951761986417807e+01
5.798602153442899976e+01
5.769560307892341200e+01
5.730585794208386119e+01
5.677867461495584678e+01
5.621786401570916780e+01
5.570622084272644514e+01
5.485396207382733991e+01
5.385773743776879030e+01
5.274730127059963536e+01
5.150497357077651372e+01
5.011367734989136835e+01
4.855329348136705647e+01
4.690336945943204938e+01
4.505511912698639776e+01
4.261147386274229376e+01
4.023335776931080687e+01
3.766824540021062973e+01
3.482060203033309875e+01
3.168932377467491079e+01
2.795322333173142226e+01
2.400840125944939984e+01
1.996442540316384395e+01
1.560537344548764693e+01
1.111936125917896234e+01
6.279782219132169274e+00
1.209945985010316916e+00
0.000000000000000000e+00
0.000000000000000000e+00
0.000000000000000000e+00
0.000000000000000000e+00
0.000000000000000000e+00
0.000000000000000000e+00
0.000000000000000000e+00
0.000000000000000000e+00
0.000000000000000000e+00
0.000000000000000000e+00
0.000000000000000000e+00
0.000000000000000000e+00
0.000000000000000000e+00
0.000000000000000000e+00
0.000000000000000000e+00
0.000000000000000000e+00
0.000000000000000000e+00
0.000000000000000000e+00
0.000000000000000000e+00
0.000000000000000000e+00
0.000000000000000000e+00
0.000000000000000000e+00
0.000000000000000000e+00
0.000000000000000000e+00
0.000000000000000000e+00
0.000000000000000000e+00
0.000000000000000000e+00
0.000000000000000000e+00
0.000000000000000000e+00
0.000000000000000000e+00
0.000000000000000000e+00
1.612314874729361414e+00
3.266435162477332455e+00
4.884917404701056398e+00
6.472743681538206673e+00
8.029006278241761052e+00
9.571928073447685037e+00
1.109042486312478815e+01
1.260729686238566494e+01
1.411716212270298598e+01
1.563349237545311077e+01
1.717015630043846386e+01
1.873430186192156910e+01
2.032304341013421123e+01
2.193751991795555867e+01
2.355948188096734341e+01
2.518384544435143368e+01
2.759305919460205203e+01
2.920989860814461991e+01
3.080422753332696573e+01
3.236375275110113847e+01
3.385654174991366716e+01
3.527851300333339424e+01
3.661590688811275385e+01
3.787005306260712700e+01
3.903563913719034417e+01
4.014094953466842952e+01
4.119205445798936438e+01
4.221639014493617736e+01
4.318563806154438112e+01
4.414613479272392738e+01
4.508767886277521342e+01
4.601457798264191723e+01
4.689773513293847174e+01
4.773513515119213935e+01
4.847125611370194065e+01
4.905537378318874886e+01
4.940033249120622827e+01
4.942839311965195748e+01
4.901690609741956450e+01
4.810997736839277650e+01
4.661891098895593188e+01
4.455032608398253302e+01
4.189654295587737920e+01
3.878213322898508864e+01
3.532665751207854754e+01
3.170339271862201969e+01
2.812768816832732455e+01
2.476580136017539857e+01
2.177119746954249990e+01
1.922804473031409600e+01
1.720181518011397870e+01
1.569530864344630849e+01
1.472851316236168273e+01
1.424851354343908660e+01
1.421699325927906443e+01
1.454583048002967693e+01
1.517105106197360698e+01
1.601745064699509058e+01
1.703133942958340796e+01
1.815565308167803948e+01
1.931892158122029812e+01
2.053631484846842170e+01
2.174151317021002683e+01
2.295382208154963521e+01
2.415263466295788319e+01
2.532718131133553285e+01
2.647085896755542933e+01
2.759252837418584647e+01
2.869682517498291219e+01
2.978543250968754208e+01
3.085601182911960905e+01
3.192065008195187659e+01
3.297596024304640849e+01
3.401016562740064586e+01
3.503493817323544590e+01
3.606691273508869244e+01
3.709241147100409108e+01
3.816639168035674601e+01
3.921834526578729196e+01
4.030198308715926458e+01
4.135275285624365438e+01
4.245033017309589241e+01
4.347109702389258246e+01
4.449035641582629097e+01
4.551087454456640558e+01
4.654651538688583656e+01
4.753415681148894123e+01
4.847237192045855636e+01
4.945606923840125546e+01
5.038003105262920656e+01
5.136541663869459740e+01
5.229737012308350330e+01
5.318930664644335593e+01
5.427150464297808696e+01
5.521676246580515368e+01
5.593664433875756004e+01
5.656833140661365178e+01
5.707947886053534603e+01
5.760059106718577482e+01
5.814129418033522967e+01
5.860071454770335464e+01
5.884368434348468924e+01
5.895387405385892521e+01
5.884345147925044017e+01
5.861349663790105069e+01
5.837948429606601763e+01
5.796224632725495951e+01
5.760894970819424543e+01
5.702538951257913880e+01
5.633105132716591612e+01
5.551166536036870980e+01
5.456810354355314274e+01
5.352019044888352539e+01
5.221974985066179187e+01
5.081591541144941004e+01
4.926784040725283376e+01
4.759452901846060513e+01
4.573959310657153310e+01
4.363356689831023516e+01
4.105601373812319821e+01
3.829230173867512121e+01
3.513994218486453036e+01
3.179690387794202167e+01
2.832783691462006104e+01
2.461590903783917028e+01
2.055879435478506068e+01
1.631544009654530925e+01
1.168936369452335633e+01
6.976174428585901310e+00
2.423149099969317266e+00
0.000000000000000000e+00
0.000000000000000000e+00
0.000000000000000000e+00
0.000000000000000000e+00
0.000000000000000000e+00
0.000000000000000000e+00
0.000000000000000000e+00
0.000000000000000000e+00
0.000000000000000000e+00
0.000000000000000000e+00
0.000000000000000000e+00
0.000000000000000000e+00
0.000000000000000000e+00
0.000000000000000000e+00
0.000000000000000000e+00
0.000000000000000000e+00
0.000000000000000000e+00
0.000000000000000000e+00
0.000000000000000000e+00
0.000000000000000000e+00
0.000000000000000000e+00
0.000000000000000000e+00
0.000000000000000000e+00
0.000000000000000000e+00
0.000000000000000000e+00
0.000000000000000000e+00
0.000000000000000000e+00
0.000000000000000000e+00
0.000000000000000000e+00
0.000000000000000000e+00
0.000000000000000000e+00
0.000000000000000000e+00
0.000000000000000000e+00
0.000000000000000000e+00
0.000000000000000000e+00
0.000000000000000000e+00
0.000000000000000000e+00
8.011238238529423406e-01
2.163689242020869763e+00
3.551260251387464262e+00
4.972761847803965018e+00
6.415592546798379203e+00
7.891150553040789717e+00
9.394087130052387380e+00
1.094320417997066919e+01
1.252004666739050620e+01
1.412845993972040404e+01
1.576807497250272050e+01
1.743347144748267752e+01
1.911011552381393841e+01
2.078049265056296591e+01
2.325929462033982986e+01
2.497090557688649781e+01
2.670553305140014899e+01
2.844967613869652823e+01
3.020582108441353952e+01
3.196649371860928568e+01
3.373130759591366967e+01
3.547810847874468010e+01
3.721056603833471144e+01
3.888889554930511849e+01
4.052349569095326842e+01
4.207056696823620001e+01
4.351244421500422987e+01
4.481416639613918562e+01
4.600527019089692260e+01
4.706138762698211053e+01
4.800377133495998550e+01
4.881691730027734621e+01
4.947080943180282020e+01
4.993129553887069960e+01
5.015769608438985472e+01
5.005403237749236212e+01
4.956322960714193471e+01
4.855849695373796493e+01
4.704248193383818943e+01
4.495806988242269853e+01
4.233011085624651315e+01
3.921257141820910874e+01
3.575470538621573269e+01
3.209560958531874064e+01
2.845057975453185861e+01
2.493227311310549510e+01
2.170961285988114042e+01
1.890624743146798536e+01
1.657606862248957924e+01
1.481378998138427860e+01
1.358384230669640047e+01
1.293812337553408298e+01
1.273657514324104234e+01
1.296268907197045195e+01
1.350410299949263759e+01
1.431667350617000878e+01
1.529738700521302341e+01
1.638140098038929082e+01
1.753902060304277910e+01
1.873098513715277491e+01
1.991673237025601395e+01
2.110569046966388740e+01
2.228251088596256224e+01
2.346932916722485629e+01
2.462923495584957578e+01
2.583762932982574156e+01
2.699733261282361241e+01
2.815381787927574564e+01
2.930766539543671456e+01
3.044586169608370696e+01
3.157756596915940861e+01
3.268365693272944839e+01
3.379844013745408660e+01
3.490802795189409125e+01
3.599072914178380955e+01
3.703683965710450821e+01
3.808877215730743160e+01
3.925689106040648824e+01
4.032903965983523165e+01
4.135577727555943994e+01
4.240057763354873543e+01
4.342052446132061050e+01
4.450042897039558909e+01
4.555236732005782585e+01
4.656670455321039981e+01
4.758082958398227191e+01
4.861190824249163711e+01
4.970080459887017099e+01
5.082416138484921930e+01
5.181228145509416549e+01
5.280486830471025428e+01
5.386619272107998313e+01
5.470798618789999779e+01
5.569626270376794963e+01
5.644971396230063476e+01
5.711846415754965989e+01
5.778688096283525510e+01
5.821350171507506843e+01
5.856288987485958586e+01
5.891167183959518638e+01
5.912539202144839834e+01
5.920959170096543289e+01
5.916007601191542165e+01
5.898442321085317985e+01
5.876098063660751336e+01
5.846172763110988768e+01
5.795842691838122818e+01
5.732338449559445337e+01
5.648977308606204417e+01
5.554481790427036003e+01
5.446930268539108511e+01
5.315995288649509121e+01
5.178104159782878924e+01
5.012784786779721458e+01
4.829065381892659303e+01
4.625678522379411817e+01
4.391496760345255268e+01
4.135822311600820456e+01
3.863068157795901669e+01
3.538078565616260818e+01
3.195568815024774523e+01
2.817280917916664507e+01
2.417587818405784361e+01
1.998771369230650308e+01
1.544182622620844825e+01
1.067314517875131230e+01
5.848939359255139969e+00
1.047792537084549114e+00
0.000000000000000000e+00
0.000000000000000000e+00
0.000000000000000000e+00
0.000000000000000000e+00
0.000000000000000000e+00
0.000000000000000000e+00
0.000000000000000000e+00
0.000000000000000000e+00
0.000000000000000000e+00
0.000000000000000000e+00
0.000000000000000000e+00
0.000000000000000000e+00
0.000000000000000000e+00
0.000000000000000000e+00
0.000000000000000000e+00
0.000000000000000000e+00
0.000000000000000000e+00
0.000000000000000000e+00
0.000000000000000000e+00
0.000000000000000000e+00
0.000000000000000000e+00
0.000000000000000000e+00
0.000000000000000000e+00
0.000000000000000000e+00
0.000000000000000000e+00
0.000000000000000000e+00
0.000000000000000000e+00
0.000000000000000000e+00
0.000000000000000000e+00
0.000000000000000000e+00
0.000000000000000000e+00
0.000000000000000000e+00
0.000000000000000000e+00
0.000000000000000000e+00
3.599566932821373633e-01
2.022398333260950309e+00
3.674123889226339923e+00
5.333883425370844478e+00
6.991311549683515203e+00
8.657711892397834674e+00
1.033092871992191952e+01
1.201507989569405055e+01
1.370667330294083719e+01
1.539106305709740674e+01
1.707430237789780492e+01
1.874927471914203991e+01
2.039598818905958311e+01
2.240564565173554001e+01
2.442165133321864445e+01
2.603870122126440023e+01
2.765226104442924893e+01
2.926043831114279214e+01
3.086645099395694558e+01
3.246714931023720396e+01
3.406089896472369105e+01
3.563397486594850960e+01
3.718878888667312310e+01
3.868746420360439942e+01
4.014350297179304761e+01
4.151891314080403106e+01
4.282066452043965654e+01
4.401197009342141087e+01
4.511825370329361817e+01
4.611243359038644485e+01
4.703854972814542634e+01
4.786811127791300180e+01
4.860766239960250346e+01
4.923984448166243766e+01
4.970643909737719923e+01
4.994396864652050994e+01
4.989808046766593463e+01
4.947419424402516341e+01
4.862187295880482907e+01
4.725456130663307874e+01
4.539560160286126234e+01
4.301450802341359037e+01
4.022284807005620166e+01
3.710780725379935774e+01
3.383331009325286232e+01
3.056618143713443203e+01
2.741724541793786329e+01
2.451560066463004262e+01
2.193345648201819387e+01
1.974631544969138019e+01
1.793516610578018700e+01
1.654589086580004675e+01
1.554667644731261866e+01
1.494726075584952163e+01
1.466751216157628335e+01
1.470933790610091130e+01
1.501171196800383711e+01
1.553500807642129899e+01
1.622699135616116450e+01
1.705744318511689173e+01
1.797719530578022429e+01
1.897597809280988201e+01
2.002419006087993125e+01
2.110809903807598076e+01
2.220415475859292087e+01
2.328735035943462606e+01
2.438602480066048983e+01
2.549232238147549268e+01
2.660225489374788665e+01
2.769262331344437555e+01
2.881325216330195360e+01
2.992100761238259210e+01
3.101082297449916680e+01
3.211542118776791455e+01
3.321452592781550806e+01
3.434921542438515729e+01
3.550446224579146559e+01
3.664002440610734368e+01
3.779153462706608479e+01
3.894098405730090917e+01
4.007462452259977681e+01
4.119648988135637779e+01
4.229637781994661339e+01
4.336684867919444741e+01
4.441173094663745502e+01
4.543709197261956234e+01
4.643597596643402881e+01
4.743603328823996890e+01
4.842819215381709341e+01
4.944450237909398282e+01
5.036223150185357866e+01
5.131486770289605204e+01
5.223599002265415692e+01
5.310948880161592456e+01
5.398722948117548981e+01
5.505867627886263449e+01
5.597764684083100661e+01
5.721401162525297934e+01
5.791564259530752423e+01
5.850132870055298895e+01
5.910987205816284273e+01
5.965758437195781028e+01
6.013183234374711361e+01
6.040635845976049012e+01
6.069640552854049531e+01
6.086075023306842979e+01
6.082934321897366914e+01
6.065096115646910135e+01
6.030518661016471071e+01
5.980493465661906072e+01
5.917581293498932382e+01
5.841258974894338252e+01
5.758150302171537049e+01
5.655474857951679013e+01
5.533928035732682815e+01
5.391856453312087183e+01
5.227242063858290066e+01
5.023943247919725508e+01
4.817095525811774337e+01
4.589079535823773170e+01
4.328760239520750730e+01
4.026043169150845102e+01
3.692185540678807598e+01
3.327476394904972068e+01
2.923758244180879728e+01
2.461482915955351203e+01
1.976542951236250190e+01
1.472160930655075539e+01
9.627111468652211457e+00
4.500897925493838159e+00
0.000000000000000000e+00
0.000000000000000000e+00
0.000000000000000000e+00
0.000000000000000000e+00
0.000000000000000000e+00
0.000000000000000000e+00
0.000000000000000000e+00
0.000000000000000000e+00
0.000000000000000000e+00
0.000000000000000000e+00
0.000000000000000000e+00
0.000000000000000000e+00
0.000000000000000000e+00
0.000000000000000000e+00
0.000000000000000000e+00
0.000000000000000000e+00
0.000000000000000000e+00
0.000000000000000000e+00
0.000000000000000000e+00
0.000000000000000000e+00
0.000000000000000000e+00
0.000000000000000000e+00
0.000000000000000000e+00
0.000000000000000000e+00
0.000000000000000000e+00
0.000000000000000000e+00
0.000000000000000000e+00
0.000000000000000000e+00
0.000000000000000000e+00
0.000000000000000000e+00
0.000000000000000000e+00
1.230657663499660215e+00
3.027307898136036179e+00
4.753925458341608845e+00
6.440882472952257132e+00
8.086337357801800962e+00
9.720495990391791352e+00
1.133712955413900936e+01
1.295267864334592822e+01
1.457813744385681254e+01
1.620903977664375617e+01
1.784226822014967340e+01
1.946489952835467463e+01
2.105660644831653272e+01
2.262785402502779775e+01
2.412991263109405793e+01
2.637392444507621647e+01
2.775789645442885956e+01
2.907485760986287104e+01
3.029767395981427924e+01
3.144506114498565807e+01
3.251612397191333059e+01
3.353475258110184853e+01
3.452463109769890792e+01
3.551872272345570991e+01
3.653214045685739819e+01
3.759462804168149574e+01
3.872102144882526886e+01
3.991189708433891070e+01
4.114683796734618682e+01
4.240163758380086279e+01
4.361608849194977466e+01
4.471300986359550933e+01
4.563531708196676817e+01
4.625808937726429093e+01
4.650414905802001186e+01
4.627949475865590045e+01
4.550004159475457755e+01
4.414130699121315615e+01
4.216774386153397813e+01
3.966575928841736953e+01
3.670564559070606236e+01
3.345691050185117632e+01
3.008452186071578538e+01
2.680738303787806842e+01
2.381514654189153291e+01
2.119901069448814823e+01
1.906216233870923915e+01
1.736625942562843505e+01
1.613639712355219302e+01
1.538523361499527908e+01
1.503138202886908914e+01
1.506689971057077493e+01
1.545010723881857473e+01
1.611870957775535018e+01
1.703401707599820369e+01
1.813960542642469065e+01
1.937475546531326387e+01
2.068581726663222753e+01
2.209701549424552169e+01
2.349924617279759431e+01
2.490119524725589173e+01
2.628718608139905655e+01
2.766331678372397462e+01
2.899180662828635135e+01
3.027422758303480066e+01
3.153081396549916349e+01
3.277112644240245487e+01
3.410435072131325995e+01
3.530381490708882097e+01
3.646089799383850050e+01
3.758287303795437850e+01
3.869825368122185694e+01
3.980958127246006484e+01
4.092718257248667157e+01
4.207022648145104426e+01
4.320632760287672625e+01
4.433977625403770162e+01
4.548973922954088778e+01
4.661280471232140599e+01
4.769663946019993972e+01
4.885193405757082274e+01
4.992813426624704221e+01
5.099738708006582044e+01
5.199629072014711539e+01
5.293530874102117423e+01
5.379715928713957851e+01
5.459201507217249372e+01
5.533382459967753420e+01
5.591225619680164272e+01
5.650362937827759424e+01
5.701285098716198263e+01
5.743540113707211248e+01
5.798221787620916956e+01
5.811850651488797581e+01
5.807228656541670375e+01
5.798538138830576116e+01
5.773780759075241775e+01
5.739123160806807533e+01
5.740726013109989623e+01
5.698903017305013208e+01
5.635899209256817244e+01
5.576209711032585403e+01
5.488306674410083019e+01
5.410469879796605852e+01
5.301921683995995238e+01
5.184487633182948230e+01
5.057012832735264141e+01
4.906713978655854902e+01
4.746024630864145877e+01
4.564982890543658556e+01
4.359054273871408469e+01
4.134360654210630770e+01
3.879941146586488543e+01
3.598473489419384208e+01
3.306218124906457234e+01
2.982735929570138467e+01
2.632277070674658148e+01
2.263085157006705117e+01
1.847227212738682667e+01
1.410549748123580827e+01
9.744050545795508000e+00
5.226593411515576548e+00
7.001038057450273966e-01
0.000000000000000000e+00
0.000000000000000000e+00
0.000000000000000000e+00
0.000000000000000000e+00
0.000000000000000000e+00
0.000000000000000000e+00
0.000000000000000000e+00
0.000000000000000000e+00
0.000000000000000000e+00
0.000000000000000000e+00
0.000000000000000000e+00
0.000000000000000000e+00
0.000000000000000000e+00
0.000000000000000000e+00
0.000000000000000000e+00
0.000000000000000000e+00
0.000000000000000000e+00
0.000000000000000000e+00
0.000000000000000000e+00
0.000000000000000000e+00
0.000000000000000000e+00
0.000000000000000000e+00
0.000000000000000000e+00
0.000000000000000000e+00
0.000000000000000000e+00
0.000000000000000000e+00
0.000000000000000000e+00
0.000000000000000000e+00
0.000000000000000000e+00
0.000000000000000000e+00
0.000000000000000000e+00
0.000000000000000000e+00
0.000000000000000000e+00
0.000000000000000000e+00
0.000000000000000000e+00
0.000000000000000000e+00
1.229995447018951138e+00
2.614555744107787127e+00
3.989314146504851166e+00
5.397061373871710366e+00
6.827744119738428097e+00
8.301768217563179064e+00
9.825269921333564582e+00
1.140197510941097292e+01
1.304460083447793650e+01
1.474717710941623672e+01
1.650070382701047578e+01
1.828656863267265109e+01
2.007162114435779898e+01
2.183650731850883986e+01
2.435885292549986403e+01
2.607523890607540196e+01
2.776685385654094063e+01
2.941755897058909852e+01
3.103291548487308660e+01
3.261684853509094495e+01
3.414880080033155707e+01
3.563184025977911062e+01
3.706066619026717746e+01
3.842529169010906287e+01
3.970435460719292564e+01
4.088851189730055324e+01
4.197092602380705983e+01
4.295566575978011770e+01
4.385540134742416285e+01
4.467040677781525204e+01
4.542009171248037092e+01
4.608536364884848524e+01
4.667030141111173691e+01
4.713215342953348852e+01
4.742486005350303202e+01
4.747701235214797322e+01
4.723759807187164483e+01
4.662396209843225137e+01
4.559474478386385243e+01
4.407162936730481562e+01
4.208584295303742806e+01
3.965575612588578736e+01
3.683330076703332878e+01
3.372947531953243328e+01
3.049040317067677108e+01
2.726461040493561683e+01
2.419289050124834972e+01
2.139403348569504715e+01
1.893479066084357854e+01
1.691846422972621511e+01
1.534655991991168200e+01
1.427877635396897205e+01
1.367761131295754140e+01
1.351529853573812545e+01
1.372432340891028701e+01
1.423948919711443040e+01
1.499443750275667142e+01
1.591244359207885672e+01
1.694600215249185737e+01
1.806275740855743095e+01
1.925160230163694308e+01
2.045491733087438746e+01
2.164750263630283200e+01
2.286368888938443789e+01
2.407135376626987977e+01
2.528330023221833756e+01
2.649554932944212737e+01
2.778124918491511863e+01
2.896849227940903404e+01
3.011615613663322222e+01
3.125947880389041700e+01
3.240997586200222003e+01
3.358913398296839148e+01
3.469236669832763909e+01
3.578645531628387033e+01
3.687727565898988047e+01
3.795647169858028036e+01
3.904691850202004133e+01
4.013743926221282976e+01
4.122518966566358500e+01
4.227053605426770844e+01
4.329704222413493397e+01
4.436699948982426633e+01
4.537922424528697718e+01
4.641493356032194129e+01
4.737641060736875431e+01
4.831257863569183542e+01
4.922289907380252316e+01
5.019116053702688873e+01
5.117236558206541730e+01
5.223433991654614061e+01
5.331480031629107685e+01
5.416692783485859053e+01
5.484319222643694047e+01
5.542700156455224914e+01
5.598872743470629132e+01
5.639884217630817886e+01
5.673741010827307463e+01
5.702413184196349505e+01
5.736742766360021051e+01
5.760292968201105168e+01
5.760654716455840685e+01
5.749464088358969605e+01
5.729324176426759152e+01
5.706393980169404045e+01
5.667019758042147259e+01
5.618298095227206801e+01
5.560372169923493146e+01
5.487640466967221897e+01
5.407020083789872444e+01
5.305561183809015802e+01
5.175512121913988040e+01
5.051291150640975047e+01
4.908865382917515063e+01
4.757457687265253554e+01
4.574925523829926277e+01
4.379225085884074531e+01
4.165338776963332634e+01
3.917918122028697780e+01
3.622488032639964928e+01
3.301435679049217242e+01
2.960655847937224650e+01
2.591483025712589239e+01
2.192758080137969401e+01
1.757760468465603765e+01
1.305877168585980286e+01
8.365550666910584354e+00
3.472425834366558384e+00
0.000000000000000000e+00
0.000000000000000000e+00
0.000000000000000000e+00
0.000000000000000000e+00
0.000000000000000000e+00
0.000000000000000000e+00
0.000000000000000000e+00
0.000000000000000000e+00
0.000000000000000000e+00
0.000000000000000000e+00
0.000000000000000000e+00
0.000000000000000000e+00
0.000000000000000000e+00
0.000000000000000000e+00
0.000000000000000000e+00
0.000000000000000000e+00
0.000000000000000000e+00
0.000000000000000000e+00
0.000000000000000000e+00
0.000000000000000000e+00
0.000000000000000000e+00
0.000000000000000000e+00
0.000000000000000000e+00
0.000000000000000000e+00
0.000000000000000000e+00
0.000000000000000000e+00
0.000000000000000000e+00
0.000000000000000000e+00
0.000000000000000000e+00
0.000000000000000000e+00
0.000000000000000000e+00
0.000000000000000000e+00
0.000000000000000000e+00
1.572615407929046860e+00
3.466365659150312251e+00
5.364802598909850673e+00
7.259255478982521659e+00
9.150387987688432645e+00
1.104814569840262806e+01
1.294745222441434684e+01
1.482369734902347602e+01
1.668399886754238182e+01
1.850700267637609997e+01
2.028668041222635310e+01
2.198196543281275694e+01
2.359546897886227868e+01
2.507321170146788347e+01
2.638459722997298584e+01
2.832371260200419272e+01
2.933621156305388311e+01
3.022140910861170937e+01
3.099136219175994356e+01
3.168238885251158266e+01
3.232549352578334378e+01
3.296106027516486137e+01
3.362564881348747292e+01
3.435106961869193754e+01
3.516744607615943607e+01
3.608183532549861638e+01
3.709844468586170763e+01
3.821291676001787607e+01
3.940474535159140146e+01
4.061332898357208876e+01
4.177647584646936707e+01
4.282541737228760326e+01
4.363763490562183733e+01
4.412222292895760489e+01
4.417359233053187495e+01
4.374617912553200227e+01
4.271700056425972747e+01
4.107997569060062659e+01
3.881402225401236450e+01
3.598937496392946400e+01
3.275672655154242108e+01
2.925717086127065869e+01
2.571553582591087661e+01
2.232095130445709685e+01
1.925131193302209454e+01
1.661267323690657349e+01
1.448946296401500433e+01
1.290671558708518063e+01
1.185286100662762010e+01
1.129894645839208067e+01
1.119712714599712200e+01
1.147275925005640929e+01
1.206141251407690618e+01
1.288655180784567200e+01
1.388784017332443455e+01
1.499942876190082330e+01
1.620084024597253958e+01
1.742569362540454492e+01
1.868327911745022263e+01
1.994111706426413377e+01
2.118961492512962863e+01
2.242694370591063091e+01
2.366188527108703710e+01
2.496161721762161534e+01
2.614512777992226944e+01
2.735060107378097882e+01
2.853263648744514924e+01
2.968204717941578963e+01
3.083054750604610561e+01
3.197126735183920943e+01
3.314834285540523950e+01
3.434365750621822144e+01
3.556988214963119788e+01
3.675634126460933260e+01
3.796389145495768247e+01
3.914367444614823199e+01
4.031129707008977192e+01
4.145925323259496054e+01
4.260290681329820472e+01
4.370671902837306533e+01
4.477361376898470269e+01
4.579756804739226084e+01
4.679370323053920799e+01
4.772011644292146570e+01
4.867202450119692969e+01
4.957918140471133484e+01
5.046322961714921007e+01
5.134417166116948295e+01
5.225249315632162705e+01
5.309219001668478199e+01
5.384279324131117050e+01
5.473539922980908301e+01
5.547715902700524992e+01
5.620816470400296083e+01
5.677418525703898666e+01
5.752224116061361769e+01
5.784852444635522772e+01
5.810931301663410409e+01
5.837061700545550025e+01
5.856531364322555788e+01
5.865166794197418199e+01
5.857506281453818531e+01
5.846289208070469812e+01
5.833468395268400997e+01
5.796151403993117412e+01
5.745246407159670810e+01
5.682611615531339311e+01
5.606277062792733545e+01
5.516361234316057249e+01
5.412776010624480705e+01
5.295955394008548467e+01
5.159432973714624637e+01
5.002544794797060490e+01
4.828995349897802214e+01
4.633076728091780438e+01
4.394498530210475451e+01
4.156694953409845539e+01
3.890098087179935504e+01
3.580629208139816200e+01
3.242959366199995941e+01
2.861104534808994870e+01
2.465571984815175810e+01
2.034935629881947960e+01
1.545410856332120630e+01
1.070508084300082174e+01
5.929489222538992799e+00
1.144606153093878254e+00
0.000000000000000000e+00
0.000000000000000000e+00
0.000000000000000000e+00
0.000000000000000000e+00
0.000000000000000000e+00
0.000000000000000000e+00
0.000000000000000000e+00
0.000000000000000000e+00
0.000000000000000000e+00
0.000000000000000000e+00
0.000000000000000000e+00
0.000000000000000000e+00
0.000000000000000000e+00
0.000000000000000000e+00
0.000000000000000000e+00
0.000000000000000000e+00
0.000000000000000000e+00
0.000000000000000000e+00
0.000000000000000000e+00
0.000000000000000000e+00
0.000000000000000000e+00
0.000000000000000000e+00
0.000000000000000000e+00
0.000000000000000000e+00
0.000000000000000000e+00
0.000000000000000000e+00
0.000000000000000000e+00
0.000000000000000000e+00
0.000000000000000000e+00
0.000000000000000000e+00
0.000000000000000000e+00
0.000000000000000000e+00
0.000000000000000000e+00
9.526216044844630915e-01
2.655420546256574088e+00
4.335421255318617995e+00
5.999967903475813102e+00
7.651416348209536977e+00
9.291862845837268736e+00
1.093283355555841041e+01
1.258591457778919498e+01
1.425451228132715009e+01
1.592332848775411946e+01
1.759093142705780721e+01
1.925810754699864447e+01
2.091981167297519661e+01
2.336988024075857595e+01
2.503729407684089736e+01
2.669759805016673226e+01
2.833829465024171057e+01
2.995045914195188175e+01
3.152174495693158818e+01
3.303826111672710653e+01
3.448797219542163361e+01
3.583967129456004130e+01
3.710088525384558977e+01
3.823206458146351139e+01
3.925921067890800487e+01
4.014590288407990926e+01
4.090539567798281695e+01
4.155098977295736518e+01
4.211133835759406452e+01
4.261871366879802281e+01
4.311268189764327019e+01
4.359834462662969656e+01
4.408463263105042529e+01
4.458528102236785884e+01
4.501871862888610565e+01
4.534462175612989654e+01
4.548021449010079209e+01
4.529785174520047519e+01
4.476263049349964263e+01
4.374860240304030867e+01
4.224883846425629486e+01
4.026494413065879741e+01
3.783017988117438080e+01
3.502973442073086119e+01
3.199902365815765393e+01
2.888413800669954057e+01
2.584890097160026912e+01
2.302666503853417268e+01
2.050925960868951137e+01
1.837179028926278690e+01
1.664422203161165825e+01
1.536179535853734812e+01
1.451770120372062678e+01
1.407100958904175059e+01
1.399410142067351970e+01
1.421475959206521367e+01
1.472485387852609762e+01
1.544380694680817356e+01
1.630039731349260634e+01
1.731108567980615476e+01
1.840355718106976823e+01
1.952809951582965198e+01
2.068367331950965848e+01
2.184589324771253516e+01
2.299124364182219438e+01
2.413291850410084649e+01
2.525893982175243124e+01
2.637154358282401745e+01
2.748643263323043584e+01
2.863330811569211676e+01
2.972913062302397691e+01
3.080678427552889076e+01
3.190157196036825127e+01
3.297377144329113463e+01
3.404597714883195181e+01
3.512019014942632822e+01
3.619572608863933283e+01
3.728387417174383245e+01
3.837866407570988514e+01
3.946137862630313009e+01
4.054180277873436467e+01
4.163159564597960127e+01
4.269898002984380980e+01
4.378758850170569872e+01
4.484428016135800021e+01
4.590668061527395594e+01
4.700081860909383380e+01
4.798900337252484860e+01
4.895950847684504481e+01
4.989139847902601588e+01
5.080371331923989686e+01
5.171669210382853521e+01
5.259469648640163086e+01
5.352092201888437017e+01
5.444643675811244066e+01
5.524646950474644314e+01
5.599920461089362789e+01
5.668809844963988098e+01
5.738911355344943388e+01
5.793262122113524271e+01
5.832854987640135391e+01
5.862829242784485473e+01
5.892621212661338603e+01
5.909941221066086570e+01
5.909297387126439816e+01
5.897878133610767293e+01
5.885662222630292462e+01
5.849509487362023918e+01
5.800794167815573132e+01
5.751361110389819231e+01
5.685252610513236959e+01
5.606593782988068142e+01
5.515941239025717380e+01
5.410412816827681581e+01
5.289114332081735625e+01
5.159161671157173856e+01
5.015739711614447316e+01
4.848711691612217578e+01
4.654935929311164244e+01
4.438197006163048997e+01
4.200898383362937238e+01
3.929904561705432542e+01
3.622905964447696192e+01
3.264905112661588049e+01
2.884969509629820195e+01
2.468998774588947143e+01
1.998817145657491778e+01
1.521594182948609131e+01
1.032523673796031183e+01
5.313609937148584095e+00
2.640811168758815386e-01
0.000000000000000000e+00
0.000000000000000000e+00
0.000000000000000000e+00
0.000000000000000000e+00
0.000000000000000000e+00
0.000000000000000000e+00
0.000000000000000000e+00
0.000000000000000000e+00
0.000000000000000000e+00
0.000000000000000000e+00
0.000000000000000000e+00
0.000000000000000000e+00
0.000000000000000000e+00
0.000000000000000000e+00
0.000000000000000000e+00
0.000000000000000000e+00
0.000000000000000000e+00
0.000000000000000000e+00
0.000000000000000000e+00
0.000000000000000000e+00
0.000000000000000000e+00
0.000000000000000000e+00
0.000000000000000000e+00
0.000000000000000000e+00
0.000000000000000000e+00
0.000000000000000000e+00
0.000000000000000000e+00
0.000000000000000000e+00
0.000000000000000000e+00
4.114250945042280394e-02
1.624453893266657678e+00
3.176664848328323298e+00
4.708034920489147623e+00
6.239224153863132116e+00
7.775593063467034050e+00
9.335534862540411538e+00
1.089962178384482883e+01
1.250151521004301003e+01
1.412270487233034011e+01
1.576766923901532280e+01
1.741668097426985184e+01
1.906293486616037214e+01
2.068599533068067586e+01
2.227003430569404330e+01
2.377913181232549533e+01
2.600165953924805606e+01
2.735952654728841438e+01
2.863922167363699600e+01
2.983437393010143168e+01
3.094730044321455154e+01
3.198516077817022563e+01
3.298640743484204307e+01
3.394665591990447240e+01
3.490295991827156286e+01
3.586276419021898931e+01
3.684539281166879476e+01
3.786671386107314419e+01
3.891768384730479369e+01
4.000124497274222790e+01
4.109279018180860987e+01
4.214208085697276118e+01
4.312146820087326660e+01
4.397279118678804366e+01
4.461834770662106564e+01
4.496377565735522808e+01
4.494181000320872954e+01
4.443800976797919589e+01
4.342596576329045632e+01
4.181726381786558022e+01
3.966572832900471468e+01
3.696417697673138747e+01
3.385348638924560305e+01
3.046737989658460322e+01
2.701331404464571051e+01
2.369922055267625183e+01
2.063493888335845128e+01
1.796902272589579752e+01
1.577732818026785644e+01
1.410040331773969768e+01
1.294030076987723277e+01
1.231540871830503114e+01
1.214583058519193060e+01
1.238074814401725376e+01
1.293601257073150634e+01
1.374708873415100463e+01
1.473979206916259876e+01
1.585641445788824200e+01
1.705399248349352703e+01
1.828347549227826008e+01
1.952929210967179685e+01
2.079087490661893867e+01
2.207449479492668587e+01
2.332521441010352348e+01
2.455894816027375427e+01
2.574576435754827486e+01
2.691245179012612709e+01
2.806035655240848570e+01
2.917564166898787903e+01
3.026242525692728336e+01
3.132614399407456318e+01
3.237079145412854331e+01
3.340685032995447301e+01
3.445280393209800707e+01
3.550149185419567743e+01
3.654854267803820989e+01
3.762885162352917945e+01
3.867476587148428990e+01
3.972066972264894957e+01
4.076849860677640436e+01
4.179149382366787080e+01
4.282372669966380840e+01
4.379489188271266897e+01
4.479321640402685034e+01
4.571903788180389938e+01
4.665082469517520281e+01
4.756123520349223099e+01
4.854786635698204833e+01
4.960599918492262361e+01
5.077532206753657107e+01
5.188025743950827717e+01
5.267103014698183472e+01
5.339906366053556042e+01
5.406870809561433333e+01
5.481714817726372502e+01
5.537835866687808561e+01
5.584999775809250622e+01
5.628862179299741797e+01
5.668608472795057196e+01
5.694778436739188976e+01
5.713296775421582652e+01
5.728781040376389200e+01
5.740000614520393185e+01
5.747366227207474054e+01
5.734621251882089155e+01
5.713327111800835212e+01
5.680723396121533142e+01
5.637608957096288265e+01
5.579170361779964082e+01
5.500864160467116903e+01
5.418132713728081740e+01
5.331399891813047276e+01
5.228307240807524892e+01
5.113987193376759421e+01
4.980644408546281454e+01
4.833340258110874288e+01
4.671826294725348561e+01
4.487962454332542706e+01
4.282189097836678116e+01
4.048215360282839725e+01
3.790761374626227820e+01
3.498317037892623205e+01
3.177430394859759133e+01
2.804922534835190717e+01
2.409036923303823130e+01
1.984961548983485002e+01
1.547970379052547685e+01
1.075601998042472474e+01
6.047464449936555297e+00
1.139466900060696952e+00
0.000000000000000000e+00
0.000000000000000000e+00
0.000000000000000000e+00
0.000000000000000000e+00
0.000000000000000000e+00
0.000000000000000000e+00
0.000000000000000000e+00
0.000000000000000000e+00
0.000000000000000000e+00
0.000000000000000000e+00
0.000000000000000000e+00
0.000000000000000000e+00
0.000000000000000000e+00
0.000000000000000000e+00
0.000000000000000000e+00
0.000000000000000000e+00
0.000000000000000000e+00
0.000000000000000000e+00
0.000000000000000000e+00
0.000000000000000000e+00
0.000000000000000000e+00
0.000000000000000000e+00
0.000000000000000000e+00
0.000000000000000000e+00
0.000000000000000000e+00
0.000000000000000000e+00
0.000000000000000000e+00
0.000000000000000000e+00
0.000000000000000000e+00
0.000000000000000000e+00
0.000000000000000000e+00
0.000000000000000000e+00
0.000000000000000000e+00
0.000000000000000000e+00
1.021098404587090114e+00
2.538367823429128034e+00
4.061151308675007066e+00
5.581176623003810455e+00
7.114205461403333430e+00
8.654178600532706156e+00
1.020878263623018078e+01
1.174882830204617612e+01
1.330835117062881423e+01
1.485713550639015068e+01
1.641291215522569402e+01
1.794521137067332006e+01
1.945517616412277206e+01
2.092125848831212309e+01
2.312328329629004031e+01
2.454394649044912313e+01
2.594020967507243824e+01
2.731343066455165314e+01
2.866813954702444889e+01
3.001879874857205266e+01
3.136427116872029686e+01
3.271087379932549055e+01
3.405072770841286456e+01
3.536738185078916530e+01
3.665301163599693979e+01
3.790080079332752661e+01
3.909347615397737741e+01
4.022817304438851238e+01
4.128727928272636660e+01
4.227879924953711566e+01
4.319868933333496130e+01
4.403751063799594334e+01
4.477360551319466708e+01
4.537050779404248146e+01
4.578395990480116495e+01
4.591742534495668338e+01
4.573722795204071190e+01
4.511861415661792307e+01
4.406157729006122281e+01
4.247210201600346124e+01
4.041562157713710235e+01
3.789106378875451497e+01
3.500675134792062693e+01
3.190117069425494378e+01
2.875018984897377550e+01
2.571380790784863990e+01
2.285415677284550995e+01
2.033658212543859634e+01
1.824184413694831974e+01
1.661034200645900327e+01
1.544244380127459237e+01
1.475557277229223985e+01
1.449001283401137385e+01
1.461117194149473519e+01
1.503448873224724380e+01
1.570851489935336964e+01
1.655134989822685654e+01
1.754336765171995438e+01
1.861647330941267953e+01
1.975682046685972182e+01
2.094426365074747309e+01
2.212846170521236999e+01
2.335614587634137251e+01
2.454578262196582727e+01
2.572091982302928415e+01
2.684903294305841115e+01
2.803604335668656589e+01
2.918069720681579682e+01
3.028809157526971063e+01
3.139000984585477738e+01
