   4.0220158857455090e+01
   1.7553594233140387e+02
   4.5353374176700235e+01
   3.8930959905875490e+01
   3.5673558779538588e+01
   3.1232806992840437e+01
   2.5924410150109551e+01
   1.9361180905022401e+01
   2.0865968126221837e+01
   6.8345485536074662e+01
   7.1526459367690293e+01
   6.2721412174171498e+01
   5.8055276665609817e+01
   5.5590004441720197e+01
   5.9139005002724062e+01
   5.7916861988319148e+01
   5.5708459851043884e+01
   4.6332920761870049e+01
   4.7712636297279616e+01
   4.2852778150070712e+01
   3.4297233180104364e+01
   3.5779826478723329e+01
   3.1178071328824718e+01
   2.9104463389656139e+01
   2.9225988482041508e+01
   2.1254374123709713e+01
   2.8320342907706774e+01
   2.0020546098569397e+01
   1.4731826064482105e+01
   3.0931093987989371e+01
   4.0851628136181148e+01
   1.0292176111897211e+02
   1.1195931980885049e+02
   1.1000594501513893e+02
   9.9836635913093204e+01
   8.3519781763636104e+01
   7.5378589023113548e+01
   7.8905349241518067e+01
   6.5672942617832931e+01
   6.3650868504641579e+01
   4.8564470266623985e+01
   4.3824588265038415e+01
   3.6464330381348596e+01
   3.4608124410305166e+01
   3.1947697824429902e+01
   3.2003340448376960e+01
   2.3933532049792177e+01
   2.0301092634038632e+01
   5.3396650782789060e+01
   7.4479568497723463e+01
   6.6962621799257818e+01
   6.1652254616844630e+01
   5.8672023167587724e+01
   6.0969683606783072e+01
   5.7101898250141055e+01
   5.7312492515493147e+01
   5.3020364865909698e+01
   5.4928954152902499e+01
   5.1848221556907482e+01
   5.1411155847738897e+01
   3.8379637092588574e+01
   4.3014608070160037e+01
   3.4505440426189345e+01
   3.6364359164372864e+01
   3.3564740923824566e+01
   2.7257154533685252e+01
   2.4849972630949893e+01
   1.7644003336073766e+01
   1.3015675806193565e+01
   1.3587695154800297e+01
   1.7586624350473162e+01
   2.9530157891489889e+01
   5.0884254114402182e+01
   9.4494154115081386e+01
   1.0833100804317363e+02
   1.2924061233269063e+02
   1.1851433725567780e+02
   1.0900738869890444e+02
   9.6650119981788052e+01
   8.1593765109120881e+01
   6.6627714547396820e+01
   4.5878562346672624e+01
   4.3064431453775747e+01
   4.4589736106645489e+01
   3.7853618407559402e+01
   3.2278397043891012e+01
   2.4847367952002251e+01
   2.0458552273448497e+01
   1.8907416049070967e+01
   6.9459120862153711e+01
   6.6118514105966170e+01
   6.6046267067822285e+01
   6.6150665685948653e+01
   6.0448886941831638e+01
   5.4820868238944932e+01
   5.5970287993338218e+01
   5.4744775561493981e+01
   5.5979917547079765e+01
   5.6816743874558526e+01
   5.2827268804709767e+01
   4.8221837800487222e+01
   4.7660496365043485e+01
   4.2771125440059606e+01
   3.7580842039200611e+01
   4.2882266899392576e+01
   3.8842340244393156e+01
   3.4796749223457681e+01
   3.0000834357989991e+01
   2.5719302885048993e+01
   2.7212687498827410e+01
   2.2767116276082454e+01
   1.6947960316122401e+01
   1.6068826595364655e+01
   2.1767937135258894e+01
   3.5489358568419249e+01
   3.6491582673861771e+01
   1.0191274989847392e+02
   1.1058470379439143e+02
   1.1366112884803549e+02
   8.7836700054258728e+01
   7.6529611503655246e+01
   5.1176061810747157e+01
   5.2196907208965726e+01
   7.3918157158267732e+01
   6.8039655594118258e+01
   5.6237452266252212e+01
   6.1748628485251608e+01
   3.9444052174135642e+01
   3.3377130377719595e+01
   2.4402211377169458e+01
   1.9216168121611130e+01
   1.8794950211457806e+01
   2.5097628424643599e+01
   6.2307797379344791e+01
   5.8227239961608802e+01
   6.9664217400571943e+01
   7.4912630263473375e+01
   7.5621252961402888e+01
   7.3103397578298967e+01
   7.2429860087282151e+01
   6.5841103857195165e+01
   6.2357758971888877e+01
   6.1414948430098605e+01
   5.9144747672906639e+01
   5.4996605370601053e+01
   5.1057012671433327e+01
   4.9477424892345319e+01
   4.6744347774169363e+01
   3.9966715101167686e+01
   3.4344539221698774e+01
   3.3584057238579661e+01
   3.0283441726223721e+01
   3.0052609474700517e+01
   2.6615364254100903e+01
   2.6203198036305849e+01
   2.0612117576021724e+01
   1.6351994672479087e+01
   8.4519737633822416e+00
   4.8084772416535921e+00
   2.5699533878312981e+00
   5.2605682985016946e+00
   2.7823409736258441e+01
   6.0531902803652279e+01
   9.6122756795019967e+01
   1.1122280957132682e+02
   1.0937687709935560e+02
   1.0002586922633485e+02
   9.2531313332654321e+01
   7.9146793556870989e+01
   9.1265123763218313e+01
   8.5630913901863593e+01
   7.1289710437788898e+01
   5.1131133571963709e+01
   2.9373132056501774e+01
   3.0110079406107712e+01
   2.2448019245084957e+01
   2.0067208892109328e+01
   3.5191137361797473e+01
   7.8315929476287096e+01
   6.6435096611213751e+01
   5.7935315997615504e+01
   6.0714697996040321e+01
   6.8647878912562405e+01
   6.0935427038522896e+01
   5.8665889747734347e+01
   5.5713165394792291e+01
   5.1771705548616843e+01
   3.9940603165026936e+01
   3.8687181896792751e+01
   3.6287661647457035e+01
   3.1249445880543085e+01
   2.8849006921654045e+01
   2.8152912386781441e+01
   2.4123431559424954e+01
   2.1760545286553608e+01
   1.8126610474722590e+01
   1.2469788966227078e+01
   4.8984575337014542e+00
   0.0000000000000000e+00
   0.0000000000000000e+00
   0.0000000000000000e+00
   1.4967981531207171e+01
   5.1312456186655361e+01
   6.7747308111607140e+01
   9.5746706460243203e+01
   1.3260392817338158e+02
   1.3831588618288697e+02
   1.1014923281632331e+02
   8.2671175507706380e+01
   9.7095006658778061e+01
   9.5428751117540529e+01
   8.0466209134917278e+01
   3.3965510262313344e+01
   2.8430236407892778e+01
   4.7301990408985404e+01
   7.3475196084130758e+01
   4.6931240984233298e+01
   4.6688635828503351e+01
   4.4253955106200067e+01
   8.9027554280406193e+01
   4.6384839112815271e+01
   1.0087171666061472e+02
   9.1043706537975197e+01
   3.4502342622746781e+01
   1.0000606980296379e+01
   4.3661880255437737e+01
   7.2739493550595256e+01
   6.3676986105007181e+01
   6.7024261503378142e+01
   7.8503970341652945e+01
   7.7876951386191976e+01
   6.8549533582575805e+01
   6.6101934101662678e+01
   6.2041831578894119e+01
   5.4946002230241746e+01
   4.9716366856481322e+01
   4.1538159835702196e+01
   3.6799176790837635e+01
   3.3652289054677127e+01
   3.0860963047341418e+01
   3.0462262910919097e+01
   3.0087068656731930e+01
   3.0497403230804107e+01
   2.8693368053749747e+01
   2.9624699048264961e+01
   2.5653987349787322e+01
   2.2011464623540444e+01
   2.2484961773125335e+01
   2.1754039979373303e+01
   1.5923159604484697e+01
   1.2553385405584720e+01
   1.7900401815282351e+01
   2.7434577372460392e+01
   4.3783388857315927e+01
   5.7576004904785009e+01
   1.1819974903162544e+02
   1.1999388558997435e+02
   9.4373031234664637e+01
   8.5212313392909294e+01
   9.6587107207580772e+01
   9.5963273284515353e+01
   9.0806759482504575e+01
   8.0728388445343825e+01
   7.6220190119953116e+01
   7.4168176403001496e+01
   7.3214059680881135e+01
   6.4751377634459516e+01
   5.0318302042064310e+01
   4.3440492397603656e+01
   3.8425696766729317e+01
   3.2361080837694658e+01
   2.6972788734820661e+01
   2.4094548359531078e+01
   6.1126737149795872e+01
   6.0745280997667301e+01
   7.0981624560779537e+01
   6.5478278627806276e+01
   6.4975540893650646e+01
   5.8796389417784319e+01
   5.5918238478193899e+01
   5.4789732052597472e+01
   5.2599146388790800e+01
   4.9324735441146927e+01
   3.9756825202920254e+01
   4.2166257521608962e+01
   4.0564703293207273e+01
   3.9531494467008194e+01
   3.6935094484428994e+01
   3.6805564824305534e+01
   3.2938887617745891e+01
   3.1630143320343983e+01
   2.9553441090833893e+01
   2.9900373990258341e+01
   2.6950518188302556e+01
   2.2566072075724229e+01
   1.9086044507297188e+01
   1.6694802331831312e+01
   1.1152993436166097e+01
   1.0937626322448351e+01
   1.6455135121423950e+01
   3.5165815173292295e+01
   6.9638444082724135e+01
   9.3599986422333188e+01
   1.2785912245335547e+02
   1.2418443846270603e+02
   9.7945312846887290e+01
   1.0317995605329796e+02
   1.0443972218308417e+02
   1.0082747727378619e+02
   9.2178957556341501e+01
   7.9150271347608594e+01
   6.8501908527073823e+01
   6.3342785582545694e+01
   5.2926497005297222e+01
   4.5638558655160558e+01
   4.0679960357646785e+01
   3.5490498882193407e+01
   3.5029213636435173e+01
   3.9463546592428642e+01
   4.3074337139954032e+01
   3.9394412278385396e+01
   3.3057645767929571e+01
   2.4378398382264375e+01
   1.9359081991609596e+01
   3.7057582037662826e+01
   5.9495172087601190e+01
   5.8574908183699620e+01
   6.2436659254876268e+01
   6.4190648098534624e+01
   5.4922811194139797e+01
   6.1816289557192107e+01
   5.9636554056946899e+01
   5.5381441130094913e+01
   5.6261381516596614e+01
   5.4137454215526041e+01
   5.3624923622733959e+01
   5.5835212673484889e+01
   5.2548244477147065e+01
   5.0301318039243789e+01
   4.8939251907549220e+01
   4.0714432516372185e+01
   4.1830678463297531e+01
   4.4145032982793687e+01
   5.1783497262859882e+01
   3.2739819345086701e+01
   3.3060600004504884e+01
   4.2143439937966967e+01
   3.7242253839423142e+01
   3.5433921758162064e+01
   3.4451560774910881e+01
   3.2196390650888780e+01
   3.4357257220793358e+01
   3.2111284149902410e+01
   2.9223319923842681e+01
   2.2569903384708873e+01
   1.5761642677116194e+01
   1.8236606367849873e+01
   1.8507278699385775e+01
   1.5463007118291955e+01
   2.3743666982953222e+01
   3.7727480640476600e+01
   6.2329380186218941e+01
   9.7100420913796000e+01
   1.0634292912866219e+02
   1.0204052787671250e+02
   9.5712150010595138e+01
   9.0254072049553315e+01
   8.5300313985395988e+01
   7.6373400288410522e+01
   7.9036838969865002e+01
   7.3126189359342320e+01
   6.4513685201720392e+01
   5.5783936748509888e+01
   3.8281166478344971e+01
   3.1286747178006358e+01
   2.6123857866542018e+01
   1.8067028135056063e+01
   2.3012241204782715e+01
   6.4434126685156244e+01
   6.0176111743052573e+01
   6.3129406165871956e+01
   6.3322450630922944e+01
   6.4506393418064320e+01
   6.9105070254338557e+01
   6.4226316128525326e+01
   5.8913587074533908e+01
   5.8512738476459788e+01
   5.5515636834669635e+01
   5.7493305944796738e+01
   5.2428175715989866e+01
   5.1781810680439307e+01
   5.0508903864093938e+01
   4.2221863261531645e+01
   4.3655414142612358e+01
   4.1372429793003342e+01
   3.9283436410636590e+01
   4.0577384373635581e+01
   3.7366489946414902e+01
   3.7272087562363339e+01
   3.7286595294716619e+01
   3.6154777714063542e+01
   3.5650229065794363e+01
   3.4003064630832867e+01
   3.0790294143984593e+01
   3.5304285118830933e+01
   3.7781182486119675e+01
   3.0452577014219088e+01
   2.7602668679764491e+01
   2.6216704253826208e+01
   2.5755491876015945e+01
   2.1711744582557905e+01
   1.6767779223325753e+01
   1.7615033556306582e+01
   2.7044916195665422e+01
   3.9311363098064717e+01
   6.2355417157159550e+01
   5.4514453957177757e+01
   7.2906664942700289e+01
   9.7009593773520493e+01
   1.0109107348315716e+02
   9.7620745759612163e+01
   9.8460231990263239e+01
   1.0108043291412881e+02
   1.0143004410657916e+02
   9.7495927016992141e+01
   9.1012456939435879e+01
   8.0834486861926564e+01
   7.1083616141527642e+01
   6.1968441662191864e+01
   4.9154584400230682e+01
   4.6960220452411384e+01
   4.4639137322526338e+01
   3.8397559097212493e+01
   3.8128333989586466e+01
   3.2046664312397084e+01
   2.9401808880814364e+01
   2.2858176503272965e+01
   2.1987480006828985e+01
   4.2966381409826724e+01
   6.4459755968735493e+01
   6.3722272889642909e+01
   5.4522962967354303e+01
   5.9895945723395855e+01
   6.7135594519979946e+01
   6.2951810018768121e+01
   5.8475438655095886e+01
   6.0685135057246299e+01
   6.4653767827145884e+01
   6.1019675379903376e+01
   5.9542578722201355e+01
   5.6016695941833930e+01
   5.2422911689484167e+01
   4.8403683510398849e+01
   4.3442470278210898e+01
   3.7213107445940679e+01
   3.6607752141606824e+01
   3.6072681044193011e+01
   3.5296878067506782e+01
   3.5048441036068475e+01
   3.5666789412693831e+01
   3.4698355465149874e+01
   3.3603028052186737e+01
   3.4959382770783137e+01
   3.4013064496636126e+01
   3.5398191217790206e+01
   3.0804277946255286e+01
   2.4633373677524634e+01
   2.0882693071998780e+01
   1.8722084581018485e+01
   1.6278078365298455e+01
   1.0354715208525427e+01
   9.2816167696929845e+00
   1.8040573235192905e+01
   3.1748637810549084e+01
   6.1431899789253585e+01
   8.3158286996851828e+01
   9.9338479559630287e+01
   1.0199798152934608e+02
   9.5853341358069741e+01
   8.9216228278477985e+01
   8.7851371801062427e+01
   8.2025078267480822e+01
   7.2984315486531301e+01
   6.6596976439587280e+01
   5.7372892186244513e+01
   4.5205401735271742e+01
   4.6870211360450661e+01
   4.1579620898549628e+01
   5.1913502103848778e+01
   3.8200527074795943e+01
   3.5609785932394338e+01
   2.9852866146972943e+01
   2.2980931233843371e+01
   2.0293449662380226e+01
   3.2889409436258063e+01
   7.0978506796888283e+01
   6.3967716971054756e+01
   6.3587578331350940e+01
   6.1999429446944617e+01
   6.0462056789116531e+01
   5.6914480427438811e+01
   5.9788659501630299e+01
   5.3426280907919377e+01
   5.4290418103939224e+01
   5.1984744014793414e+01
   5.3028853067234422e+01
   5.1226403075539992e+01
   5.2125993584150976e+01
   5.0981732475050052e+01
   5.3638195135492673e+01
   5.3096990948819027e+01
   5.2983826169802377e+01
   4.8898204764849396e+01
   4.0747972971669491e+01
   3.6969415831324760e+01
   3.6973135722999018e+01
   3.6614713188831075e+01
   2.9653724035804299e+01
   2.9762992116741124e+01
   2.9711196397462420e+01
   3.1369666208261108e+01
   3.2777297060404109e+01
   4.3228601319509714e+01
   5.7551876853985888e+01
   8.7292940486555935e+01
   9.9207305800931877e+01
   9.7135920699779376e+01
   8.6382663953819886e+01
   7.7327901888690775e+01
   7.1959647431625385e+01
   6.9513820509073170e+01
   5.7829140693294178e+01
   4.1645418850824520e+01
   3.8066958194418987e+01
   2.7136558705134540e+01
   2.0089811811985413e+01
   1.8865375251440405e+01
   6.3275729913416257e+01
   6.9208991060507287e+01
   6.7544307291028332e+01
   6.7466402250363927e+01
   6.2094366257887067e+01
   6.0053798795461276e+01
   6.0528239264290526e+01
   5.8660512799548883e+01
   5.8472387772551144e+01
   5.4696912804566274e+01
   5.1059565950460481e+01
   4.9785770216789210e+01
   4.0913717111205365e+01
   3.8651172744775053e+01
   3.6241057233328149e+01
   3.7020609914063009e+01
   3.7415677926186554e+01
   3.7174550600696875e+01
   3.3417316821639524e+01
   3.5315802852676413e+01
   3.1243238608669664e+01
   2.6074157962452567e+01
   2.4514090224741253e+01
   2.3319586181394534e+01
   1.7804059911323566e+01
   1.3820283245049783e+01
   5.3514178226226585e+00
   1.6689990840681347e+01
   3.7981839418159474e+01
   9.0757393941204569e+01
   1.0480111097092032e+02
   1.1342321306184232e+02
   1.1186818203657101e+02
   1.0536830390570196e+02
   9.7830853729095452e+01
   8.7615157607658873e+01
   7.4201610768816153e+01
   5.3319629304853443e+01
   6.1219484052345912e+01
   5.4176299547581621e+01
   3.4689090703344220e+01
   2.5312880083119826e+01
   2.9586443323265414e+01
   2.2030812810179167e+01
   2.5639118465925492e+01
   7.1682182934418165e+01
   6.2400709836870348e+01
   6.0321892525937052e+01
   6.4062876164272382e+01
   5.7926611928404355e+01
   6.0448700754340351e+01
   5.5813834480307690e+01
   5.6050669377109486e+01
   4.9559178472126604e+01
   4.8343080978735657e+01
   5.2327667910558247e+01
   4.7247156454631792e+01
   4.6993473665493305e+01
   3.6755513960658469e+01
   3.7569919613369834e+01
   3.8197096304503084e+01
   3.5570946422964759e+01
   3.5051880562842193e+01
   3.1404459314564491e+01
   2.9088602430124020e+01
   3.1541443306106714e+01
   2.5788820234818171e+01
   2.5101990537111458e+01
   2.0401374973533230e+01
   1.5734414300211778e+01
   1.6026671332960213e+01
   1.3750180621613731e+01
   5.3572216719216712e+00
   5.4269010706687579e+00
   2.5752832593472412e+01
   6.5095043747196641e+01
   7.2380522208445683e+01
   8.5940713783632020e+01
   1.1812112409880881e+02
   1.2136745893140032e+02
   1.1241154767507771e+02
   1.0577017644030059e+02
   1.0090786143729017e+02
   9.0809350627055750e+01
   7.5616710971986549e+01
   5.5661125388260118e+01
   6.5609603090561734e+01
   4.7573779939682396e+01
   4.0823956881178987e+01
   3.0692604341469032e+01
   1.8644187685955238e+01
   1.6521492569051958e+01
   6.5574698010968206e+01
   6.4168446117960656e+01
   6.1170260777534949e+01
   6.0780234967707251e+01
   6.9986440745840085e+01
   6.0165943788698939e+01
   5.5169353357775819e+01
   5.5605304226957628e+01
   5.0408570861454223e+01
   5.0372622119563189e+01
   4.8191743585543364e+01
   3.7055090108309294e+01
   3.4713771170801152e+01
   3.1572597081494159e+01
   3.0025952697266483e+01
   3.0007886870047916e+01
   2.5702030710763200e+01
   2.5988246831654244e+01
   2.1710012222537102e+01
   1.8818382309706074e+01
   1.5843903962422257e+01
   1.1785500198048357e+01
   8.3849372237714608e+00
   4.5366760984424808e+00
   4.8500755467874415e+00
   2.7755748250245183e+01
   8.8147634328008365e+01
   1.0662559110926581e+02
   1.1152578505721866e+02
   1.1227542666978712e+02
   1.0954213015690127e+02
   1.0758486329442947e+02
   1.0311447845250559e+02
   9.2809619926894740e+01
   8.2708279000433208e+01
   7.1994144915919733e+01
   6.1036720785407717e+01
   5.2136123957992126e+01
   4.8383001341494356e+01
   3.5525900590711785e+01
   4.1388626247173555e+01
   4.6000077048634878e+01
   3.5044227165985404e+01
   2.3862804566026796e+01
   2.1378122268201004e+01
   5.5773205770308998e+01
   5.9585113449053310e+01
   6.0556907984394869e+01
   6.6246368354816482e+01
   6.8364298861275373e+01
   6.3842552557547428e+01
   6.3619425016526243e+01
   6.0042412376150935e+01
   6.0343479570001186e+01
   5.1149779533261068e+01
   5.3691205160155739e+01
   5.1850133052263871e+01
   4.7346019249871375e+01
   4.2057814162139259e+01
   4.9453403227638447e+01
   3.8278410589365919e+01
   3.5442335568450957e+01
   3.7955564005967062e+01
   3.7994012359311938e+01
   3.7701036555595756e+01
   3.7323677721490867e+01
   3.9007811609120552e+01
   3.9590236593880952e+01
   4.5822411936339606e+01
   3.5144633579030831e+01
   3.8279539014403056e+01
   3.7738753507449971e+01
   3.4720729959303640e+01
   3.5933807139238048e+01
   3.0328192401959846e+01
   2.9638710631631717e+01
   2.8127158542226660e+01
   2.5157356449011882e+01
   1.9139281188941755e+01
   1.0311349708211674e+01
   6.3345983624457007e+00
   5.0577816524001324e+00
   1.4539943302298497e+01
   4.7173956744146686e+01
   3.0564172487366598e+01
   9.3082458144492975e+01
   1.1488615718277113e+02
   1.1798666924762733e+02
   1.1449772874500442e+02
   1.0931116233521361e+02
   9.3714306486633717e+01
   7.1902638911926857e+01
   8.4986691825627489e+01
   7.9845302769750532e+01
   7.0228048655538558e+01
   4.8320312583582712e+01
   3.1660904954860079e+01
   2.3421984571279424e+01
   1.7953906489112967e+01
   4.5622309297270412e+01
   6.7959301911797880e+01
   7.0690625039018570e+01
   6.6578931663385958e+01
   6.0440030103519476e+01
   6.6196890883810056e+01
   7.4044346750794460e+01
   6.8881930841917665e+01
   6.4781479905956871e+01
   6.2239943318022476e+01
   5.9431454135543433e+01
   5.8917266601051509e+01
   5.3583994569417882e+01
   5.1154703699643363e+01
   4.4845174714817652e+01
   4.8202089855747460e+01
   3.8878216148387025e+01
   3.7602284891310639e+01
   3.6470528404889812e+01
   3.6139809782495092e+01
   3.7241697540188468e+01
   3.8049265410281571e+01
   3.5072169788271054e+01
   3.3167551997525543e+01
   3.4829961051798691e+01
   3.2024004881484913e+01
   2.8572081623481882e+01
   2.7543836675293665e+01
   2.4998495692472900e+01
   2.4896794477908816e+01
   2.4495230895397203e+01
   2.1243647210624935e+01
   1.7805050834476258e+01
   1.6286033403142302e+01
   1.0817583171414199e+01
   4.3921801186896756e+00
   1.5030203165623220e+01
   5.8840428430569077e+01
   8.5951879896936916e+01
   9.9288947747174831e+01
   1.0158153094282275e+02
   8.6072149155903958e+01
   5.3428256548014581e+01
   8.9287606952476921e+01
   9.7992882207480832e+01
   7.9873744595864494e+01
   8.3058812468614292e+01
   7.5298130356886119e+01
   6.5667559632627359e+01
   5.5012530640505830e+01
   4.5410214632220544e+01
   4.3405280358187618e+01
   3.4351403062865700e+01
   2.9515356294373049e+01
   2.5186437781023578e+01
   2.8474394783375100e+01
   6.6189141873635734e+01
   6.3547969396699642e+01
   6.2681461504739445e+01
   6.6482149254111818e+01
   6.4363267536879960e+01
   6.2267838499555808e+01
   5.8777364696200117e+01
   5.6822957568561819e+01
   5.5866548392485136e+01
   4.2364392534249369e+01
   4.9151691788420145e+01
   4.3738355803615455e+01
   4.3683404366362346e+01
   4.2398584122416807e+01
   3.8973030433689857e+01
   4.0527231704063880e+01
   3.6180211720541507e+01
   3.5754493123492814e+01
   3.7071610653758022e+01
   3.6200906441852553e+01
   3.4630004844912747e+01
   3.4359254734502592e+01
   3.1594701506491667e+01
   3.0455988025421846e+01
   2.9038194368851066e+01
   2.9346976893369870e+01
   2.8075730471645741e+01
   2.6747127123040819e+01
   2.0117067820525300e+01
   1.4433808532140160e+01
   1.0293054293671632e+01
   3.4602769489924183e+00
   8.7946434691719784e+00
   3.0293040742561779e+01
   7.0685146753583496e+01
   9.5454703003638144e+01
   1.1629219746893963e+02
   1.2487503089992695e+02
   1.0626736685571373e+02
   8.6408427672512275e+01
   8.7187047912741576e+01
   8.5812564531236006e+01
   7.5656012618250941e+01
   6.4423762620806627e+01
   5.9276510639385975e+01
   5.0009213307418754e+01
   4.2577373020710020e+01
   4.1153158953519082e+01
   3.7832556010892759e+01
   3.8292531091293021e+01
   3.8431807526947296e+01
   3.1269422847050873e+01
   2.8070260854288243e+01
   4.6808141960316256e+01
   6.6901716736472565e+01
   6.1035644280700595e+01
   6.2044875506628308e+01
   6.4231891106741827e+01
   6.5946687907598459e+01
   6.4216182132804150e+01
   5.9731568860865572e+01
   5.9060792885787471e+01
   5.6845568669376043e+01
   5.7481552022988225e+01
   4.3602058029412376e+01
   4.9230763880584192e+01
   5.2047790649787139e+01
   4.8232418876992007e+01
   4.0572372982664945e+01
   3.9121883774677642e+01
   3.7801857841758419e+01
   3.4629112490340319e+01
   3.1376158907821399e+01
   3.1800806039728510e+01
   3.2060967380230451e+01
   3.0861901621359255e+01
   2.7581781279774773e+01
   3.0723121738618705e+01
   2.7925256777371089e+01
