  -3.8609764570179839e+00
   1.7281429134332335e+01
   1.7897646330745395e+01
   1.8217358968581237e+01
   1.7775476289601158e+01
   1.6858456996141548e+01
   1.5311152056386602e+01
   1.3224749656216808e+01
   1.1333453984785505e+01
   1.1878737865663602e+01
   1.2751633993328824e+01
   1.3039305779756978e+01
   1.3124420881583413e+01
   1.3176005457954306e+01
   1.3550784794661922e+01
   1.3976834961913102e+01
   1.4389563109387256e+01
   1.4521590597501522e+01
   1.4722011075485076e+01
   1.4829276086926050e+01
   1.4597904159524560e+01
   1.4308072650931045e+01
   1.3715632096418629e+01
   1.3005970772036020e+01
   1.2425203783932130e+01
   1.1609170710448995e+01
   1.1638305006344513e+01
   1.1458888512851921e+01
   1.1002602541184071e+01
   1.2080666280942047e+01
   1.3738976543262547e+01
   1.8471603383222934e+01
   2.3134092097708248e+01
   2.6402200854706294e+01
   2.7639105000692521e+01
   2.6943094090276063e+01
   2.5214036523262990e+01
   2.3315840507462184e+01
   2.1003588362069220e+01
   1.9134198697565971e+01
   1.7600478711357244e+01
   1.6693955581087444e+01
   1.6126431438321084e+01
   1.5855662211786083e+01
   1.5561195045731292e+01
   1.5204587779856155e+01
   1.4028299678715619e+01
   1.2300818286124112e+01
   1.2075321227133006e+01
   1.2924108814250790e+01
   1.3156291530274171e+01
   1.3117371103099146e+01
   1.3072011700634818e+01
   1.3392535679890912e+01
   1.3682767593915138e+01
   1.4152273145147177e+01
   1.4510147098141722e+01
   1.5029097246561349e+01
   1.5452601602339751e+01
   1.5876609438201580e+01
   1.6018165088360831e+01
   1.6211230307380823e+01
   1.5927522912617096e+01
   1.5463508444926727e+01
   1.4607013213819179e+01
   1.3173909656735907e+01
   1.1869611715862572e+01
   1.0845172258075587e+01
   9.3916762280080217e+00
   8.3902254578484623e+00
   9.3091596653841524e+00
   1.1798487141448426e+01
   1.5720709346750496e+01
   2.0690026064088325e+01
   2.4894332057588429e+01
   2.8894994353269254e+01
   2.9840426249947463e+01
   2.8736170294129661e+01
   2.6352649657288879e+01
   2.3443113578734113e+01
   2.0744086098804274e+01
   1.8667427157412153e+01
   1.7604147499507057e+01
   1.7374346933307599e+01
   1.7308556837344174e+01
   1.6989080522941446e+01
   1.5968515481586676e+01
   1.4359084512904417e+01
   1.2450264725009069e+01
   1.3069394773349622e+01
   1.3422330286355958e+01
   1.3820229353984734e+01
   1.4329936110366315e+01
   1.4582046663992115e+01
   1.4640654954388314e+01
   1.4823178084000002e+01
   1.4978369520244669e+01
   1.5203950700098140e+01
   1.5484968360678524e+01
   1.5599591224351219e+01
   1.5604823250406049e+01
   1.5679342435680343e+01
   1.5771664380329927e+01
   1.5809201005221583e+01
   1.5969761839032474e+01
   1.5972002244651836e+01
   1.5709079981138910e+01
   1.5112144073404581e+01
   1.4255599535443864e+01
   1.3647819496378078e+01
   1.3022861068732400e+01
   1.2249281472509317e+01
   1.1634496889511908e+01
   1.1612944316622519e+01
   1.2598922762079628e+01
   1.3143114779784511e+01
   1.6810986638615617e+01
   2.0438216817284694e+01
   2.3533003766921802e+01
   2.3614859420035543e+01
   2.2661167968124975e+01
   2.0705019984048086e+01
   1.8889378746763644e+01
   1.8049410166784721e+01
   1.7274073076881088e+01
   1.6371222974977940e+01
   1.6033752780461718e+01
   1.5315915327354281e+01
   1.4518451311854092e+01
   1.3295547648169986e+01
   1.1793686674975485e+01
   1.0376847180840009e+01
   9.5754821512412018e+00
   1.0402354634839734e+01
   1.1037562997249971e+01
   1.2275290747696499e+01
   1.3771698551470148e+01
   1.5123555862667367e+01
   1.6048434254296446e+01
   1.6700451125963010e+01
   1.6743878879395570e+01
   1.6509224191919046e+01
   1.6261091521101587e+01
   1.6030923209183197e+01
   1.5792920505430077e+01
   1.5602172243006414e+01
   1.5543489363148780e+01
   1.5546024060590259e+01
   1.5544613747713536e+01
   1.5398280146379433e+01
   1.5217787976656190e+01
   1.4843117155499410e+01
   1.4408482196161302e+01
   1.3706171058054524e+01
   1.2915014052186002e+01
   1.1691540097479992e+01
   1.0150698881704939e+01
   8.0109010569771701e+00
   5.7355806903780069e+00
   3.5361735557098144e+00
   1.9629474527551278e+00
   2.7105012010613643e+00
   5.0199363422834038e+00
   1.0051717819686203e+01
   1.6125776251740174e+01
   2.0902872096193175e+01
   2.3587562474109923e+01
   2.4567986691446102e+01
   2.3841649868263733e+01
   2.3230834416668738e+01
   2.2138639028062883e+01
   2.0457458574929007e+01
   1.8731112503914808e+01
   1.6850882535075410e+01
   1.5823375263667529e+01
   1.4670815720375238e+01
   1.3389710902381342e+01
   1.3098853416776171e+01
   1.4462350955814212e+01
   1.4568054039127572e+01
   1.4019970507190934e+01
   1.3675396852515274e+01
   1.4196352646839745e+01
   1.4542552146860226e+01
   1.5103402488108395e+01
   1.5726955377306259e+01
   1.6240747467502455e+01
   1.6419313760408478e+01
   1.6348079392053975e+01
   1.5972974071760465e+01
   1.5221940041666837e+01
   1.4337612822704759e+01
   1.3510316565908170e+01
   1.2540045008915964e+01
   1.1469837122410921e+01
   1.0106454596559717e+01
   8.1495661635579832e+00
   5.3846662095505398e+00
   1.9408660803599229e+00
  -1.6709608142030332e+00
  -4.2964359938424961e+00
  -4.8527316614843761e+00
  -2.8997298490034695e+00
   5.8276479660490565e-01
   6.5161078532058951e+00
   1.6162062364128566e+01
   2.4778637233117308e+01
   2.8131601944969585e+01
   2.8413875475187144e+01
   2.7556904298622253e+01
   2.5727712529949621e+01
   2.2886458792455301e+01
   1.8605805117638631e+01
   1.5323844691601408e+01
   1.4669241100136192e+01
   1.6261024618822795e+01
   1.7571561054531323e+01
   1.8796598828248463e+01
   1.9153050412029607e+01
   2.0655811508424126e+01
   1.9391858554075988e+01
   2.0720188238026466e+01
   2.1040911306089512e+01
   1.8536013075417838e+01
   1.4051915737475333e+01
   1.2985456068463170e+01
   1.3485874893673314e+01
   1.3782522500395084e+01
   1.4562695934969593e+01
   1.6304917520808015e+01
   1.7910854874500863e+01
   1.8641646924585682e+01
   1.8914762631640109e+01
   1.8670281894214860e+01
   1.7947793350689302e+01
   1.7017736742592508e+01
   1.5972317824671880e+01
   1.4963385338704647e+01
   1.4099859442785162e+01
   1.3382703832575375e+01
   1.2876708171785721e+01
   1.2504298732557183e+01
   1.2221156695955244e+01
   1.1827391595307246e+01
   1.1418470585185680e+01
   1.0679818051590569e+01
   9.6278900484217296e+00
   8.6194332170662680e+00
   7.6712565817390521e+00
   6.4969315546800148e+00
   5.3296989030788913e+00
   4.9683594288233479e+00
   5.6509096464075386e+00
   7.5254768603927635e+00
   9.9530795033213622e+00
   1.6544681720319449e+01
   2.2226029256967294e+01
   2.4278843900568212e+01
   2.4903263033498341e+01
   2.5406683190831661e+01
   2.5424916194110594e+01
   2.4961321735632389e+01
   2.3994780968154391e+01
   2.3058983375686047e+01
   2.2339394531886004e+01
   2.1877936911903745e+01
   2.1252674033360666e+01
   2.0482756270454498e+01
   1.9609509884866281e+01
   1.8634003023589955e+01
   1.7427355836302311e+01
   1.5962315930660310e+01
   1.4388375309156372e+01
   1.4535760838787422e+01
   1.4709168421057949e+01
   1.5597938313029768e+01
   1.6111355542523448e+01
   1.6616668594638142e+01
   1.6782420423163895e+01
   1.6844625099521696e+01
   1.6902855839870220e+01
   1.6924699197551860e+01
   1.6888828476880210e+01
   1.6715003287991003e+01
   1.6605669811908605e+01
   1.6447694760709290e+01
   1.6251853240432379e+01
   1.5980168498579985e+01
   1.5737040916600499e+01
   1.5375333963385934e+01
   1.4982802672087228e+01
   1.4478307327762078e+01
   1.3956980561983041e+01
   1.3211631806551939e+01
   1.2160719174703159e+01
   1.0929985677509052e+01
   9.7121544596694314e+00
   8.3132538313713695e+00
   7.2536240604784723e+00
   7.0510903684826651e+00
   8.6531234419090701e+00
   1.1811172672890223e+01
   1.6156235319091106e+01
   2.3118041869237153e+01
   2.8164017852517819e+01
   2.9677545725977343e+01
   3.0176304056430215e+01
   2.9717915986410180e+01
   2.8437397789818895e+01
   2.6491583552197049e+01
   2.4089216888341575e+01
   2.1797629589915193e+01
   2.0106409151793937e+01
   1.8907864967618991e+01
   1.8336262787526820e+01
   1.8146697348259824e+01
   1.7973077584053019e+01
   1.7794865703529656e+01
   1.7730860902959549e+01
   1.7634400585738785e+01
   1.7176874328614218e+01
   1.6221484068084294e+01
   1.4578179902995579e+01
   1.2544295611526900e+01
   1.1846805740889742e+01
   1.1905542079157033e+01
   1.2033022770987154e+01
   1.2522178457705756e+01
   1.3244789455465881e+01
   1.3515419698478329e+01
   1.4174743045091242e+01
   1.4670133026334289e+01
   1.4884177676217481e+01
   1.5062011972432369e+01
   1.5084902956778361e+01
   1.5060422592091975e+01
   1.5156711173448183e+01
   1.5147305665692880e+01
   1.5112699661212851e+01
   1.5097657172861375e+01
   1.4993839961466904e+01
   1.4948704015283527e+01
   1.4959962669815537e+01
   1.5234913246073216e+01
   1.5023437544563516e+01
   1.4841656299334590e+01
   1.4926230179490895e+01
   1.4910965973529747e+01
   1.4814870762706651e+01
   1.4639587466372557e+01
   1.4300738557476006e+01
   1.3984970984986761e+01
   1.3505209891934996e+01
   1.2863673758342960e+01
   1.1887149422408365e+01
   1.0571148083559828e+01
   9.7246772122917413e+00
   9.2058192329177935e+00
   8.6700265990485086e+00
   8.9971668666054523e+00
   1.0349637170718260e+01
   1.2497905271222777e+01
   1.6436394051306117e+01
   2.0510288218400987e+01
   2.3272332558901851e+01
   2.4697455942099044e+01
   2.5066963949545077e+01
   2.4639778480153929e+01
   2.3460510702586628e+01
   2.2424152837671315e+01
   2.1276992665425126e+01
   2.0073475297042517e+01
   1.9005957653994884e+01
   1.7947745359986580e+01
   1.6916037539751507e+01
   1.5802820525171196e+01
   1.4128315304378354e+01
   1.2910960008849937e+01
   1.3535010072394551e+01
   1.3876980719212060e+01
   1.4405539388036830e+01
   1.5007267174057294e+01
   1.5744422244898839e+01
   1.6805375459273343e+01
   1.7488372537870628e+01
   1.7787660349137433e+01
   1.7931060932883973e+01
   1.7836582239469980e+01
   1.7753828740980953e+01
   1.7489288416607128e+01
   1.7263454054896162e+01
   1.7089594638611992e+01
   1.6871306344323866e+01
   1.6732096332499012e+01
   1.6570745122489289e+01
   1.6355437292081067e+01
   1.6182508798531689e+01
   1.5953395827874431e+01
   1.5797654104134516e+01
   1.5739741912239397e+01
   1.5720839083742295e+01
   1.5707501249013047e+01
   1.5561468887477087e+01
   1.5105395770334368e+01
   1.4716207868446691e+01
   1.4260966603055445e+01
   1.3386486445033803e+01
   1.2411460004473723e+01
   1.1561665887944415e+01
   1.0998681951515293e+01
   1.0498925636628620e+01
   9.8375404539761870e+00
   9.3149082515309676e+00
   9.4875616953752608e+00
   1.0272523835670309e+01
   1.1558034368465954e+01
   1.2586165059449392e+01
   1.4080641465822321e+01
   1.7325055574012396e+01
   2.0778747852817354e+01
   2.3612772575397734e+01
   2.6024315756645237e+01
   2.7925949589684773e+01
   2.9029138228399752e+01
   2.9079005521314691e+01
   2.8140592032135650e+01
   2.6366637918048319e+01
   2.4217059384990961e+01
   2.2112813459588764e+01
   2.0312887394533309e+01
   1.9116336382401688e+01
   1.8479937656836661e+01
   1.8070235111543067e+01
   1.7904883013094647e+01
   1.7408618772644555e+01
   1.6596532916870480e+01
   1.5044310796983233e+01
   1.3245278631983249e+01
   1.2660833033363623e+01
   1.2766176269068549e+01
   1.2961541195519429e+01
   1.2894686457509669e+01
   1.3385851328909721e+01
   1.4589683030968835e+01
   1.5622269481343789e+01
   1.6398616805990816e+01
   1.7111943318545389e+01
   1.7758831804070834e+01
   1.7915531450881176e+01
   1.7753995256906769e+01
   1.7301185259450744e+01
   1.6708712181395807e+01
   1.6110428030232434e+01
   1.5620035481320686e+01
   1.5257869831412526e+01
   1.5096405774639477e+01
   1.5075766007835481e+01
   1.5107884772596861e+01
   1.5139430437504400e+01
   1.5155361496057928e+01
   1.5063214276205658e+01
   1.4848642001485347e+01
   1.4637855716517937e+01
   1.4340572642943879e+01
   1.4078515191406797e+01
   1.3565719123534691e+01
   1.2639408392164786e+01
   1.1416570326101761e+01
   1.0026362167833822e+01
   8.4942861289621785e+00
   6.5785617640167642e+00
   4.8178184344916808e+00
   4.1899625796355355e+00
   4.8950444623575748e+00
   6.9408065617536980e+00
   1.0427511092480175e+01
   1.4963465699357545e+01
   1.8897910875090886e+01
   2.1244048913759574e+01
   2.2123320582521409e+01
   2.2177156234526237e+01
   2.1439291162926978e+01
   2.0132499234163838e+01
   1.8803881158575003e+01
   1.7591340723748630e+01
   1.6683769780090905e+01
   1.6274903619309587e+01
   1.6069318727613670e+01
   1.6215999172561887e+01
   1.6070284650832889e+01
   1.5760205952674028e+01
   1.5041886602854522e+01
   1.3752956781438590e+01
   1.2207369769897673e+01
   1.1595619875382978e+01
   1.2582218185644196e+01
   1.3020182291574759e+01
   1.3400068618579359e+01
   1.3670628846044149e+01
   1.3867978210302685e+01
   1.3913403557336608e+01
   1.4189670867918652e+01
   1.4202200021977980e+01
   1.4337678472926902e+01
   1.4453275480751437e+01
   1.4707814994920005e+01
   1.4980630101605284e+01
   1.5384029286990172e+01
   1.5818573910830937e+01
   1.6383224031120040e+01
   1.6882854662480149e+01
   1.7250340099726969e+01
   1.7311941301231780e+01
   1.7001782660185132e+01
   1.6377447461140580e+01
   1.5714688083552481e+01
   1.5203495643726116e+01
   1.4773649011158208e+01
   1.4888230707746537e+01
   1.5530811607397201e+01
   1.6614913064680451e+01
   1.7749779088274405e+01
   1.9259158270498801e+01
   2.0937429132709717e+01
   2.2697865529169924e+01
   2.4260676044368882e+01
   2.4819486488492156e+01
   2.4096915589742032e+01
   2.2702743334170481e+01
   2.1218804728628186e+01
   2.0049973793646135e+01
   1.8916986002245565e+01
   1.7911828427812608e+01
   1.7189081384773566e+01
   1.6046508761505279e+01
   1.4421980762929088e+01
   1.2673318752899785e+01
   1.3073529068969911e+01
   1.3730006770929997e+01
   1.4193736960382290e+01
   1.4655825515637567e+01
   1.4837321850219993e+01
   1.5016134656672891e+01
   1.5345992888249869e+01
   1.5664499818151473e+01
   1.6018898353137018e+01
   1.6184279644773373e+01
   1.6172977244792882e+01
   1.6078957869435808e+01
   1.5820453923798961e+01
   1.5535457029432939e+01
   1.5254216687684144e+01
   1.5108363101016748e+01
   1.5077705060865613e+01
   1.5101142025024473e+01
   1.4967707362862349e+01
   1.4854639870502481e+01
   1.4443422199351287e+01
   1.3631158565637843e+01
   1.2690638225383100e+01
   1.1742649857065862e+01
   1.0551444514619160e+01
   9.2729318321879894e+00
   7.3742945222900911e+00
   6.8972683748289692e+00
   8.3139706817911900e+00
   1.2459628435580367e+01
   1.7448039302494436e+01
   2.2427051355730299e+01
   2.6068897308255423e+01
   2.7928442290117246e+01
   2.8170431725978261e+01
   2.7000275666950223e+01
   2.4791879343488333e+01
   2.2051040613737293e+01
   1.9853032228854246e+01
   1.8172864119453902e+01
   1.6764491583005736e+01
   1.5501084256916212e+01
   1.5006476186866724e+01
   1.4051959189583766e+01
   1.3250235909258732e+01
   1.4357572205957496e+01
   1.4549490537552252e+01
   1.4461874647052698e+01
   1.4621879331756110e+01
   1.4565256945457609e+01
   1.4887575387208502e+01
   1.5152294374863155e+01
   1.5565050069503185e+01
   1.5752818182027248e+01
   1.5885028914915946e+01
   1.6093479879373970e+01
   1.6109045040445338e+01
   1.6119177646410144e+01
   1.5964074199441626e+01
   1.5887361639701060e+01
   1.5857801016199071e+01
   1.5703297225233609e+01
   1.5459064566326512e+01
   1.4949063801975713e+01
   1.4248486662893031e+01
   1.3675755003783339e+01
   1.2803526541965201e+01
   1.1960533959676646e+01
   1.0858313109108853e+01
   9.4412613071657852e+00
   8.1084342729250416e+00
   6.6486255202517066e+00
   4.4778501755512199e+00
   2.5032590748406487e+00
   2.6473884218970163e+00
   4.8168714458626303e+00
   7.7247648084663556e+00
   1.1629440003532288e+01
   1.8329955022782755e+01
   2.4250906207539391e+01
   2.7821730401133667e+01
   2.9407792206570644e+01
   2.9355121413890622e+01
   2.7752088600120352e+01
   2.5033310798636180e+01
   2.1943066306053336e+01
   1.9677397219791921e+01
   1.7830191301335358e+01
   1.6664758524443751e+01
   1.5682286980832330e+01
   1.4142749559019059e+01
   1.2492653484525773e+01
   1.3275442052201882e+01
   1.3773573950337111e+01
   1.3940063149896984e+01
   1.4037091169616565e+01
   1.4865617618648930e+01
   1.5117077266523960e+01
   1.5237892574461712e+01
   1.5498163638297214e+01
   1.5599469265392468e+01
   1.5718439768636070e+01
   1.5760664237915691e+01
   1.5583656379046813e+01
   1.5328756614990871e+01
   1.4961391867741511e+01
   1.4550038616531305e+01
   1.4155484824169251e+01
   1.3472999436490637e+01
   1.2739551482936161e+01
   1.1613394344665423e+01
   1.0208524786399130e+01
   8.5946802707150542e+00
   6.8280295988799953e+00
   5.0815007094866482e+00
   3.3871873320541810e+00
   2.1490142623333885e+00
   3.3425881248003835e+00
   8.0550974819847312e+00
   1.4221553629556549e+01
   1.9917189064577833e+01
   2.4428397004249810e+01
   2.7364901975942196e+01
   2.8937800101347712e+01
   2.9214103387923537e+01
   2.8171063230488784e+01
   2.6356845668677437e+01
   2.4244429262077126e+01
   2.2270827274452056e+01
   2.0810101473487787e+01
   1.9939755585675197e+01
   1.9046370485240303e+01
   1.8775971694256832e+01
   1.8770431712426124e+01
   1.8187595363241140e+01
   1.6660710242239990e+01
   1.4862694332329276e+01
   1.4748803623059370e+01
   1.4817902453796671e+01
   1.5010246761987448e+01
   1.5613571270875319e+01
   1.6399782498670035e+01
   1.6868824922139279e+01
   1.7263565820196618e+01
   1.7385736239189100e+01
   1.7486996568251246e+01
   1.7204951596024568e+01
   1.7090267441693005e+01
   1.7028452516096884e+01
   1.6966532063871231e+01
   1.6948568290749517e+01
   1.7096813502734779e+01
   1.7034936020492221e+01
   1.6827872883428093e+01
   1.6678188594371186e+01
   1.6501396335808739e+01
   1.6309677614222927e+01
   1.6119172434773372e+01
   1.6005157371474347e+01
   1.5921901139883476e+01
   1.5931264099081751e+01
   1.5688675550862518e+01
   1.5564744026893996e+01
   1.5434773187725714e+01
   1.5209798281254121e+01
   1.5058246060896346e+01
   1.4629677290992674e+01
   1.4119567070118990e+01
   1.3431844203248474e+01
   1.2443334180110057e+01
   1.0939127008687846e+01
   8.7092805032704117e+00
   6.3172209376336426e+00
   4.2121868974438552e+00
   3.5741079556574968e+00
   5.3193821743570426e+00
   7.1135676923699016e+00
   1.2623408362720763e+01
   1.9730970330850781e+01
   2.5726824795212107e+01
   2.9596560969172788e+01
   3.1189475381626622e+01
   3.0225867630615589e+01
   2.7399179968964198e+01
   2.4391810285763412e+01
   2.1570766486657512e+01
   1.9250412086101935e+01
   1.7436648588393666e+01
   1.6065161071855488e+01
   1.4890837743886042e+01
   1.3504907197613267e+01
   1.3947054054631256e+01
   1.4763946111784339e+01
   1.5389967550693200e+01
   1.5552872136516335e+01
   1.5409792234878925e+01
   1.5767956468499392e+01
   1.6932224431968780e+01
   1.7876964573944754e+01
   1.8598262742236233e+01
   1.9067397695656673e+01
   1.9187722296252652e+01
   1.9029805935612185e+01
   1.8515036788056129e+01
   1.7863867645357200e+01
   1.7178290490635025e+01
   1.6662782387338630e+01
   1.6178760897115289e+01
   1.5836612824690013e+01
   1.5588158916440552e+01
   1.5403239684970194e+01
   1.5287091916969073e+01
   1.5197790054503766e+01
   1.4986891071716627e+01
   1.4679448500428386e+01
   1.4438053150151493e+01
   1.4057715621733658e+01
   1.3480891987530695e+01
   1.2840017222161897e+01
   1.2041382328330501e+01
   1.1253164114720526e+01
   1.0463970739583159e+01
   9.4786785528096793e+00
   8.2701686692169165e+00
   6.9983634346811270e+00
   5.3220033195588421e+00
   3.1121478733077663e+00
   2.1547178189257452e+00
   3.6008158772771108e+00
   7.3570121650582054e+00
   1.2415019290602981e+01
   1.7232446318858759e+01
   1.9908845463356009e+01
   2.0543776795153185e+01
   2.1730754267723960e+01
   2.2838354046045502e+01
   2.2084853464538423e+01
   2.1466868406069580e+01
   2.0623770293649695e+01
   1.9751422210240698e+01
   1.9054115301283598e+01
   1.8570570839766511e+01
   1.8218416962002767e+01
   1.7391125846389158e+01
   1.6139788634746434e+01
   1.4476748847482080e+01
   1.3082350532585497e+01
   1.3380835720979947e+01
   1.3707663305759148e+01
   1.4229524375852508e+01
   1.5224469896524182e+01
   1.6175617022966005e+01
   1.6972726141008138e+01
   1.7455042524532121e+01
   1.7664469822223602e+01
   1.7658454952800575e+01
   1.7249270083075253e+01
   1.6916579173960670e+01
   1.6592469476417087e+01
   1.6396896825820392e+01
   1.6321451184231073e+01
   1.6261441308867212e+01
   1.6293222956697626e+01
   1.6157823344264315e+01
   1.5961502330621421e+01
   1.5778139991260163e+01
   1.5531358874273677e+01
   1.5211172718575741e+01
   1.4894679717375540e+01
   1.4444606534092715e+01
   1.3915359863103527e+01
   1.3241780153857524e+01
   1.2487643301980061e+01
   1.1540816719889131e+01
   1.0441931288420603e+01
   8.9441896141088453e+00
   7.2333093085183187e+00
   5.5702245715222949e+00
   3.7210506003220001e+00
   2.8926705506925336e+00
   4.2839661917027021e+00
   7.5567717409847193e+00
   1.2356601889771010e+01
   1.8365325970109229e+01
   2.3992318619888188e+01
   2.6129720843270423e+01
   2.5674300434798639e+01
   2.4402779280071904e+01
   2.2792520660714906e+01
   2.0811090416205033e+01
   1.8895255728665830e+01
   1.7649000434840048e+01
   1.6999551768006643e+01
   1.6991122842725048e+01
   1.7401897985601217e+01
   1.7782671593501949e+01
   1.8031554125966814e+01
   1.7964203848056584e+01
   1.7017603690077415e+01
   1.5503392651515757e+01
   1.4906196925202902e+01
   1.4857016640545845e+01
   1.4547064602849575e+01
   1.4488485828844027e+01
   1.4831870237323805e+01
   1.5548353129695155e+01
   1.6329580621858295e+01
   1.6930967987274784e+01
   1.7478197974974854e+01
   1.7827460447327155e+01
   1.8054767691912573e+01
   1.7827093429044645e+01
   1.7566201086014168e+01
   1.7300405984842751e+01
   1.6958518724745915e+01
   1.6555744129607842e+01
   1.6203719600654843e+01
   1.5906776128687865e+01
   1.5556217086281915e+01
   1.5112692783275048e+01
   1.4695685014993661e+01
   1.4344633270825922e+01
   1.3867402228260007e+01
   1.3303967008757031e+01
   1.2768254724762288e+01
   1.2362931183005550e+01
