0.000000000000000000e+00
0.000000000000000000e+00
0.000000000000000000e+00
0.000000000000000000e+00
0.000000000000000000e+00
0.000000000000000000e+00
0.000000000000000000e+00
0.000000000000000000e+00
0.000000000000000000e+00
0.000000000000000000e+00
0.000000000000000000e+00
0.000000000000000000e+00
0.000000000000000000e+00
0.000000000000000000e+00
0.000000000000000000e+00
0.000000000000000000e+00
0.000000000000000000e+00
0.000000000000000000e+00
0.000000000000000000e+00
0.000000000000000000e+00
0.000000000000000000e+00
0.000000000000000000e+00
0.000000000000000000e+00
0.000000000000000000e+00
0.000000000000000000e+00
0.000000000000000000e+00
0.000000000000000000e+00
0.000000000000000000e+00
0.000000000000000000e+00
0.000000000000000000e+00
0.000000000000000000e+00
0.000000000000000000e+00
0.000000000000000000e+00
0.000000000000000000e+00
0.000000000000000000e+00
0.000000000000000000e+00
0.000000000000000000e+00
0.000000000000000000e+00
0.000000000000000000e+00
0.000000000000000000e+00
0.000000000000000000e+00
0.000000000000000000e+00
0.000000000000000000e+00
0.000000000000000000e+00
0.000000000000000000e+00
0.000000000000000000e+00
0.000000000000000000e+00
0.000000000000000000e+00
0.000000000000000000e+00
0.000000000000000000e+00
0.000000000000000000e+00
0.000000000000000000e+00
0.000000000000000000e+00
0.000000000000000000e+00
0.000000000000000000e+00
0.000000000000000000e+00
0.000000000000000000e+00
0.000000000000000000e+00
0.000000000000000000e+00
0.000000000000000000e+00
0.000000000000000000e+00
0.000000000000000000e+00
0.000000000000000000e+00
0.000000000000000000e+00
0.000000000000000000e+00
0.000000000000000000e+00
0.000000000000000000e+00
0.000000000000000000e+00
0.000000000000000000e+00
0.000000000000000000e+00
0.000000000000000000e+00
0.000000000000000000e+00
0.000000000000000000e+00
0.000000000000000000e+00
0.000000000000000000e+00
0.000000000000000000e+00
0.000000000000000000e+00
0.000000000000000000e+00
0.000000000000000000e+00
0.000000000000000000e+00
0.000000000000000000e+00
0.000000000000000000e+00
0.000000000000000000e+00
0.000000000000000000e+00
0.000000000000000000e+00
0.000000000000000000e+00
0.000000000000000000e+00
0.000000000000000000e+00
0.000000000000000000e+00
0.000000000000000000e+00
0.000000000000000000e+00
0.000000000000000000e+00
0.000000000000000000e+00
0.000000000000000000e+00
0.000000000000000000e+00
0.000000000000000000e+00
0.000000000000000000e+00
0.000000000000000000e+00
0.000000000000000000e+00
0.000000000000000000e+00
0.000000000000000000e+00
0.000000000000000000e+00
0.000000000000000000e+00
0.000000000000000000e+00
0.000000000000000000e+00
0.000000000000000000e+00
0.000000000000000000e+00
0.000000000000000000e+00
0.000000000000000000e+00
0.000000000000000000e+00
0.000000000000000000e+00
0.000000000000000000e+00
0.000000000000000000e+00
0.000000000000000000e+00
0.000000000000000000e+00
0.000000000000000000e+00
0.000000000000000000e+00
0.000000000000000000e+00
0.000000000000000000e+00
0.000000000000000000e+00
0.000000000000000000e+00
0.000000000000000000e+00
0.000000000000000000e+00
0.000000000000000000e+00
0.000000000000000000e+00
0.000000000000000000e+00
0.000000000000000000e+00
0.000000000000000000e+00
0.000000000000000000e+00
0.000000000000000000e+00
0.000000000000000000e+00
0.000000000000000000e+00
0.000000000000000000e+00
0.000000000000000000e+00
0.000000000000000000e+00
0.000000000000000000e+00
0.000000000000000000e+00
0.000000000000000000e+00
0.000000000000000000e+00
0.000000000000000000e+00
0.000000000000000000e+00
0.000000000000000000e+00
0.000000000000000000e+00
0.000000000000000000e+00
0.000000000000000000e+00
0.000000000000000000e+00
0.000000000000000000e+00
0.000000000000000000e+00
0.000000000000000000e+00
0.000000000000000000e+00
0.000000000000000000e+00
0.000000000000000000e+00
0.000000000000000000e+00
0.000000000000000000e+00
0.000000000000000000e+00
0.000000000000000000e+00
0.000000000000000000e+00
0.000000000000000000e+00
0.000000000000000000e+00
0.000000000000000000e+00
0.000000000000000000e+00
0.000000000000000000e+00
0.000000000000000000e+00
0.000000000000000000e+00
0.000000000000000000e+00
0.000000000000000000e+00
0.000000000000000000e+00
2.500000000189182856e+02
1.896216550010838660e+02
1.438254881705165644e+02
1.090897083846735143e+02
8.274308418368818252e+01
6.275952224647063105e+01
4.760225789821019049e+01
3.610567569505590058e+01
2.738567191884327912e+01
2.077166572869922945e+01
1.575503052922873870e+01
1.194997985327553280e+01
9.063899827344974014e+00
6.874846743580526720e+00
5.214479269191609312e+00
3.955112755672525182e+00
2.999900105559073271e+00
2.275384091243964235e+00
1.725848388448670834e+00
1.309032910695302254e+00
9.928839478325828249e-01
7.530891895911075995e-01
5.712080739315379407e-01
4.332536812827332828e-01
3.286171202957083315e-01
2.492516888297883204e-01
1.890540709765722860e-01
1.433949832822288273e-01
1.087631761870854197e-01
8.249541388083578286e-02
6.257166763559884881e-02
4.745977268936858035e-02
3.599760257060917457e-02
2.730369989997460944e-02
2.070949104917729072e-02
1.570787186671184985e-02
1.191421063874186989e-02
9.036769356715169607e-03
6.854268644614954463e-03
5.198871056462286110e-03
3.943274135156046162e-03
2.990920670298694364e-03
2.268573309744286500e-03
1.720682501809782166e-03
1.305114654799544895e-03
9.899120031621215163e-04
7.508350093233402125e-04
5.694983083594879966e-04
4.319568469730870929e-04
3.276334888235534924e-04
2.500000000189182856e+02
2.177278433132939597e+02
1.896216550010838660e+02
1.651436559430369471e+02
1.438254881705165644e+02
1.252592534019142221e+02
1.090897083846735001e+02
9.500746772989496947e+01
8.274308418368818252e+01
7.206189306816587248e+01
6.275952224647064526e+01
5.465798170025085057e+01
4.760225789821021181e+01
4.145734779294488703e+01
3.610567569505591479e+01
3.144484359943542628e+01
2.738567191884327912e+01
2.385049313649588498e+01
2.077166572869922589e+01
1.809027992316841704e+01
1.575503052922873160e+01
1.372123527281797095e+01
1.194997985327551682e+01
1.040737336357640963e+01
9.063899827344958027e+00
7.893853445064868524e+00
6.874846743580517838e+00
5.987382217903746806e+00
5.214479269191600430e+00
4.541349300788215970e+00
3.955112755672518521e+00
3.444552681153244311e+00
2.999900105559067942e+00
2.612647120357089126e+00
2.275384091243962015e+00
1.981657883433749490e+00
1.725848388448667947e+00
1.503060989896867872e+00
1.309032910695300256e+00
1.140051649800975175e+00
9.928839478325809376e-01
8.647139224224719145e-01
7.530891895911062672e-01
6.558739402392793627e-01
5.712080739315374966e-01
4.974716080433714827e-01
4.332536812827325057e-01
3.773255585043848170e-01
3.286171202957077209e-01
2.861963874895814275e-01
2.492516888297881261e-01
2.170761305879971570e-01
1.890540709765719529e-01
1.646493405608500660e-01
1.433949832822285497e-01
1.248843217984914600e-01
1.087631761870853225e-01
9.472308712530357055e-02
8.249541388083564408e-02
7.184619418461088425e-02
6.257166763559873779e-02
5.449437698313686768e-02
4.745977268936850402e-02
4.133325580405369792e-02
3.599760257060917457e-02
3.135072148621884797e-02
2.730369989997456087e-02
2.377910277297997504e-02
2.070949104917725256e-02
1.803613128764844017e-02
1.570787186671182209e-02
1.368016425728770490e-02
1.191421063874184734e-02
1.037622154782906481e-02
9.036769356715153995e-03
7.870225209633452748e-03
6.854268644614954463e-03
5.969460517476058749e-03
5.198871056462276569e-03
4.527755930807115040e-03
3.943274135156039223e-03
3.434242291902597256e-03
2.990920670298689160e-03
2.604826828064026392e-03
2.268573309744282597e-03
1.975726296365387224e-03
1.720682501809782166e-03
1.498561960470464914e-03
1.305114654799542509e-03
1.136639196178299786e-03
9.899120031621199984e-04
8.621256220084831754e-04
7.508350093233389115e-04
6.539107490068670056e-04
5.694983083594870208e-04
4.959825537611890940e-04
4.319568469730862797e-04
3.761961307549748011e-04
3.276334888235534924e-04
2.853397316534571804e-04
2.485056175191999932e-04
2.164263685983970349e-04
1.884881858699646038e-04
1.641565047855885644e-04
1.429657670004396395e-04
1.245105124571244364e-04
1.084376213802849462e-04
9.443955774146543390e-05
8.224848491581829052e-05
7.163114094060778257e-05
6.238437531955573934e-05
5.433126197498433415e-05
4.731771397363100472e-05
4.120953525285746955e-05
3.588985293547538295e-05
3.125688110352409937e-05
2.722197324342140993e-05
2.370792609829531217e-05
2.064750247368872594e-05
1.798214473224783868e-05
1.566085436161417617e-05
1.363921617735927530e-05
1.187854849022201855e-05
1.034516297709085140e-05
9.009720094224286433e-06
7.846667699293828545e-06
6.833752140936198556e-06
5.951592461084203101e-06
5.183309562933856951e-06
4.514203249109427495e-06
3.931470950528335362e-06
3.423962764170501151e-06
2.981968112685817531e-06
2.597029943819862420e-06
2.261782914580611601e-06
1.969812463988910300e-06
1.715532077933985247e-06
1.494076397740300921e-06
1.301208127202697603e-06
1.133236956864535637e-06
9.869489542494579237e-07
8.595450690111371040e-07
7.485875763688376944e-07
6.519534340863160727e-07
5.677936605342690684e-07
4.944979565829278472e-07
4.306638944059375855e-07
3.750700836592533326e-07
3.266528016011451850e-07
2.844856399979218459e-07
2.477617793826499242e-07
2.157785515054655103e-07
1.879239945959854186e-07
1.636651441884271077e-07
1.425378354680353732e-07
1.241378220186080821e-07
1.081130410387031190e-07
9.415687703046879866e-08
8.200229506963065453e-08
7.141673140359963254e-08
6.219764361525551109e-08
5.416863520997472256e-08
4.717608047439948720e-08
4.108618502755249700e-08
3.578242582137194073e-08
3.116332160806272379e-08
2.714049121475448800e-08
2.363696247281891600e-08
2.058569944517865950e-08
1.792831977182100667e-08
1.561397759141714703e-08
1.359839066505639778e-08
1.184299308724124531e-08
1.031419737225660112e-08
8.982751796796546601e-09
7.823180702348514323e-09
6.813297048174509091e-09
5.933777888158447871e-09
5.167794648764324753e-09
4.500691133905172161e-09
3.919703095721133011e-09
3.413714005580891873e-09
2.973042352269076596e-09
2.589256397558568875e-09
2.255012844731661585e-09
1.963916333160187246e-09
1.710397070537450454e-09
1.489604261397257835e-09
1.297313292799092871e-09
1.129844901285759214e-09
9.839947744674178010e-10
8.569722402405187272e-10
2.500000000189182856e+02
1.896216550010838660e+02
1.438254881705165644e+02
1.090897083846735143e+02
8.274308418368818252e+01
6.275952224647063105e+01
4.760225789821019049e+01
3.610567569505590058e+01
2.738567191884327912e+01
2.077166572869922945e+01
1.575503052922873870e+01
1.194997985327553280e+01
9.063899827344974014e+00
6.874846743580526720e+00
5.214479269191609312e+00
3.955112755672525182e+00
2.999900105559073271e+00
2.275384091243964235e+00
1.725848388448670834e+00
1.309032910695302254e+00
9.928839478325828249e-01
7.530891895911075995e-01
5.712080739315379407e-01
4.332536812827332828e-01
3.286171202957083315e-01
2.492516888297883204e-01
1.890540709765722860e-01
1.433949832822288273e-01
1.087631761870854197e-01
8.249541388083578286e-02
6.257166763559884881e-02
4.745977268936858035e-02
3.599760257060917457e-02
2.730369989997460944e-02
2.070949104917729072e-02
1.570787186671184985e-02
1.191421063874186989e-02
9.036769356715169607e-03
6.854268644614954463e-03
5.198871056462286110e-03
3.943274135156046162e-03
2.990920670298694364e-03
2.268573309744286500e-03
1.720682501809782166e-03
1.305114654799544895e-03
9.899120031621215163e-04
7.508350093233402125e-04
5.694983083594879966e-04
4.319568469730870929e-04
3.276334888235534924e-04
2.485056175192009147e-04
1.884881858699652543e-04
1.429657670004401545e-04
1.084376213802853392e-04
8.224848491581843960e-05
6.238437531955584776e-05
4.731771397363118090e-05
3.588985293547550492e-05
2.722197324342150480e-05
2.064750247368880048e-05
1.566085436161423038e-05
1.187854849022206091e-05
9.009720094224318621e-06
6.833752140936223119e-06
5.183309562933876433e-06
2.500000000189182856e+02
2.177278433132939597e+02
1.896216550010838660e+02
1.651436559430369471e+02
1.438254881705165644e+02
1.252592534019142221e+02
1.090897083846735001e+02
9.500746772989496947e+01
8.274308418368818252e+01
7.206189306816587248e+01
6.275952224647064526e+01
5.465798170025085057e+01
4.760225789821021181e+01
4.145734779294488703e+01
3.610567569505591479e+01
3.144484359943542628e+01
2.738567191884327912e+01
2.385049313649588498e+01
2.077166572869922589e+01
1.809027992316841704e+01
1.575503052922873160e+01
1.372123527281797095e+01
1.194997985327551682e+01
1.040737336357640963e+01
9.063899827344958027e+00
7.893853445064868524e+00
6.874846743580517838e+00
5.987382217903746806e+00
5.214479269191600430e+00
4.541349300788215970e+00
3.955112755672518521e+00
3.444552681153244311e+00
2.999900105559067942e+00
2.612647120357089126e+00
2.275384091243962015e+00
1.981657883433749490e+00
1.725848388448667947e+00
1.503060989896867872e+00
1.309032910695300256e+00
1.140051649800975175e+00
9.928839478325809376e-01
8.647139224224719145e-01
7.530891895911062672e-01
6.558739402392793627e-01
5.712080739315374966e-01
4.974716080433714827e-01
4.332536812827325057e-01
3.773255585043848170e-01
3.286171202957077209e-01
2.861963874895814275e-01
2.492516888297881261e-01
2.170761305879971570e-01
1.890540709765719529e-01
1.646493405608500660e-01
1.433949832822285497e-01
1.248843217984914600e-01
1.087631761870853225e-01
9.472308712530357055e-02
8.249541388083564408e-02
7.184619418461088425e-02
6.257166763559873779e-02
5.449437698313686768e-02
4.745977268936850402e-02
4.133325580405369792e-02
3.599760257060917457e-02
3.135072148621884797e-02
2.730369989997456087e-02
2.377910277297997504e-02
2.070949104917725256e-02
1.803613128764844017e-02
1.570787186671182209e-02
1.368016425728770490e-02
1.191421063874184734e-02
1.037622154782906481e-02
9.036769356715153995e-03
7.870225209633452748e-03
6.854268644614954463e-03
5.969460517476058749e-03
5.198871056462276569e-03
4.527755930807115040e-03
3.943274135156039223e-03
3.434242291902597256e-03
2.990920670298689160e-03
2.604826828064026392e-03
2.268573309744282597e-03
1.975726296365387224e-03
1.720682501809782166e-03
1.498561960470464914e-03
1.305114654799542509e-03
1.136639196178299786e-03
9.899120031621199984e-04
8.621256220084831754e-04
7.508350093233389115e-04
6.539107490068670056e-04
5.694983083594870208e-04
4.959825537611890940e-04
4.319568469730862797e-04
3.761961307549748011e-04
3.276334888235534924e-04
2.853397316534571804e-04
2.485056175191999932e-04
2.164263685983970349e-04
1.884881858699646038e-04
1.641565047855885644e-04
1.429657670004396395e-04
1.245105124571244364e-04
1.084376213802849462e-04
9.443955774146543390e-05
8.224848491581829052e-05
7.163114094060778257e-05
6.238437531955573934e-05
5.433126197498433415e-05
4.731771397363100472e-05
4.120953525285746955e-05
3.588985293547538295e-05
3.125688110352409937e-05
2.722197324342140993e-05
2.370792609829531217e-05
2.064750247368872594e-05
1.798214473224783868e-05
1.566085436161417617e-05
1.363921617735927530e-05
1.187854849022201855e-05
1.034516297709085140e-05
9.009720094224286433e-06
7.846667699293828545e-06
6.833752140936198556e-06
5.951592461084203101e-06
5.183309562933856951e-06
4.514203249109427495e-06
3.931470950528335362e-06
3.423962764170501151e-06
2.981968112685817531e-06
2.597029943819862420e-06
2.261782914580611601e-06
1.969812463988910300e-06
1.715532077933985247e-06
1.494076397740300921e-06
1.301208127202697603e-06
1.133236956864535637e-06
9.869489542494579237e-07
8.595450690111371040e-07
7.485875763688376944e-07
6.519534340863160727e-07
5.677936605342690684e-07
4.944979565829278472e-07
4.306638944059375855e-07
3.750700836592533326e-07
3.266528016011451850e-07
2.844856399979218459e-07
2.477617793826499242e-07
2.157785515054655103e-07
1.879239945959854186e-07
1.636651441884271077e-07
1.425378354680353732e-07
1.241378220186080821e-07
1.081130410387031190e-07
9.415687703046879866e-08
8.200229506963065453e-08
7.141673140359963254e-08
6.219764361525551109e-08
5.416863520997472256e-08
4.717608047439948720e-08
4.108618502755249700e-08
3.578242582137194073e-08
3.116332160806272379e-08
2.714049121475448800e-08
2.363696247281891600e-08
2.058569944517865950e-08
1.792831977182100667e-08
1.561397759141714703e-08
1.359839066505639778e-08
1.184299308724124531e-08
1.031419737225660112e-08
2.500000000189182856e+02
1.896216550010838660e+02
1.438254881705165644e+02
1.090897083846735143e+02
8.274308418368818252e+01
6.275952224647063105e+01
4.760225789821019049e+01
3.610567569505590058e+01
2.738567191884327912e+01
2.077166572869922945e+01
1.575503052922873870e+01
1.194997985327553280e+01
9.063899827344974014e+00
6.874846743580526720e+00
5.214479269191609312e+00
3.955112755672525182e+00
2.999900105559073271e+00
2.275384091243964235e+00
1.725848388448670834e+00
1.309032910695302254e+00
9.928839478325828249e-01
7.530891895911075995e-01
5.712080739315379407e-01
4.332536812827332828e-01
3.286171202957083315e-01
2.492516888297883204e-01
1.890540709765722860e-01
1.433949832822288273e-01
1.087631761870854197e-01
8.249541388083578286e-02
6.257166763559884881e-02
4.745977268936858035e-02
3.599760257060917457e-02
2.730369989997460944e-02
2.070949104917729072e-02
1.570787186671184985e-02
1.191421063874186989e-02
9.036769356715169607e-03
6.854268644614954463e-03
5.198871056462286110e-03
3.943274135156046162e-03
2.990920670298694364e-03
2.268573309744286500e-03
1.720682501809782166e-03
1.305114654799544895e-03
9.899120031621215163e-04
7.508350093233402125e-04
5.694983083594879966e-04
4.319568469730870929e-04
3.276334888235534924e-04
2.485056175192009147e-04
1.884881858699652543e-04
1.429657670004401545e-04
1.084376213802853392e-04
8.224848491581843960e-05
6.238437531955584776e-05
2.500000000189182856e+02
2.177278433132939597e+02
1.896216550010838660e+02
1.651436559430369471e+02
1.438254881705165644e+02
1.252592534019142221e+02
1.090897083846735001e+02
9.500746772989496947e+01
8.274308418368818252e+01
7.206189306816587248e+01
6.275952224647064526e+01
5.465798170025085057e+01
4.760225789821021181e+01
4.145734779294488703e+01
3.610567569505591479e+01
3.144484359943542628e+01
2.738567191884327912e+01
2.385049313649588498e+01
2.077166572869922589e+01
1.809027992316841704e+01
1.575503052922873160e+01
1.372123527281797095e+01
1.194997985327551682e+01
1.040737336357640963e+01
9.063899827344958027e+00
7.893853445064868524e+00
6.874846743580517838e+00
5.987382217903746806e+00
5.214479269191600430e+00
4.541349300788215970e+00
3.955112755672518521e+00
3.444552681153244311e+00
2.999900105559067942e+00
2.612647120357089126e+00
2.275384091243962015e+00
1.981657883433749490e+00
1.725848388448667947e+00
1.503060989896867872e+00
1.309032910695300256e+00
1.140051649800975175e+00
9.928839478325809376e-01
8.647139224224719145e-01
7.530891895911062672e-01
6.558739402392793627e-01
5.712080739315374966e-01
4.974716080433714827e-01
4.332536812827325057e-01
3.773255585043848170e-01
3.286171202957077209e-01
2.861963874895814275e-01
2.492516888297881261e-01
2.170761305879971570e-01
1.890540709765719529e-01
1.646493405608500660e-01
1.433949832822285497e-01
1.248843217984914600e-01
1.087631761870853225e-01
9.472308712530357055e-02
8.249541388083564408e-02
7.184619418461088425e-02
6.257166763559873779e-02
5.449437698313686768e-02
4.745977268936850402e-02
4.133325580405369792e-02
3.599760257060917457e-02
3.135072148621884797e-02
2.730369989997456087e-02
2.377910277297997504e-02
2.070949104917725256e-02
1.803613128764844017e-02
1.570787186671182209e-02
1.368016425728770490e-02
1.191421063874184734e-02
1.037622154782906481e-02
9.036769356715153995e-03
7.870225209633452748e-03
6.854268644614954463e-03
5.969460517476058749e-03
5.198871056462276569e-03
4.527755930807115040e-03
3.943274135156039223e-03
3.434242291902597256e-03
2.990920670298689160e-03
2.604826828064026392e-03
2.268573309744282597e-03
1.975726296365387224e-03
1.720682501809782166e-03
1.498561960470464914e-03
1.305114654799542509e-03
1.136639196178299786e-03
9.899120031621199984e-04
8.621256220084831754e-04
7.508350093233389115e-04
6.539107490068670056e-04
5.694983083594870208e-04
4.959825537611890940e-04
4.319568469730862797e-04
3.761961307549748011e-04
3.276334888235534924e-04
2.853397316534571804e-04
2.485056175191999932e-04
2.164263685983970349e-04
1.884881858699646038e-04
1.641565047855885644e-04
1.429657670004396395e-04
1.245105124571244364e-04
1.084376213802849462e-04
9.443955774146543390e-05
8.224848491581829052e-05
7.163114094060778257e-05
6.238437531955573934e-05
5.433126197498433415e-05
4.731771397363100472e-05
4.120953525285746955e-05
3.588985293547538295e-05
3.125688110352409937e-05
2.722197324342140993e-05
2.370792609829531217e-05
2.064750247368872594e-05
1.798214473224783868e-05
1.566085436161417617e-05
1.363921617735927530e-05
1.187854849022201855e-05
1.034516297709085140e-05
9.009720094224286433e-06
7.846667699293828545e-06
6.833752140936198556e-06
5.951592461084203101e-06
5.183309562933856951e-06
4.514203249109427495e-06
3.931470950528335362e-06
3.423962764170501151e-06
2.981968112685817531e-06
2.597029943819862420e-06
2.261782914580611601e-06
1.969812463988910300e-06
1.715532077933985247e-06
1.494076397740300921e-06
1.301208127202697603e-06
1.133236956864535637e-06
9.869489542494579237e-07
8.595450690111371040e-07
7.485875763688376944e-07
6.519534340863160727e-07
5.677936605342690684e-07
4.944979565829278472e-07
4.306638944059375855e-07
3.750700836592533326e-07
3.266528016011451850e-07
2.844856399979218459e-07
2.477617793826499242e-07
2.157785515054655103e-07
1.879239945959854186e-07
1.636651441884271077e-07
1.425378354680353732e-07
1.241378220186080821e-07
1.081130410387031190e-07
9.415687703046879866e-08
8.200229506963065453e-08
7.141673140359963254e-08
6.219764361525551109e-08
5.416863520997472256e-08
4.717608047439948720e-08
4.108618502755249700e-08
3.578242582137194073e-08
3.116332160806272379e-08
2.714049121475448800e-08
2.363696247281891600e-08
2.058569944517865950e-08
1.792831977182100667e-08
1.561397759141714703e-08
2.500000000189182856e+02
1.896216550010838660e+02
1.438254881705165644e+02
1.090897083846735143e+02
8.274308418368818252e+01
6.275952224647063105e+01
4.760225789821019049e+01
3.610567569505590058e+01
2.738567191884327912e+01
2.077166572869922945e+01
1.575503052922873870e+01
1.194997985327553280e+01
9.063899827344974014e+00
6.874846743580526720e+00
5.214479269191609312e+00
3.955112755672525182e+00
2.999900105559073271e+00
2.275384091243964235e+00
1.725848388448670834e+00
1.309032910695302254e+00
9.928839478325828249e-01
7.530891895911075995e-01
5.712080739315379407e-01
4.332536812827332828e-01
3.286171202957083315e-01
2.492516888297883204e-01
1.890540709765722860e-01
1.433949832822288273e-01
1.087631761870854197e-01
8.249541388083578286e-02
6.257166763559884881e-02
4.745977268936858035e-02
3.599760257060917457e-02
2.730369989997460944e-02
2.070949104917729072e-02
1.570787186671184985e-02
1.191421063874186989e-02
9.036769356715169607e-03
6.854268644614954463e-03
5.198871056462286110e-03
3.943274135156046162e-03
2.990920670298694364e-03
2.268573309744286500e-03
1.720682501809782166e-03
1.305114654799544895e-03
9.899120031621215163e-04
7.508350093233402125e-04
5.694983083594879966e-04
4.319568469730870929e-04
3.276334888235534924e-04
2.485056175192009147e-04
1.884881858699652543e-04
1.429657670004401545e-04
1.084376213802853392e-04
8.224848491581843960e-05
6.238437531955584776e-05
4.731771397363118090e-05
3.588985293547550492e-05
2.722197324342150480e-05
2.064750247368880048e-05
2.500000000189182856e+02
2.177278433132939597e+02
1.896216550010838660e+02
1.651436559430369471e+02
1.438254881705165644e+02
1.252592534019142221e+02
1.090897083846735001e+02
9.500746772989496947e+01
8.274308418368818252e+01
7.206189306816587248e+01
6.275952224647064526e+01
5.465798170025085057e+01
4.760225789821021181e+01
4.145734779294488703e+01
3.610567569505591479e+01
3.144484359943542628e+01
2.738567191884327912e+01
2.385049313649588498e+01
2.077166572869922589e+01
1.809027992316841704e+01
1.575503052922873160e+01
1.372123527281797095e+01
1.194997985327551682e+01
1.040737336357640963e+01
9.063899827344958027e+00
7.893853445064868524e+00
6.874846743580517838e+00
5.987382217903746806e+00
5.214479269191600430e+00
4.541349300788215970e+00
3.955112755672518521e+00
3.444552681153244311e+00
2.999900105559067942e+00
2.612647120357089126e+00
2.275384091243962015e+00
1.981657883433749490e+00
1.725848388448667947e+00
1.503060989896867872e+00
1.309032910695300256e+00
1.140051649800975175e+00
9.928839478325809376e-01
8.647139224224719145e-01
7.530891895911062672e-01
6.558739402392793627e-01
5.712080739315374966e-01
4.974716080433714827e-01
4.332536812827325057e-01
3.773255585043848170e-01
3.286171202957077209e-01
2.861963874895814275e-01
2.492516888297881261e-01
2.170761305879971570e-01
1.890540709765719529e-01
1.646493405608500660e-01
1.433949832822285497e-01
1.248843217984914600e-01
1.087631761870853225e-01
9.472308712530357055e-02
8.249541388083564408e-02
7.184619418461088425e-02
6.257166763559873779e-02
5.449437698313686768e-02
4.745977268936850402e-02
4.133325580405369792e-02
3.599760257060917457e-02
3.135072148621884797e-02
2.730369989997456087e-02
2.377910277297997504e-02
2.070949104917725256e-02
1.803613128764844017e-02
1.570787186671182209e-02
1.368016425728770490e-02
1.191421063874184734e-02
1.037622154782906481e-02
9.036769356715153995e-03
7.870225209633452748e-03
6.854268644614954463e-03
5.969460517476058749e-03
5.198871056462276569e-03
4.527755930807115040e-03
3.943274135156039223e-03
3.434242291902597256e-03
2.990920670298689160e-03
2.604826828064026392e-03
2.268573309744282597e-03
1.975726296365387224e-03
1.720682501809782166e-03
1.498561960470464914e-03
1.305114654799542509e-03
1.136639196178299786e-03
9.899120031621199984e-04
8.621256220084831754e-04
7.508350093233389115e-04
6.539107490068670056e-04
5.694983083594870208e-04
4.959825537611890940e-04
4.319568469730862797e-04
3.761961307549748011e-04
3.276334888235534924e-04
2.853397316534571804e-04
2.485056175191999932e-04
2.164263685983970349e-04
1.884881858699646038e-04
1.641565047855885644e-04
1.429657670004396395e-04
1.245105124571244364e-04
1.084376213802849462e-04
9.443955774146543390e-05
8.224848491581829052e-05
7.163114094060778257e-05
6.238437531955573934e-05
5.433126197498433415e-05
4.731771397363100472e-05
4.120953525285746955e-05
3.588985293547538295e-05
3.125688110352409937e-05
2.722197324342140993e-05
2.370792609829531217e-05
2.064750247368872594e-05
1.798214473224783868e-05
1.566085436161417617e-05
1.363921617735927530e-05
1.187854849022201855e-05
1.034516297709085140e-05
9.009720094224286433e-06
7.846667699293828545e-06
6.833752140936198556e-06
5.951592461084203101e-06
5.183309562933856951e-06
4.514203249109427495e-06
3.931470950528335362e-06
3.423962764170501151e-06
2.981968112685817531e-06
2.597029943819862420e-06
2.261782914580611601e-06
1.969812463988910300e-06
1.715532077933985247e-06
1.494076397740300921e-06
1.301208127202697603e-06
1.133236956864535637e-06
9.869489542494579237e-07
8.595450690111371040e-07
7.485875763688376944e-07
6.519534340863160727e-07
5.677936605342690684e-07
4.944979565829278472e-07
4.306638944059375855e-07
3.750700836592533326e-07
3.266528016011451850e-07
2.844856399979218459e-07
2.477617793826499242e-07
2.157785515054655103e-07
1.879239945959854186e-07
1.636651441884271077e-07
1.425378354680353732e-07
1.241378220186080821e-07
1.081130410387031190e-07
2.500000000189182856e+02
1.896216550010838660e+02
1.438254881705165644e+02
1.090897083846735143e+02
8.274308418368818252e+01
6.275952224647063105e+01
4.760225789821019049e+01
3.610567569505590058e+01
2.738567191884327912e+01
2.077166572869922945e+01
1.575503052922873870e+01
1.194997985327553280e+01
9.063899827344974014e+00
6.874846743580526720e+00
5.214479269191609312e+00
3.955112755672525182e+00
2.999900105559073271e+00
2.275384091243964235e+00
1.725848388448670834e+00
1.309032910695302254e+00
9.928839478325828249e-01
7.530891895911075995e-01
5.712080739315379407e-01
4.332536812827332828e-01
3.286171202957083315e-01
2.492516888297883204e-01
1.890540709765722860e-01
1.433949832822288273e-01
1.087631761870854197e-01
8.249541388083578286e-02
6.257166763559884881e-02
4.745977268936858035e-02
3.599760257060917457e-02
2.730369989997460944e-02
2.070949104917729072e-02
1.570787186671184985e-02
1.191421063874186989e-02
9.036769356715169607e-03
6.854268644614954463e-03
5.198871056462286110e-03
3.943274135156046162e-03
2.990920670298694364e-03
2.268573309744286500e-03
1.720682501809782166e-03
1.305114654799544895e-03
9.899120031621215163e-04
7.508350093233402125e-04
5.694983083594879966e-04
4.319568469730870929e-04
3.276334888235534924e-04
2.485056175192009147e-04
1.884881858699652543e-04
1.429657670004401545e-04
1.084376213802853392e-04
8.224848491581843960e-05
6.238437531955584776e-05
4.731771397363118090e-05
3.588985293547550492e-05
2.722197324342150480e-05
2.064750247368880048e-05
1.566085436161423038e-05
1.187854849022206091e-05
9.009720094224318621e-06
6.833752140936223119e-06
5.183309562933876433e-06
3.931470950528348915e-06
2.981968112685828542e-06
2.261782914580620072e-06
1.715532077933991388e-06
1.301208127202697603e-06
9.869489542494613119e-07
7.485875763688404472e-07
5.677936605342709742e-07
4.306638944059391207e-07
3.266528016011451850e-07
2.477617793826507712e-07
1.879239945959861068e-07
1.425378354680358761e-07
1.081130410387035028e-07
8.200229506963065453e-08
6.219764361525573608e-08
4.717608047439965263e-08
3.578242582137206646e-08
2.714049121475458395e-08
2.058569944517873229e-08
1.561397759141720327e-08
1.184299308724128667e-08
8.982751796796579689e-09
6.813297048174533907e-09
5.167794648764342124e-09
3.919703095721147073e-09
2.973042352269076596e-09
2.255012844731669856e-09
1.710397070537456451e-09
1.297313292799097420e-09
9.839947744674215233e-10
7.463468705312427147e-10
5.660941151372181846e-10
2.500000000189182856e+02
2.177278433132939597e+02
1.896216550010838660e+02
1.651436559430369471e+02
1.438254881705165644e+02
1.252592534019142221e+02
1.090897083846735001e+02
9.500746772989496947e+01
8.274308418368818252e+01
7.206189306816587248e+01
6.275952224647064526e+01
5.465798170025085057e+01
4.760225789821021181e+01
4.145734779294488703e+01
3.610567569505591479e+01
3.144484359943542628e+01
2.738567191884327912e+01
2.385049313649588498e+01
2.077166572869922589e+01
1.809027992316841704e+01
1.575503052922873160e+01
1.372123527281797095e+01
1.194997985327551682e+01
1.040737336357640963e+01
9.063899827344958027e+00
7.893853445064868524e+00
6.874846743580517838e+00
5.987382217903746806e+00
5.214479269191600430e+00
4.541349300788215970e+00
3.955112755672518521e+00
3.444552681153244311e+00
2.999900105559067942e+00
2.612647120357089126e+00
2.275384091243962015e+00
1.981657883433749490e+00
1.725848388448667947e+00
1.503060989896867872e+00
1.309032910695300256e+00
1.140051649800975175e+00
9.928839478325809376e-01
8.647139224224719145e-01
7.530891895911062672e-01
6.558739402392793627e-01
5.712080739315374966e-01
4.974716080433714827e-01
4.332536812827325057e-01
3.773255585043848170e-01
3.286171202957077209e-01
2.861963874895814275e-01
2.492516888297881261e-01
2.170761305879971570e-01
1.890540709765719529e-01
1.646493405608500660e-01
1.433949832822285497e-01
1.248843217984914600e-01
1.087631761870853225e-01
9.472308712530357055e-02
8.249541388083564408e-02
7.184619418461088425e-02
6.257166763559873779e-02
5.449437698313686768e-02
4.745977268936850402e-02
4.133325580405369792e-02
3.599760257060917457e-02
3.135072148621884797e-02
2.730369989997456087e-02
2.377910277297997504e-02
2.070949104917725256e-02
1.803613128764844017e-02
1.570787186671182209e-02
1.368016425728770490e-02
1.191421063874184734e-02
1.037622154782906481e-02
9.036769356715153995e-03
7.870225209633452748e-03
6.854268644614954463e-03
5.969460517476058749e-03
5.198871056462276569e-03
4.527755930807115040e-03
3.943274135156039223e-03
3.434242291902597256e-03
2.990920670298689160e-03
2.604826828064026392e-03
2.268573309744282597e-03
1.975726296365387224e-03
1.720682501809782166e-03
1.498561960470464914e-03
1.305114654799542509e-03
1.136639196178299786e-03
9.899120031621199984e-04
8.621256220084831754e-04
7.508350093233389115e-04
6.539107490068670056e-04
5.694983083594870208e-04
4.959825537611890940e-04
4.319568469730862797e-04
3.761961307549748011e-04
3.276334888235534924e-04
2.853397316534571804e-04
2.485056175191999932e-04
2.164263685983970349e-04
1.884881858699646038e-04
1.641565047855885644e-04
1.429657670004396395e-04
1.245105124571244364e-04
1.084376213802849462e-04
9.443955774146543390e-05
8.224848491581829052e-05
7.163114094060778257e-05
6.238437531955573934e-05
5.433126197498433415e-05
4.731771397363100472e-05
4.120953525285746955e-05
3.588985293547538295e-05
3.125688110352409937e-05
2.722197324342140993e-05
2.370792609829531217e-05
2.064750247368872594e-05
1.798214473224783868e-05
1.566085436161417617e-05
1.363921617735927530e-05
1.187854849022201855e-05
1.034516297709085140e-05
9.009720094224286433e-06
7.846667699293828545e-06
6.833752140936198556e-06
5.951592461084203101e-06
5.183309562933856951e-06
4.514203249109427495e-06
3.931470950528335362e-06
3.423962764170501151e-06
2.981968112685817531e-06
2.597029943819862420e-06
2.261782914580611601e-06
1.969812463988910300e-06
1.715532077933985247e-06
1.494076397740300921e-06
1.301208127202697603e-06
1.133236956864535637e-06
9.869489542494579237e-07
8.595450690111371040e-07
7.485875763688376944e-07
6.519534340863160727e-07
5.677936605342690684e-07
4.944979565829278472e-07
4.306638944059375855e-07
3.750700836592533326e-07
3.266528016011451850e-07
2.844856399979218459e-07
2.477617793826499242e-07
2.157785515054655103e-07
1.879239945959854186e-07
1.636651441884271077e-07
1.425378354680353732e-07
1.241378220186080821e-07
2.500000000189182856e+02
1.896216550010838660e+02
1.438254881705165644e+02
1.090897083846735143e+02
8.274308418368818252e+01
6.275952224647063105e+01
4.760225789821019049e+01
3.610567569505590058e+01
2.738567191884327912e+01
2.077166572869922945e+01
1.575503052922873870e+01
1.194997985327553280e+01
9.063899827344974014e+00
6.874846743580526720e+00
5.214479269191609312e+00
3.955112755672525182e+00
2.999900105559073271e+00
2.275384091243964235e+00
1.725848388448670834e+00
1.309032910695302254e+00
9.928839478325828249e-01
7.530891895911075995e-01
5.712080739315379407e-01
4.332536812827332828e-01
3.286171202957083315e-01
2.492516888297883204e-01
1.890540709765722860e-01
1.433949832822288273e-01
1.087631761870854197e-01
8.249541388083578286e-02
6.257166763559884881e-02
4.745977268936858035e-02
3.599760257060917457e-02
2.730369989997460944e-02
2.070949104917729072e-02
1.570787186671184985e-02
1.191421063874186989e-02
9.036769356715169607e-03
6.854268644614954463e-03
5.198871056462286110e-03
3.943274135156046162e-03
2.990920670298694364e-03
2.268573309744286500e-03
1.720682501809782166e-03
1.305114654799544895e-03
9.899120031621215163e-04
7.508350093233402125e-04
5.694983083594879966e-04
4.319568469730870929e-04
3.276334888235534924e-04
2.485056175192009147e-04
1.884881858699652543e-04
1.429657670004401545e-04
1.084376213802853392e-04
8.224848491581843960e-05
6.238437531955584776e-05
4.731771397363118090e-05
3.588985293547550492e-05
2.722197324342150480e-05
2.064750247368880048e-05
1.566085436161423038e-05
1.187854849022206091e-05
9.009720094224318621e-06
6.833752140936223119e-06
5.183309562933876433e-06
3.931470950528348915e-06
2.981968112685828542e-06
2.261782914580620072e-06
1.715532077933991388e-06
1.301208127202697603e-06
9.869489542494613119e-07
7.485875763688404472e-07
5.677936605342709742e-07
4.306638944059391207e-07
3.266528016011451850e-07
2.477617793826507712e-07
2.500000000189182856e+02
2.177278433132939597e+02
1.896216550010838660e+02
1.651436559430369471e+02
1.438254881705165644e+02
1.252592534019142221e+02
1.090897083846735001e+02
9.500746772989496947e+01
8.274308418368818252e+01
7.206189306816587248e+01
6.275952224647064526e+01
5.465798170025085057e+01
4.760225789821021181e+01
4.145734779294488703e+01
3.610567569505591479e+01
3.144484359943542628e+01
2.738567191884327912e+01
2.385049313649588498e+01
2.077166572869922589e+01
1.809027992316841704e+01
1.575503052922873160e+01
1.372123527281797095e+01
1.194997985327551682e+01
1.040737336357640963e+01
9.063899827344958027e+00
7.893853445064868524e+00
6.874846743580517838e+00
5.987382217903746806e+00
5.214479269191600430e+00
4.541349300788215970e+00
3.955112755672518521e+00
3.444552681153244311e+00
2.999900105559067942e+00
2.612647120357089126e+00
2.275384091243962015e+00
1.981657883433749490e+00
1.725848388448667947e+00
1.503060989896867872e+00
1.309032910695300256e+00
1.140051649800975175e+00
9.928839478325809376e-01
8.647139224224719145e-01
7.530891895911062672e-01
6.558739402392793627e-01
5.712080739315374966e-01
4.974716080433714827e-01
4.332536812827325057e-01
3.773255585043848170e-01
3.286171202957077209e-01
2.861963874895814275e-01
2.492516888297881261e-01
2.170761305879971570e-01
1.890540709765719529e-01
1.646493405608500660e-01
1.433949832822285497e-01
1.248843217984914600e-01
1.087631761870853225e-01
9.472308712530357055e-02
8.249541388083564408e-02
7.184619418461088425e-02
6.257166763559873779e-02
5.449437698313686768e-02
4.745977268936850402e-02
4.133325580405369792e-02
3.599760257060917457e-02
3.135072148621884797e-02
2.730369989997456087e-02
2.377910277297997504e-02
2.070949104917725256e-02
1.803613128764844017e-02
1.570787186671182209e-02
1.368016425728770490e-02
1.191421063874184734e-02
1.037622154782906481e-02
9.036769356715153995e-03
7.870225209633452748e-03
6.854268644614954463e-03
5.969460517476058749e-03
5.198871056462276569e-03
4.527755930807115040e-03
3.943274135156039223e-03
3.434242291902597256e-03
2.990920670298689160e-03
2.604826828064026392e-03
2.268573309744282597e-03
1.975726296365387224e-03
1.720682501809782166e-03
1.498561960470464914e-03
1.305114654799542509e-03
1.136639196178299786e-03
9.899120031621199984e-04
8.621256220084831754e-04
7.508350093233389115e-04
6.539107490068670056e-04
5.694983083594870208e-04
4.959825537611890940e-04
4.319568469730862797e-04
3.761961307549748011e-04
3.276334888235534924e-04
2.853397316534571804e-04
2.485056175191999932e-04
2.164263685983970349e-04
1.884881858699646038e-04
1.641565047855885644e-04
1.429657670004396395e-04
1.245105124571244364e-04
1.084376213802849462e-04
9.443955774146543390e-05
8.224848491581829052e-05
7.163114094060778257e-05
6.238437531955573934e-05
5.433126197498433415e-05
4.731771397363100472e-05
4.120953525285746955e-05
3.588985293547538295e-05
3.125688110352409937e-05
2.722197324342140993e-05
2.370792609829531217e-05
2.064750247368872594e-05
1.798214473224783868e-05
1.566085436161417617e-05
1.363921617735927530e-05
1.187854849022201855e-05
1.034516297709085140e-05
9.009720094224286433e-06
7.846667699293828545e-06
6.833752140936198556e-06
5.951592461084203101e-06
5.183309562933856951e-06
4.514203249109427495e-06
3.931470950528335362e-06
3.423962764170501151e-06
2.981968112685817531e-06
2.597029943819862420e-06
2.261782914580611601e-06
1.969812463988910300e-06
1.715532077933985247e-06
1.494076397740300921e-06
1.301208127202697603e-06
1.133236956864535637e-06
9.869489542494579237e-07
8.595450690111371040e-07
7.485875763688376944e-07
6.519534340863160727e-07
5.677936605342690684e-07
4.944979565829278472e-07
4.306638944059375855e-07
3.750700836592533326e-07
3.266528016011451850e-07
2.844856399979218459e-07
2.477617793826499242e-07
2.157785515054655103e-07
1.879239945959854186e-07
1.636651441884271077e-07
1.425378354680353732e-07
1.241378220186080821e-07
1.081130410387031190e-07
9.415687703046879866e-08
8.200229506963065453e-08
2.500000000189182856e+02
1.896216550010838660e+02
1.438254881705165644e+02
1.090897083846735143e+02
8.274308418368818252e+01
6.275952224647063105e+01
4.760225789821019049e+01
3.610567569505590058e+01
2.738567191884327912e+01
2.077166572869922945e+01
1.575503052922873870e+01
1.194997985327553280e+01
9.063899827344974014e+00
6.874846743580526720e+00
5.214479269191609312e+00
3.955112755672525182e+00
2.999900105559073271e+00
2.275384091243964235e+00
1.725848388448670834e+00
1.309032910695302254e+00
9.928839478325828249e-01
7.530891895911075995e-01
5.712080739315379407e-01
4.332536812827332828e-01
3.286171202957083315e-01
2.492516888297883204e-01
1.890540709765722860e-01
1.433949832822288273e-01
1.087631761870854197e-01
8.249541388083578286e-02
6.257166763559884881e-02
4.745977268936858035e-02
3.599760257060917457e-02
2.730369989997460944e-02
2.070949104917729072e-02
1.570787186671184985e-02
1.191421063874186989e-02
9.036769356715169607e-03
6.854268644614954463e-03
5.198871056462286110e-03
3.943274135156046162e-03
2.990920670298694364e-03
2.268573309744286500e-03
1.720682501809782166e-03
1.305114654799544895e-03
9.899120031621215163e-04
7.508350093233402125e-04
5.694983083594879966e-04
4.319568469730870929e-04
3.276334888235534924e-04
2.485056175192009147e-04
1.884881858699652543e-04
1.429657670004401545e-04
1.084376213802853392e-04
8.224848491581843960e-05
6.238437531955584776e-05
4.731771397363118090e-05
3.588985293547550492e-05
2.722197324342150480e-05
2.064750247368880048e-05
2.500000000189182856e+02
2.177278433132939597e+02
1.896216550010838660e+02
1.651436559430369471e+02
1.438254881705165644e+02
1.252592534019142221e+02
1.090897083846735001e+02
9.500746772989496947e+01
8.274308418368818252e+01
7.206189306816587248e+01
6.275952224647064526e+01
5.465798170025085057e+01
4.760225789821021181e+01
4.145734779294488703e+01
3.610567569505591479e+01
3.144484359943542628e+01
2.738567191884327912e+01
2.385049313649588498e+01
2.077166572869922589e+01
1.809027992316841704e+01
1.575503052922873160e+01
1.372123527281797095e+01
1.194997985327551682e+01
1.040737336357640963e+01
9.063899827344958027e+00
7.893853445064868524e+00
6.874846743580517838e+00
5.987382217903746806e+00
5.214479269191600430e+00
4.541349300788215970e+00
3.955112755672518521e+00
3.444552681153244311e+00
2.999900105559067942e+00
2.612647120357089126e+00
2.275384091243962015e+00
1.981657883433749490e+00
1.725848388448667947e+00
1.503060989896867872e+00
1.309032910695300256e+00
1.140051649800975175e+00
9.928839478325809376e-01
8.647139224224719145e-01
7.530891895911062672e-01
6.558739402392793627e-01
5.712080739315374966e-01
4.974716080433714827e-01
4.332536812827325057e-01
3.773255585043848170e-01
3.286171202957077209e-01
2.861963874895814275e-01
2.492516888297881261e-01
2.170761305879971570e-01
1.890540709765719529e-01
1.646493405608500660e-01
1.433949832822285497e-01
1.248843217984914600e-01
1.087631761870853225e-01
9.472308712530357055e-02
8.249541388083564408e-02
7.184619418461088425e-02
6.257166763559873779e-02
5.449437698313686768e-02
4.745977268936850402e-02
4.133325580405369792e-02
3.599760257060917457e-02
3.135072148621884797e-02
2.730369989997456087e-02
2.377910277297997504e-02
2.070949104917725256e-02
1.803613128764844017e-02
1.570787186671182209e-02
1.368016425728770490e-02
1.191421063874184734e-02
1.037622154782906481e-02
9.036769356715153995e-03
7.870225209633452748e-03
6.854268644614954463e-03
5.969460517476058749e-03
5.198871056462276569e-03
4.527755930807115040e-03
3.943274135156039223e-03
3.434242291902597256e-03
2.990920670298689160e-03
2.604826828064026392e-03
2.268573309744282597e-03
1.975726296365387224e-03
1.720682501809782166e-03
1.498561960470464914e-03
1.305114654799542509e-03
1.136639196178299786e-03
9.899120031621199984e-04
8.621256220084831754e-04
7.508350093233389115e-04
6.539107490068670056e-04
5.694983083594870208e-04
4.959825537611890940e-04
4.319568469730862797e-04
3.761961307549748011e-04
3.276334888235534924e-04
2.853397316534571804e-04
2.485056175191999932e-04
2.164263685983970349e-04
1.884881858699646038e-04
1.641565047855885644e-04
1.429657670004396395e-04
1.245105124571244364e-04
1.084376213802849462e-04
9.443955774146543390e-05
8.224848491581829052e-05
7.163114094060778257e-05
6.238437531955573934e-05
5.433126197498433415e-05
4.731771397363100472e-05
4.120953525285746955e-05
3.588985293547538295e-05
3.125688110352409937e-05
2.722197324342140993e-05
2.370792609829531217e-05
2.064750247368872594e-05
1.798214473224783868e-05
1.566085436161417617e-05
1.363921617735927530e-05
1.187854849022201855e-05
1.034516297709085140e-05
9.009720094224286433e-06
7.846667699293828545e-06
6.833752140936198556e-06
5.951592461084203101e-06
5.183309562933856951e-06
4.514203249109427495e-06
3.931470950528335362e-06
3.423962764170501151e-06
2.981968112685817531e-06
2.597029943819862420e-06
2.261782914580611601e-06
1.969812463988910300e-06
1.715532077933985247e-06
1.494076397740300921e-06
1.301208127202697603e-06
1.133236956864535637e-06
9.869489542494579237e-07
8.595450690111371040e-07
7.485875763688376944e-07
6.519534340863160727e-07
5.677936605342690684e-07
4.944979565829278472e-07
4.306638944059375855e-07
3.750700836592533326e-07
3.266528016011451850e-07
2.844856399979218459e-07
2.477617793826499242e-07
2.157785515054655103e-07
1.879239945959854186e-07
1.636651441884271077e-07
1.425378354680353732e-07
1.241378220186080821e-07
1.081130410387031190e-07
9.415687703046879866e-08
8.200229506963065453e-08
7.141673140359963254e-08
6.219764361525551109e-08
5.416863520997472256e-08
4.717608047439948720e-08
4.108618502755249700e-08
3.578242582137194073e-08
3.116332160806272379e-08
2.714049121475448800e-08
2.363696247281891600e-08
2.058569944517865950e-08
1.792831977182100667e-08
1.561397759141714703e-08
1.359839066505639778e-08
1.184299308724124531e-08
1.031419737225660112e-08
8.982751796796546601e-09
7.823180702348514323e-09
6.813297048174509091e-09
5.933777888158447871e-09
5.167794648764324753e-09
2.500000000189182856e+02
1.896216550010838660e+02
1.438254881705165644e+02
1.090897083846735143e+02
8.274308418368818252e+01
6.275952224647063105e+01
4.760225789821019049e+01
3.610567569505590058e+01
2.738567191884327912e+01
2.077166572869922945e+01
1.575503052922873870e+01
1.194997985327553280e+01
9.063899827344974014e+00
6.874846743580526720e+00
5.214479269191609312e+00
3.955112755672525182e+00
2.999900105559073271e+00
2.275384091243964235e+00
1.725848388448670834e+00
1.309032910695302254e+00
9.928839478325828249e-01
7.530891895911075995e-01
5.712080739315379407e-01
4.332536812827332828e-01
3.286171202957083315e-01
2.492516888297883204e-01
1.890540709765722860e-01
1.433949832822288273e-01
1.087631761870854197e-01
8.249541388083578286e-02
6.257166763559884881e-02
4.745977268936858035e-02
3.599760257060917457e-02
2.730369989997460944e-02
2.070949104917729072e-02
1.570787186671184985e-02
1.191421063874186989e-02
9.036769356715169607e-03
6.854268644614954463e-03
5.198871056462286110e-03
3.943274135156046162e-03
2.990920670298694364e-03
2.268573309744286500e-03
1.720682501809782166e-03
1.305114654799544895e-03
9.899120031621215163e-04
7.508350093233402125e-04
5.694983083594879966e-04
2.500000000189182856e+02
2.177278433132939597e+02
1.896216550010838660e+02
1.651436559430369471e+02
1.438254881705165644e+02
1.252592534019142221e+02
1.090897083846735001e+02
9.500746772989496947e+01
8.274308418368818252e+01
7.206189306816587248e+01
6.275952224647064526e+01
5.465798170025085057e+01
4.760225789821021181e+01
4.145734779294488703e+01
3.610567569505591479e+01
3.144484359943542628e+01
2.738567191884327912e+01
2.385049313649588498e+01
2.077166572869922589e+01
1.809027992316841704e+01
1.575503052922873160e+01
1.372123527281797095e+01
1.194997985327551682e+01
1.040737336357640963e+01
9.063899827344958027e+00
7.893853445064868524e+00
6.874846743580517838e+00
5.987382217903746806e+00
5.214479269191600430e+00
4.541349300788215970e+00
3.955112755672518521e+00
3.444552681153244311e+00
2.999900105559067942e+00
2.612647120357089126e+00
2.275384091243962015e+00
1.981657883433749490e+00
1.725848388448667947e+00
1.503060989896867872e+00
1.309032910695300256e+00
1.140051649800975175e+00
9.928839478325809376e-01
8.647139224224719145e-01
7.530891895911062672e-01
6.558739402392793627e-01
5.712080739315374966e-01
4.974716080433714827e-01
4.332536812827325057e-01
3.773255585043848170e-01
3.286171202957077209e-01
2.861963874895814275e-01
2.492516888297881261e-01
2.170761305879971570e-01
1.890540709765719529e-01
1.646493405608500660e-01
1.433949832822285497e-01
1.248843217984914600e-01
1.087631761870853225e-01
9.472308712530357055e-02
8.249541388083564408e-02
7.184619418461088425e-02
6.257166763559873779e-02
5.449437698313686768e-02
4.745977268936850402e-02
4.133325580405369792e-02
3.599760257060917457e-02
3.135072148621884797e-02
2.730369989997456087e-02
2.377910277297997504e-02
2.070949104917725256e-02
1.803613128764844017e-02
1.570787186671182209e-02
1.368016425728770490e-02
1.191421063874184734e-02
1.037622154782906481e-02
9.036769356715153995e-03
7.870225209633452748e-03
6.854268644614954463e-03
5.969460517476058749e-03
5.198871056462276569e-03
4.527755930807115040e-03
3.943274135156039223e-03
3.434242291902597256e-03
2.990920670298689160e-03
2.604826828064026392e-03
2.268573309744282597e-03
1.975726296365387224e-03
1.720682501809782166e-03
1.498561960470464914e-03
1.305114654799542509e-03
1.136639196178299786e-03
9.899120031621199984e-04
8.621256220084831754e-04
7.508350093233389115e-04
6.539107490068670056e-04
5.694983083594870208e-04
4.959825537611890940e-04
4.319568469730862797e-04
3.761961307549748011e-04
3.276334888235534924e-04
2.853397316534571804e-04
2.485056175191999932e-04
2.164263685983970349e-04
1.884881858699646038e-04
1.641565047855885644e-04
1.429657670004396395e-04
1.245105124571244364e-04
1.084376213802849462e-04
9.443955774146543390e-05
8.224848491581829052e-05
7.163114094060778257e-05
6.238437531955573934e-05
5.433126197498433415e-05
4.731771397363100472e-05
4.120953525285746955e-05
3.588985293547538295e-05
3.125688110352409937e-05
2.722197324342140993e-05
2.370792609829531217e-05
2.064750247368872594e-05
1.798214473224783868e-05
1.566085436161417617e-05
1.363921617735927530e-05
1.187854849022201855e-05
1.034516297709085140e-05
9.009720094224286433e-06
7.846667699293828545e-06
6.833752140936198556e-06
5.951592461084203101e-06
5.183309562933856951e-06
4.514203249109427495e-06
3.931470950528335362e-06
3.423962764170501151e-06
2.981968112685817531e-06
2.597029943819862420e-06
2.261782914580611601e-06
1.969812463988910300e-06
1.715532077933985247e-06
1.494076397740300921e-06
1.301208127202697603e-06
1.133236956864535637e-06
9.869489542494579237e-07
8.595450690111371040e-07
7.485875763688376944e-07
6.519534340863160727e-07
5.677936605342690684e-07
4.944979565829278472e-07
4.306638944059375855e-07
3.750700836592533326e-07
3.266528016011451850e-07
2.844856399979218459e-07
2.477617793826499242e-07
2.157785515054655103e-07
1.879239945959854186e-07
1.636651441884271077e-07
1.425378354680353732e-07
1.241378220186080821e-07
1.081130410387031190e-07
9.415687703046879866e-08
8.200229506963065453e-08
7.141673140359963254e-08
6.219764361525551109e-08
5.416863520997472256e-08
4.717608047439948720e-08
4.108618502755249700e-08
3.578242582137194073e-08
3.116332160806272379e-08
2.714049121475448800e-08
2.363696247281891600e-08
2.058569944517865950e-08
1.792831977182100667e-08
1.561397759141714703e-08
1.359839066505639778e-08
1.184299308724124531e-08
1.031419737225660112e-08
8.982751796796546601e-09
7.823180702348514323e-09
6.813297048174509091e-09
5.933777888158447871e-09
5.167794648764324753e-09
4.500691133905172161e-09
3.919703095721133011e-09
3.413714005580891873e-09
2.973042352269076596e-09
2.589256397558568875e-09
2.255012844731661585e-09
1.963916333160187246e-09
1.710397070537450454e-09
1.489604261397257835e-09
1.297313292799092871e-09
1.129844901285759214e-09
9.839947744674178010e-10
8.569722402405187272e-10
7.463468705312427147e-10
6.500019778883852846e-10
2.500000000189182856e+02
1.896216550010838660e+02
1.438254881705165644e+02
1.090897083846735143e+02
8.274308418368818252e+01
6.275952224647063105e+01
4.760225789821019049e+01
3.610567569505590058e+01
2.738567191884327912e+01
2.077166572869922945e+01
1.575503052922873870e+01
1.194997985327553280e+01
9.063899827344974014e+00
6.874846743580526720e+00
5.214479269191609312e+00
3.955112755672525182e+00
2.999900105559073271e+00
2.275384091243964235e+00
1.725848388448670834e+00
1.309032910695302254e+00
9.928839478325828249e-01
7.530891895911075995e-01
5.712080739315379407e-01
4.332536812827332828e-01
3.286171202957083315e-01
2.492516888297883204e-01
1.890540709765722860e-01
1.433949832822288273e-01
1.087631761870854197e-01
8.249541388083578286e-02
6.257166763559884881e-02
4.745977268936858035e-02
3.599760257060917457e-02
2.730369989997460944e-02
2.070949104917729072e-02
1.570787186671184985e-02
1.191421063874186989e-02
9.036769356715169607e-03
6.854268644614954463e-03
5.198871056462286110e-03
3.943274135156046162e-03
2.990920670298694364e-03
2.268573309744286500e-03
1.720682501809782166e-03
1.305114654799544895e-03
9.899120031621215163e-04
7.508350093233402125e-04
5.694983083594879966e-04
4.319568469730870929e-04
3.276334888235534924e-04
2.485056175192009147e-04
1.884881858699652543e-04
1.429657670004401545e-04
1.084376213802853392e-04
8.224848491581843960e-05
2.500000000189182856e+02
2.177278433132939597e+02
1.896216550010838660e+02
1.651436559430369471e+02
1.438254881705165644e+02
1.252592534019142221e+02
1.090897083846735001e+02
9.500746772989496947e+01
8.274308418368818252e+01
7.206189306816587248e+01
6.275952224647064526e+01
5.465798170025085057e+01
4.760225789821021181e+01
4.145734779294488703e+01
3.610567569505591479e+01
3.144484359943542628e+01
2.738567191884327912e+01
2.385049313649588498e+01
2.077166572869922589e+01
1.809027992316841704e+01
1.575503052922873160e+01
1.372123527281797095e+01
1.194997985327551682e+01
1.040737336357640963e+01
9.063899827344958027e+00
7.893853445064868524e+00
6.874846743580517838e+00
5.987382217903746806e+00
5.214479269191600430e+00
4.541349300788215970e+00
3.955112755672518521e+00
3.444552681153244311e+00
2.999900105559067942e+00
2.612647120357089126e+00
2.275384091243962015e+00
1.981657883433749490e+00
1.725848388448667947e+00
1.503060989896867872e+00
1.309032910695300256e+00
1.140051649800975175e+00
9.928839478325809376e-01
8.647139224224719145e-01
7.530891895911062672e-01
6.558739402392793627e-01
5.712080739315374966e-01
4.974716080433714827e-01
4.332536812827325057e-01
3.773255585043848170e-01
3.286171202957077209e-01
2.861963874895814275e-01
2.492516888297881261e-01
2.170761305879971570e-01
1.890540709765719529e-01
1.646493405608500660e-01
1.433949832822285497e-01
1.248843217984914600e-01
1.087631761870853225e-01
9.472308712530357055e-02
8.249541388083564408e-02
7.184619418461088425e-02
6.257166763559873779e-02
5.449437698313686768e-02
4.745977268936850402e-02
4.133325580405369792e-02
3.599760257060917457e-02
3.135072148621884797e-02
2.730369989997456087e-02
2.377910277297997504e-02
2.070949104917725256e-02
1.803613128764844017e-02
1.570787186671182209e-02
1.368016425728770490e-02
1.191421063874184734e-02
1.037622154782906481e-02
9.036769356715153995e-03
7.870225209633452748e-03
6.854268644614954463e-03
5.969460517476058749e-03
5.198871056462276569e-03
4.527755930807115040e-03
3.943274135156039223e-03
3.434242291902597256e-03
2.990920670298689160e-03
2.604826828064026392e-03
2.268573309744282597e-03
1.975726296365387224e-03
1.720682501809782166e-03
1.498561960470464914e-03
1.305114654799542509e-03
1.136639196178299786e-03
9.899120031621199984e-04
8.621256220084831754e-04
7.508350093233389115e-04
6.539107490068670056e-04
5.694983083594870208e-04
4.959825537611890940e-04
4.319568469730862797e-04
3.761961307549748011e-04
3.276334888235534924e-04
2.853397316534571804e-04
2.485056175191999932e-04
2.164263685983970349e-04
1.884881858699646038e-04
1.641565047855885644e-04
1.429657670004396395e-04
1.245105124571244364e-04
1.084376213802849462e-04
9.443955774146543390e-05
8.224848491581829052e-05
7.163114094060778257e-05
6.238437531955573934e-05
5.433126197498433415e-05
4.731771397363100472e-05
4.120953525285746955e-05
3.588985293547538295e-05
3.125688110352409937e-05
2.722197324342140993e-05
2.370792609829531217e-05
2.064750247368872594e-05
1.798214473224783868e-05
1.566085436161417617e-05
1.363921617735927530e-05
1.187854849022201855e-05
1.034516297709085140e-05
9.009720094224286433e-06
7.846667699293828545e-06
6.833752140936198556e-06
5.951592461084203101e-06
5.183309562933856951e-06
4.514203249109427495e-06
3.931470950528335362e-06
3.423962764170501151e-06
2.981968112685817531e-06
2.597029943819862420e-06
2.261782914580611601e-06
1.969812463988910300e-06
1.715532077933985247e-06
1.494076397740300921e-06
1.301208127202697603e-06
1.133236956864535637e-06
9.869489542494579237e-07
8.595450690111371040e-07
7.485875763688376944e-07
6.519534340863160727e-07
5.677936605342690684e-07
4.944979565829278472e-07
4.306638944059375855e-07
3.750700836592533326e-07
3.266528016011451850e-07
2.844856399979218459e-07
2.477617793826499242e-07
2.157785515054655103e-07
1.879239945959854186e-07
1.636651441884271077e-07
1.425378354680353732e-07
1.241378220186080821e-07
1.081130410387031190e-07
9.415687703046879866e-08
8.200229506963065453e-08
7.141673140359963254e-08
6.219764361525551109e-08
5.416863520997472256e-08
4.717608047439948720e-08
4.108618502755249700e-08
3.578242582137194073e-08
3.116332160806272379e-08
2.714049121475448800e-08
2.363696247281891600e-08
2.058569944517865950e-08
1.792831977182100667e-08
1.561397759141714703e-08
1.359839066505639778e-08
1.184299308724124531e-08
1.031419737225660112e-08
8.982751796796546601e-09
7.823180702348514323e-09
6.813297048174509091e-09
5.933777888158447871e-09
5.167794648764324753e-09
4.500691133905172161e-09
3.919703095721133011e-09
3.413714005580891873e-09
2.973042352269076596e-09
2.589256397558568875e-09
2.255012844731661585e-09
1.963916333160187246e-09
1.710397070537450454e-09
1.489604261397257835e-09
1.297313292799092871e-09
1.129844901285759214e-09
9.839947744674178010e-10
8.569722402405187272e-10
7.463468705312427147e-10
6.500019778883852846e-10
5.660941151372162201e-10
4.930178031673864842e-10
4.293748119622806659e-10
3.739474070980964807e-10
3.256750498156217829e-10
2.836341048477562888e-10
2.470201677357029056e-10
2.151326734876512210e-10
1.873614920845799623e-10
1.631752543537982659e-10
1.421111848394487861e-10
1.237662471337949789e-10
1.077894322455290148e-10
9.387504245203005877e-11
8.175684212991121933e-11
7.120296364681622731e-11
6.201147084465211114e-11
5.400649522667862554e-11
4.703487091889868796e-11
4.096320401966413300e-11
3.567532026291619064e-11
3.107004215907215101e-11
2.705925308174394941e-11
2.356621125884362171e-11
2.052408140826091821e-11
1.787465592267586862e-11
2.500000000189182856e+02
1.896216550010838660e+02
1.438254881705165644e+02
1.090897083846735143e+02
8.274308418368818252e+01
6.275952224647063105e+01
4.760225789821019049e+01
3.610567569505590058e+01
2.738567191884327912e+01
2.077166572869922945e+01
1.575503052922873870e+01
1.194997985327553280e+01
9.063899827344974014e+00
6.874846743580526720e+00
5.214479269191609312e+00
3.955112755672525182e+00
2.999900105559073271e+00
2.275384091243964235e+00
1.725848388448670834e+00
1.309032910695302254e+00
9.928839478325828249e-01
7.530891895911075995e-01
5.712080739315379407e-01
4.332536812827332828e-01
3.286171202957083315e-01
2.492516888297883204e-01
1.890540709765722860e-01
1.433949832822288273e-01
1.087631761870854197e-01
8.249541388083578286e-02
6.257166763559884881e-02
4.745977268936858035e-02
3.599760257060917457e-02
2.730369989997460944e-02
2.070949104917729072e-02
1.570787186671184985e-02
1.191421063874186989e-02
9.036769356715169607e-03
6.854268644614954463e-03
5.198871056462286110e-03
3.943274135156046162e-03
2.990920670298694364e-03
2.268573309744286500e-03
1.720682501809782166e-03
1.305114654799544895e-03
9.899120031621215163e-04
7.508350093233402125e-04
5.694983083594879966e-04
2.500000000189182856e+02
2.177278433132939597e+02
1.896216550010838660e+02
1.651436559430369471e+02
1.438254881705165644e+02
1.252592534019142221e+02
1.090897083846735001e+02
9.500746772989496947e+01
8.274308418368818252e+01
7.206189306816587248e+01
6.275952224647064526e+01
5.465798170025085057e+01
4.760225789821021181e+01
4.145734779294488703e+01
3.610567569505591479e+01
3.144484359943542628e+01
2.738567191884327912e+01
2.385049313649588498e+01
2.077166572869922589e+01
1.809027992316841704e+01
1.575503052922873160e+01
1.372123527281797095e+01
1.194997985327551682e+01
1.040737336357640963e+01
9.063899827344958027e+00
7.893853445064868524e+00
6.874846743580517838e+00
5.987382217903746806e+00
5.214479269191600430e+00
4.541349300788215970e+00
3.955112755672518521e+00
3.444552681153244311e+00
2.999900105559067942e+00
2.612647120357089126e+00
2.275384091243962015e+00
1.981657883433749490e+00
1.725848388448667947e+00
1.503060989896867872e+00
1.309032910695300256e+00
1.140051649800975175e+00
9.928839478325809376e-01
8.647139224224719145e-01
7.530891895911062672e-01
6.558739402392793627e-01
5.712080739315374966e-01
4.974716080433714827e-01
4.332536812827325057e-01
3.773255585043848170e-01
3.286171202957077209e-01
2.861963874895814275e-01
2.492516888297881261e-01
2.170761305879971570e-01
1.890540709765719529e-01
1.646493405608500660e-01
1.433949832822285497e-01
1.248843217984914600e-01
1.087631761870853225e-01
9.472308712530357055e-02
8.249541388083564408e-02
7.184619418461088425e-02
6.257166763559873779e-02
5.449437698313686768e-02
4.745977268936850402e-02
4.133325580405369792e-02
3.599760257060917457e-02
3.135072148621884797e-02
2.730369989997456087e-02
2.377910277297997504e-02
2.070949104917725256e-02
1.803613128764844017e-02
1.570787186671182209e-02
1.368016425728770490e-02
1.191421063874184734e-02
1.037622154782906481e-02
9.036769356715153995e-03
7.870225209633452748e-03
6.854268644614954463e-03
5.969460517476058749e-03
5.198871056462276569e-03
4.527755930807115040e-03
3.943274135156039223e-03
3.434242291902597256e-03
2.990920670298689160e-03
2.604826828064026392e-03
2.268573309744282597e-03
1.975726296365387224e-03
1.720682501809782166e-03
1.498561960470464914e-03
1.305114654799542509e-03
1.136639196178299786e-03
9.899120031621199984e-04
8.621256220084831754e-04
7.508350093233389115e-04
