   4.6338082379786933e+01
   0.0000000000000000e+00
   5.2083672332276940e+01
   5.8755007310033356e+01
   6.1333643097064453e+01
   6.3697194760025013e+01
   6.5385515138528405e+01
   6.7479721352551906e+01
   6.4870368706965891e+01
   3.6179594699870137e+01
   3.4105808657095189e+01
   3.9947596362455272e+01
   4.3886373587640151e+01
   4.6842464345692598e+01
   4.6112745069762049e+01
   4.8154994247635891e+01
   5.0768814825577095e+01
   5.8020405162972011e+01
   5.8717301370131906e+01
   6.3303146582302531e+01
   6.9703370192217051e+01
   6.8777734099053532e+01
   7.0252784236951840e+01
   6.8798972720964713e+01
   6.5092417884060467e+01
   6.6309621165190094e+01
   5.9376820411215085e+01
   6.3255199362952396e+01
   6.7026500331917433e+01
   5.9974963473818761e+01
   5.7816554601536751e+01
   2.5999314141651332e+01
   2.3762348115345770e+01
   2.6613432401231535e+01
   3.2922374896976237e+01
   4.1626726985692159e+01
   4.4195073225873159e+01
   3.8860772070140328e+01
   4.3995005809742693e+01
   4.2657272906659259e+01
   5.0431877907631446e+01
   5.2526325961427588e+01
   5.6890076961575573e+01
   5.8377303094231884e+01
   6.0967527415622548e+01
   6.2451752846601188e+01
   6.9367305870838834e+01
   7.3784034429727043e+01
   5.6502140641205401e+01
   4.5279026536837918e+01
   4.9315664501919017e+01
   5.0568816735103901e+01
   4.9386713596690498e+01
   4.4783966875438885e+01
   4.4742938525178360e+01
   4.3592674874980680e+01
   4.7076569996148507e+01
   4.8159884849295032e+01
   5.3564349306215526e+01
   5.7534580340856962e+01
   6.9000564890668286e+01
   6.7667967355389266e+01
   7.2717920784489621e+01
   6.8851256755183698e+01
   6.6019500887863160e+01
   6.4119035482125270e+01
   6.0209836173966508e+01
   6.1211852524945350e+01
   6.1751782871772200e+01
   6.1253892313128340e+01
   6.2914326855312893e+01
   6.2525115321368446e+01
   5.7811227232851316e+01
   3.9605577439376027e+01
   3.6061069594741454e+01
   2.4911461421250458e+01
   2.8661754471645615e+01
   2.9462627366460325e+01
   3.1333883944968374e+01
   3.5944169439721321e+01
   4.2876012948002327e+01
   5.6159938250702709e+01
   5.9228038346483942e+01
   5.9733267688786583e+01
   6.4963892096774700e+01
   6.7867358415823617e+01
   7.0330586225033358e+01
   6.9917042134626428e+01
   6.7722879146418663e+01
   3.5625462229863729e+01
   3.6268807437468674e+01
   3.6028809862518955e+01
   3.6636173817987874e+01
   4.1606018553559331e+01
   4.7213875154689703e+01
   4.8837217518599715e+01
   5.1872936834586277e+01
   5.2799021669462419e+01
   5.3208106503150717e+01
   5.6141131176236229e+01
   5.9119975299404189e+01
   5.9271292405028312e+01
   6.2833942706259776e+01
   6.6453529044111690e+01
   6.3633078312452113e+01
   6.6593156028901774e+01
   6.8796537397619304e+01
   7.0249911346076686e+01
   7.0092618250234509e+01
   6.5819801351179109e+01
   6.5540200906478859e+01
   6.7220359876818165e+01
   6.7594221467750359e+01
   6.5974934915697872e+01
   6.1059308806290140e+01
   6.3710598549016964e+01
   2.8911140489576550e+01
   2.4549513506476995e+01
   2.1348903694555585e+01
   3.4199854399951448e+01
   3.8943481078592399e+01
   5.2173892939069638e+01
   5.1822562581380296e+01
   4.2027892952159817e+01
   5.0936435999957382e+01
   6.4276251857639096e+01
   6.5928301120794913e+01
   8.1825279485422158e+01
   8.3782979803844356e+01
   8.3917702203696663e+01
   7.9305055252511551e+01
   7.1551086802059984e+01
   6.1298997853903892e+01
   3.6417368062440559e+01
   3.8840259036886977e+01
   3.4418219039554288e+01
   3.6201032160306333e+01
   4.1234533709005206e+01
   4.7731921965333356e+01
   5.1525018143885092e+01
   5.6812309029353713e+01
   5.8254216594199328e+01
   5.6772568621751105e+01
   5.5660439095793876e+01
   5.6273902058093810e+01
   5.8149455680621443e+01
   5.9920509806180064e+01
   6.3819485321680574e+01
   7.1083904767686519e+01
   7.7320296837320896e+01
   7.9128694980053183e+01
   8.0779777604291027e+01
   7.8391299538782732e+01
   7.6445677658644712e+01
   7.1658957469040999e+01
   6.9995001210452529e+01
   6.8253343155231676e+01
   6.9790938679111420e+01
   7.0078874431051446e+01
   7.0790936148037844e+01
   6.9771303401848101e+01
   5.8562854940102817e+01
   4.2409534097664356e+01
   2.4955782339730664e+01
   1.8830175964344146e+01
   2.2206327939065844e+01
   2.9890313179755104e+01
   3.6136676592104216e+01
   4.5310200561238702e+01
   3.8020836926793372e+01
   4.0157696183757167e+01
   4.6718214303614168e+01
   5.6228421637845102e+01
   6.6555630622536569e+01
   6.2466227417284195e+01
   6.4609113981872497e+01
   6.5278602459257485e+01
   5.8084614644831646e+01
   3.6904476220622470e+01
   4.9928641738171386e+01
   6.1915398336156727e+01
   6.6890054637249278e+01
   6.7389906442311599e+01
   7.5555839716588409e+01
   7.8635183451340254e+01
   8.0851518618634614e+01
   8.3297028753673828e+01
   9.1030262340000178e+01
   9.2566501511664171e+01
   9.5294357332201045e+01
   9.9964393153873601e+01
   1.0273447613956529e+02
   1.0373427017068984e+02
   1.0572724833281006e+02
   1.0521754169353623e+02
   1.0389602191615738e+02
   1.0202417977253616e+02
   9.9639177274845679e+01
   9.5291921079419069e+01
   8.9457619499045762e+01
   7.9027978200279264e+01
   6.4395161609232417e+01
   4.1626174816481651e+01
   3.5094492297297251e+01
   2.4843839021228735e+01
   9.1875032960135830e+00
   1.3711581179470636e+01
   3.9784887648421019e+01
   6.4401257740492596e+01
   6.0684046804728979e+01
   6.1940185009849756e+01
   6.6790990370442245e+01
   8.7731151058105254e+01
   8.2639197725701791e+01
   6.4835265411500544e+01
   4.6302679368052743e+01
   6.3102940917082954e+01
   6.7015455566964604e+01
   7.3142552844079248e+01
   5.0456458600166599e+01
   7.6975664198702603e+01
   4.3605126782443932e+01
   4.6268018999935109e+01
   7.7631556097690620e+01
   8.9512000904287035e+01
   6.8738518014037140e+01
   5.2543836850003402e+01
   5.9878439607123212e+01
   6.0352873847655033e+01
   5.5745523381960950e+01
   5.7316743850014262e+01
   6.2992055185934902e+01
   6.3008028839919163e+01
   6.2934962815296913e+01
   6.4074535432019132e+01
   6.4776958852805109e+01
   6.8736821498375264e+01
   7.2451572955781430e+01
   7.7052084896948799e+01
   8.2509686320301412e+01
   8.6255015210462830e+01
   8.8312410871444513e+01
   8.7445154623994682e+01
   8.5129356511559536e+01
   7.8914987933196272e+01
   7.4294499395904992e+01
   6.9412852840792794e+01
   6.3162207545340237e+01
   5.9460087109739291e+01
   6.0877882680905863e+01
   6.2873581328294257e+01
   6.1595285573220579e+01
   5.9185073530187879e+01
   5.3701988818359375e+01
   4.9759286626354786e+01
   1.8856705709107679e+01
   1.9926655229852692e+01
   3.6274083508471620e+01
   4.2037670351073594e+01
   3.4580715485692807e+01
   3.3495902401423969e+01
   3.4817956664237336e+01
   3.9447476689615087e+01
   4.1003118660224231e+01
   4.1257514617673579e+01
   4.0781868319326016e+01
   4.4978742024565975e+01
   5.3040027229540655e+01
   5.5431364374302227e+01
   5.6539089517935679e+01
   5.8605495604120371e+01
   6.1333750126618817e+01
   6.4092392708942938e+01
   4.4841439079561098e+01
   4.9474859218894601e+01
   4.7960713092991412e+01
   5.5392350924160418e+01
   5.8119409424932854e+01
   6.2282857196468349e+01
   6.2226218229291760e+01
   5.9355729781544937e+01
   5.6595130506356469e+01
   5.5031616784297078e+01
   5.9099611690274379e+01
   5.6500784664157948e+01
   5.8276877763284638e+01
   6.0804613395535263e+01
   6.5137297677556191e+01
   6.7665815765623080e+01
   7.2353459616086852e+01
   7.4244959748171624e+01
   7.5248404778256216e+01
   7.3221909077837850e+01
   7.1780879472821624e+01
   7.0166863913873996e+01
   6.7758075087965850e+01
   6.5324354825966907e+01
   6.6138820267315225e+01
   6.5703545208668956e+01
   6.4102307366834381e+01
   5.6877801860602602e+01
   4.2183794039243622e+01
   3.3853090404704318e+01
   1.8936137020819270e+01
   2.4232720046760839e+01
   4.1514086500198992e+01
   3.8035631931327366e+01
   3.4859966825843401e+01
   3.3013482666229834e+01
   3.3457139487413976e+01
   3.6752711859517703e+01
   3.9578805730785596e+01
   4.0128227407134879e+01
   4.5896177511865197e+01
   5.1201351796555031e+01
   5.5669081898872555e+01
   6.0384851601012166e+01
   6.1586466130821968e+01
   5.9082339270167509e+01
   5.6372132978854566e+01
   5.7470025994919155e+01
   5.9668583194030987e+01
   6.3099383121304157e+01
   6.4361043609243978e+01
   5.2834265703180726e+01
   3.9226978884321113e+01
   3.9906768957817107e+01
   3.7977828795069904e+01
   3.7496052494403429e+01
   4.3613703258412741e+01
   3.9820260878138612e+01
   4.1303808866947804e+01
   4.4047027561739903e+01
   4.3699642031306588e+01
   4.5396905656859850e+01
   4.6365862974441740e+01
   4.6020834252723866e+01
   4.9530727522412377e+01
   5.2827729552081934e+01
   5.6031768920959323e+01
   6.4006071470175954e+01
   6.5599178212020490e+01
   6.6634652311352738e+01
   6.3105039195845954e+01
   7.6192380155462402e+01
   7.5734805180411556e+01
   6.8872474228915948e+01
   7.0536531152992211e+01
   6.9940636420522338e+01
   6.8322818235843002e+01
   6.7108816700667063e+01
   6.2878865357779624e+01
   6.1427222361140537e+01
   6.0460321784113766e+01
   6.2332576175969393e+01
   6.4812752095673545e+01
   6.2621211004408117e+01
   6.2712149454386214e+01
   6.5628855373292623e+01
   6.2746392598984443e+01
   5.7168597882680267e+01
   4.5739772431857759e+01
   2.8234232864178527e+01
   2.4533369728028248e+01
   2.7980988014047988e+01
   3.1980698566013611e+01
   3.4866923359303584e+01
   3.6939494466396681e+01
   4.1123087833708588e+01
   3.7772851411623613e+01
   3.9593732354052833e+01
   4.3197806503890860e+01
   4.6992222531427849e+01
   5.6952589230209924e+01
   5.9749238140297756e+01
   6.1531194381295940e+01
   6.5431518027384712e+01
   6.2171580828131432e+01
   3.8337559550616668e+01
   4.2579673194672722e+01
   4.3247077094371328e+01
   4.6172531095426180e+01
   4.8986142639987150e+01
   4.9786053701108486e+01
   5.6516640980224025e+01
   6.3440805970190759e+01
   6.6668853972900990e+01
   7.0619205336923642e+01
   7.0058809345727440e+01
   7.2963000457203307e+01
   7.1843142815408683e+01
   7.0505852343418979e+01
   7.3761435251277703e+01
   7.0508929015051905e+01
   6.9995347979629770e+01
   6.9706828325464599e+01
   6.7590471694542174e+01
   6.9137181410043141e+01
   6.9362039662890012e+01
   7.0272494006445555e+01
   7.2320142091288346e+01
   7.3921298468675232e+01
   7.5331060286474084e+01
   7.6248058876117440e+01
   7.0627804274237576e+01
   6.4793377672465425e+01
   6.4163759085134757e+01
   6.0905454528230742e+01
   5.7846013355216620e+01
   5.6002473344832048e+01
   5.8138291032204094e+01
   6.2362951290900007e+01
   6.4033225615083850e+01
   6.1062940096018352e+01
   5.6271054406818735e+01
   4.4892793885263345e+01
   5.0715593731593948e+01
   4.1407962035762012e+01
   2.8999499194562045e+01
   2.8385002609022592e+01
   3.2488777336369196e+01
   3.3995318697640357e+01
   3.3594833369520153e+01
   3.3417552309323746e+01
   3.4384865141171680e+01
   3.5905222431483821e+01
   3.9174223032893998e+01
   4.2464112397344337e+01
   4.6063733328371519e+01
   5.3269551324247068e+01
   5.4331950676503872e+01
   5.6293233651651448e+01
   6.1133668075751245e+01
   6.1722993800861808e+01
   6.5313903499443114e+01
   6.5808874791985829e+01
   6.7869635219832659e+01
   6.6064590991703540e+01
   5.1537581011381477e+01
   3.7288725862717037e+01
   3.7035589867227500e+01
   4.3049053087055910e+01
   4.1751805877293009e+01
   4.0498957873373840e+01
   4.7095458824020071e+01
   5.4176116256252683e+01
   5.6787607672176243e+01
   5.7063217437102111e+01
   6.0505230269363778e+01
   6.0819756665671648e+01
   6.0747720092389130e+01
   5.9398462471919842e+01
   5.7594114848380428e+01
   5.6290384643338911e+01
   5.6752093100651130e+01
   5.4232309988829861e+01
   5.3149899163493231e+01
   5.3502634453596002e+01
   5.4617750478670928e+01
   5.6006458548522822e+01
   5.8717068191352560e+01
   6.1411901629576121e+01
   6.2164840957345518e+01
   6.3696917962592622e+01
   6.3122071976840950e+01
   6.5457112773539706e+01
   6.8110513282525346e+01
   6.8605099882811061e+01
   6.7736720728091527e+01
   6.6996938143695189e+01
   6.8551536194750625e+01
   6.7978026588637377e+01
   6.2949493092874540e+01
   5.6480648092999900e+01
   4.2029431125521945e+01
   3.2675252638400138e+01
   2.6280584554957223e+01
   2.6783509138995193e+01
   3.1167005263057568e+01
   3.4470695430976967e+01
   3.3350192058248950e+01
   3.4020368852730151e+01
   3.6647133369464342e+01
   3.8351194755586114e+01
   4.3197522634544548e+01
   5.1110244112584937e+01
   5.1529163963446834e+01
   5.6681872999904286e+01
   5.1933882696568865e+01
   6.1571974886226258e+01
   6.3310498271622542e+01
   6.6056617462770106e+01
   6.8803448455990804e+01
   6.8724276234801408e+01
   5.9823406915075893e+01
   3.6381879086018088e+01
   3.9566207660694317e+01
   3.9043313365621565e+01
   3.9251488480407673e+01
   3.9466651147857895e+01
   4.0786585393561879e+01
   3.8223830050441137e+01
   4.1386941454289378e+01
   4.0163431949606426e+01
   4.1221095026269801e+01
   4.0653150369547767e+01
   4.2396376647828710e+01
   4.3244756989585106e+01
   4.6139196736505106e+01
   4.7034757761647185e+01
   5.0279811213521754e+01
   5.2818181477215276e+01
   5.7469624342767958e+01
   6.3325585979149004e+01
   6.4940726440458704e+01
   6.2665904132113269e+01
   6.0247616861095622e+01
   6.2204919183445902e+01
   6.0510864671378236e+01
   6.0507727908479445e+01
   6.0995717932816234e+01
   6.2742042083384206e+01
   5.9613372200425793e+01
   5.3974618406526055e+01
   3.8286431186397159e+01
   3.1782896969162330e+01
   3.2212797207363707e+01
   3.7150811764874653e+01
   4.0868548689151936e+01
   4.2412494241261015e+01
   4.2415523930147252e+01
   4.8613195402723569e+01
   5.8153238978499132e+01
   5.9505243032242397e+01
   6.5335855450923248e+01
   6.8405473980925933e+01
   6.7971193401569593e+01
   4.1232016265930966e+01
   3.7614319291877258e+01
   3.9012919680487954e+01
   4.0038871358134500e+01
   4.4623938961422610e+01
   4.7373217403653314e+01
   4.8126591655401320e+01
   4.9546972360049807e+01
   4.8682645183880268e+01
   4.9057977727918328e+01
   4.8683187169784247e+01
   4.6871598916025867e+01
   5.1082942815921960e+01
   5.2390438249172590e+01
   5.5777477788685658e+01
   5.8523687422634644e+01
   6.2539159567567040e+01
   6.6566045824134022e+01
   7.1529752075466121e+01
   7.0950172546011373e+01
   7.1910169787983421e+01
   7.1643971376260382e+01
   6.8208989639008948e+01
   6.4685868557329400e+01
   6.4688811862392342e+01
   6.5341929438033048e+01
   7.0235032635906535e+01
   6.5393244314652804e+01
   5.6281141663928061e+01
   3.0102783250551816e+01
   2.5553171069130396e+01
   2.3240172997947610e+01
   2.5731097586230614e+01
   2.9935154403243430e+01
   3.3715447797507032e+01
   3.8295088117020029e+01
   4.4494667484701388e+01
   5.5616008470861686e+01
   4.8226359546342607e+01
   5.0941601700894381e+01
   6.2184595918028577e+01
   6.6932471438377675e+01
   6.3310788989033604e+01
   6.7216759716184725e+01
   6.4597996040459108e+01
   3.7207064738951559e+01
   4.3126612029043706e+01
   4.5186693423255250e+01
   4.4140174905604503e+01
   4.9407787145072668e+01
   4.9319411896677586e+01
   5.3394522531083737e+01
   5.3654421906103821e+01
   5.7580676912332507e+01
   5.7511633493576625e+01
   5.3925284218739435e+01
   5.6977031036311132e+01
   5.7783288604864943e+01
   6.6252094303787459e+01
   6.7882291031475205e+01
   6.9359444030014160e+01
   7.2150656050727932e+01
   7.2628867738284129e+01
   7.4354510937318892e+01
   7.5309762725365289e+01
   7.3692580477624205e+01
   7.7754338801573340e+01
   7.8693510736565031e+01
   8.1305189012244369e+01
   8.2520450332658484e+01
   7.9163114364281299e+01
   7.6280100441966539e+01
   7.6555350865959994e+01
   7.2790527704768934e+01
   5.9441669158060641e+01
   3.7601962246521417e+01
   3.5642149208052018e+01
   3.1446175967464665e+01
   1.7117933931609617e+01
   1.8852767614759994e+01
   2.7217337209161915e+01
   3.3467829484963580e+01
   3.7673264765042148e+01
   4.4068445653825307e+01
   5.2802199873680564e+01
   6.3748376027290306e+01
   5.4776727610110015e+01
   6.2654419668003612e+01
   6.3159582005513016e+01
   6.5780874899620713e+01
   7.0296194282941627e+01
   7.0131814764809249e+01
   4.1785201462433612e+01
   4.5155194537999620e+01
   5.0597191093383337e+01
   5.4764677360804100e+01
   5.2557136057612297e+01
   6.0969611324872460e+01
   6.5174691956478981e+01
   6.4687786619631055e+01
   6.6966420084730785e+01
   6.5784986195876883e+01
   6.6530201379952516e+01
   7.4298093744622804e+01
   7.7628119452888683e+01
   8.2406684514266288e+01
   8.6550180842624798e+01
   8.9139341034897996e+01
   9.2823600813612558e+01
   9.1261975224934304e+01
   8.9910322136080509e+01
   8.5371767613750976e+01
   7.9601624547923919e+01
   7.4518705746445619e+01
   7.0526676124856920e+01
   6.9221962809551286e+01
   6.8463292268655337e+01
   5.7830618686082971e+01
   2.8261732543213455e+01
   2.2727540941140660e+01
   2.4354724705596059e+01
   2.7088820795105018e+01
   3.0076069350865243e+01
   3.0666312635572005e+01
   3.1109279427953126e+01
   3.4236878052692937e+01
   3.7303172317319230e+01
   4.1583746464442235e+01
   4.7754768942073824e+01
   5.3694333619127988e+01
   5.6726217944330330e+01
   6.5980717104311481e+01
   6.1210584226169033e+01
   5.6482783603938671e+01
   6.0990382583979702e+01
   6.4566550197767597e+01
   6.2993012351278757e+01
   4.1060936886704170e+01
   3.9859020623366725e+01
   4.2924167683390415e+01
   4.5087978279111695e+01
   5.0567373776538162e+01
   5.9924314063451192e+01
   6.5003293320919582e+01
   6.9647918082815295e+01
   6.8779189211987415e+01
   7.1828499675320387e+01
   6.4980514075225102e+01
   6.0561113688546300e+01
   5.8590052568544557e+01
   5.8897023778546000e+01
   5.1124725235522895e+01
   5.9224235244949497e+01
   6.2291833251833978e+01
   6.2700942795962199e+01
   6.5517898436522671e+01
   6.8835028013103994e+01
   7.2076182469175478e+01
   7.3548802980854830e+01
   7.5233905509271551e+01
   7.2824541445041604e+01
   8.0550898538708324e+01
   7.8278177069155419e+01
   7.7082431955623022e+01
   7.6143300201578370e+01
   7.1210285421391461e+01
   6.9807065119257373e+01
   6.5004384382662636e+01
   6.1275191783773366e+01
   5.9468829212865728e+01
   6.0643782326998476e+01
   6.4623708986855817e+01
   6.6698038228169580e+01
   6.8065339517472466e+01
   6.4166735963742738e+01
   4.8130007754572681e+01
   6.0795019500739571e+01
   2.9262358954027381e+01
   2.0831833475379881e+01
   2.2773428622560264e+01
   2.7980640468244648e+01
   3.3253518069417581e+01
   4.3833659713682529e+01
   5.7245256535649681e+01
   4.8594545065274716e+01
   5.0238321818964856e+01
   5.3838377847044129e+01
   6.4376441985019994e+01
   7.0877373613151306e+01
   7.1450180703958779e+01
   7.0532797585414130e+01
   5.1426977842356855e+01
   3.7616567094993364e+01
   3.7897651758460114e+01
   4.4538599941083113e+01
   5.4118521413401567e+01
   5.7028464378249481e+01
   5.7788625107668388e+01
   6.4510323960706501e+01
   6.8146081652854420e+01
   6.8288315923139805e+01
   6.6603855666382017e+01
   6.2141287233856730e+01
   6.0552497717526791e+01
   5.7646913295041635e+01
   5.7906674280024497e+01
   5.2948411606415306e+01
   5.7353548181338837e+01
   5.7497247279613646e+01
   5.8714290110212190e+01
   6.0800154615957894e+01
   6.3429203827741873e+01
   6.7606190965078042e+01
   7.4910250595641813e+01
   8.1381683386722486e+01
   8.4355423868420530e+01
   8.7864786233986408e+01
   8.8919106806040702e+01
   8.5730802573063301e+01
   8.1486010618754293e+01
   7.5000213595980355e+01
   6.9133993178629524e+01
   6.6232826615625072e+01
   6.5018314333636269e+01
   6.4158522436823944e+01
   6.6663027801043910e+01
   7.0355051860820893e+01
   6.4928699920668620e+01
   4.1597027083695480e+01
   2.8022956068750176e+01
   2.2322919690102314e+01
   2.2941772367945511e+01
   3.3966319395150052e+01
   5.4839253159298195e+01
   3.4332003214879833e+01
   2.8902827374976059e+01
   3.8907885880777272e+01
   3.5854898221433928e+01
   3.9528533240292845e+01
   4.4772975369255533e+01
   5.1037375565650002e+01
   5.6648841613001039e+01
   5.6991317807590214e+01
   6.1529376512070222e+01
   6.3299689521256802e+01
   6.5217432815918514e+01
   6.3492237073942576e+01
   4.2481973377575500e+01
   4.6358248362864884e+01
   4.9652267456759589e+01
   5.0004986801158566e+01
   5.3510527297878298e+01
   5.6183439683257724e+01
   5.8941320362867138e+01
   5.9835039492471921e+01
   5.9320975721703007e+01
   6.6842877901353859e+01
   6.0433016427737854e+01
   6.2664460707793687e+01
   6.1655242201268464e+01
   6.2533828913128652e+01
   6.5824838381873931e+01
   6.6771971972923239e+01
   7.2309095713023865e+01
   7.5666537707860954e+01
   7.7663612560287206e+01
   8.0263065522171416e+01
   8.1987662646256140e+01
   8.1406049603891148e+01
   8.0869509722255515e+01
   7.8142367297173834e+01
   7.4665926434258822e+01
   6.9626088437407660e+01
   6.5517893019119711e+01
   6.1881108294722495e+01
   6.2213185401822358e+01
   6.3241718040852589e+01
   6.4863553578316925e+01
   6.9512207876703840e+01
   6.8690686467180754e+01
   6.0155388078836019e+01
   4.1866593546118004e+01
   3.2283538187884169e+01
   2.3975777853517151e+01
   2.0904650577291292e+01
   3.2001090083865613e+01
   4.2543313600999525e+01
   3.9238403893637425e+01
   3.6336427228832768e+01
   3.8859605408550465e+01
   4.3112956762627775e+01
   4.4821700602766775e+01
   5.0671571916429102e+01
   5.6380938239252302e+01
   5.8358867781300425e+01
   6.1246551110866982e+01
   6.0936588026373379e+01
   5.9916596724229841e+01
   6.2768589389022075e+01
   6.2916200240803917e+01
   5.0615715815765391e+01
   3.8589658277564467e+01
   4.3438929914220346e+01
   4.5465050414554184e+01
   4.7869666021531529e+01
   5.0755849561110793e+01
   5.5309053359043787e+01
   6.0555973152755854e+01
   6.2230256544630294e+01
   6.3800671047771075e+01
   6.2818268136922988e+01
   7.1416522934017976e+01
   6.6909657855515690e+01
   6.4592799667942444e+01
   6.6625198311680435e+01
   7.1043191100907066e+01
   7.1099190920182650e+01
   7.0966199674023997e+01
   7.1930802673755068e+01
   7.3224765934372698e+01
   7.2034763096794535e+01
   7.1973990747862231e+01
   7.1949408177016949e+01
   7.4903975855388410e+01
   7.1365013681486133e+01
   7.5990423221790138e+01
