3.171991155300202703e+00
1.147118418745513502e+01
1.878146098925061125e+01
2.074221321399900475e+01
1.554898718739259245e+01
3.149461986807766678e-01
0.000000000000000000e+00
0.000000000000000000e+00
0.000000000000000000e+00
0.000000000000000000e+00
0.000000000000000000e+00
2.805422169819965283e+00
1.077594500841466640e+01
1.376220149626197653e+01
1.297861808809030926e+01
8.360252838084253568e+00
9.794746383231384135e-01
0.000000000000000000e+00
0.000000000000000000e+00
0.000000000000000000e+00
0.000000000000000000e+00
0.000000000000000000e+00
1.741930227996991931e+00
3.713750645660922167e+00
4.628934812998878101e+00
3.301004086432197671e+00
1.032546699629363518e+00
0.000000000000000000e+00
0.000000000000000000e+00
0.000000000000000000e+00
0.000000000000000000e+00
0.000000000000000000e+00
2.139668864951459248e+00
6.246305457711410547e+00
6.221616595418061557e+00
4.221024865675507165e+00
1.864887198080849462e+00
0.000000000000000000e+00
0.000000000000000000e+00
0.000000000000000000e+00
0.000000000000000000e+00
0.000000000000000000e+00
0.000000000000000000e+00
3.432885467358099962e+00
6.584959033552537200e+00
4.497688331319346311e+00
3.646459597180656820e-01
0.000000000000000000e+00
6.262402238012623190e-01
1.549613385673567656e+00
3.053549824833315385e-01
0.000000000000000000e+00
0.000000000000000000e+00
0.000000000000000000e+00
0.000000000000000000e+00
0.000000000000000000e+00
2.784803734962211230e+00
5.239054449266908442e+00
6.050623045646061016e+00
7.437110163870698010e+00
7.005098620686994515e+00
3.493723452244606786e+00
6.551906189724565621e-02
0.000000000000000000e+00
0.000000000000000000e+00
0.000000000000000000e+00
0.000000000000000000e+00
0.000000000000000000e+00
0.000000000000000000e+00
3.016619863653244416e+00
7.696205202505495890e+00
7.122058789069164675e+00
3.027682257969663393e+00
0.000000000000000000e+00
0.000000000000000000e+00
0.000000000000000000e+00
0.000000000000000000e+00
0.000000000000000000e+00
6.037927045636493073e-01
1.594568804471299650e+01
3.247878667858440593e+01
2.704162250227942010e+01
1.148428943001689184e+00
0.000000000000000000e+00
0.000000000000000000e+00
0.000000000000000000e+00
0.000000000000000000e+00
0.000000000000000000e+00
1.466307782672121540e+01
2.085708191957857949e+01
1.791938694970712831e+01
1.158691627197859475e+01
5.476792288533517628e+00
0.000000000000000000e+00
0.000000000000000000e+00
0.000000000000000000e+00
0.000000000000000000e+00
0.000000000000000000e+00
4.213558531618900815e+00
7.314014200964398249e+00
5.746867208428381169e+00
4.542622956889667662e+00
1.637321473467387323e+00
0.000000000000000000e+00
0.000000000000000000e+00
0.000000000000000000e+00
0.000000000000000000e+00
1.499555782633992029e+00
6.186834520713856200e+00
6.845818553243010030e+00
3.948922693329005806e+00
1.919702495310447787e+00
0.000000000000000000e+00
0.000000000000000000e+00
0.000000000000000000e+00
0.000000000000000000e+00
0.000000000000000000e+00
0.000000000000000000e+00
3.630903303266513893e-01
6.117701523612391057e+00
8.705074891468944642e+00
6.047627495247981599e+00
3.208804550420846891e+00
1.473513231425599423e+00
9.106914873750759920e-01
9.389433713733782438e-01
0.000000000000000000e+00
0.000000000000000000e+00
5.440068352282473318e-01
0.000000000000000000e+00
0.000000000000000000e+00
0.000000000000000000e+00
0.000000000000000000e+00
3.254114393417967044e+00
4.943886009257693281e+00
3.082011161252250275e+00
0.000000000000000000e+00
0.000000000000000000e+00
0.000000000000000000e+00
0.000000000000000000e+00
0.000000000000000000e+00
3.942041190249603755e+00
7.193205532462637386e+00
7.429502873165325205e+00
5.906875942091708964e+00
2.425813778195017090e+00
0.000000000000000000e+00
0.000000000000000000e+00
0.000000000000000000e+00
0.000000000000000000e+00
7.494698275259905618e-01
4.162519488180096872e+00
6.183922667242057969e+00
5.277408612454782322e+00
2.048869330572924863e+00
7.829136252055640677e-01
0.000000000000000000e+00
0.000000000000000000e+00
0.000000000000000000e+00
0.000000000000000000e+00
0.000000000000000000e+00
3.747530593817965938e-01
5.457017140075293149e+00
6.362747143098673952e+00
3.465484151905645405e+00
0.000000000000000000e+00
0.000000000000000000e+00
0.000000000000000000e+00
0.000000000000000000e+00
0.000000000000000000e+00
0.000000000000000000e+00
1.360765182564435571e+00
1.334871780666220475e+00
4.614683329625876573e-01
6.591131629761493027e-01
1.006052916472970793e+01
1.266119495643749815e+02
4.007537885184470383e+02
7.181808580114227425e+02
7.264555232074167179e+02
4.766343857700071567e+02
2.275086564457101304e+02
0.000000000000000000e+00
0.000000000000000000e+00
0.000000000000000000e+00
0.000000000000000000e+00
0.000000000000000000e+00
0.000000000000000000e+00
0.000000000000000000e+00
0.000000000000000000e+00
2.379342898341718637e+02
4.982743658305411145e+02
5.260603054038847404e+02
4.208805239623258672e+02
2.372026836823775966e+02
5.799776467655890144e+01
0.000000000000000000e+00
0.000000000000000000e+00
0.000000000000000000e+00
1.780557793179564641e+01
5.835108688731276061e+01
8.318714035776841342e+01
8.233211462805698488e+01
6.858709784473589366e+01
5.588671311597919100e+01
4.773006637990856404e+01
4.052825690274695347e+01
2.560308518410783662e+01
9.164423922901690389e+00
0.000000000000000000e+00
0.000000000000000000e+00
0.000000000000000000e+00
0.000000000000000000e+00
0.000000000000000000e+00
1.733799376809652681e+00
7.966311469344428353e+00
1.195492037591054668e+01
1.477736154120175271e+01
1.206776883718157301e+01
4.193795901673290416e+00
0.000000000000000000e+00
0.000000000000000000e+00
0.000000000000000000e+00
0.000000000000000000e+00
0.000000000000000000e+00
0.000000000000000000e+00
0.000000000000000000e+00
0.000000000000000000e+00
1.569879042086288923e+00
6.256053440347480787e+00
8.684633090345686313e+00
8.640428901229013192e+00
6.399993135484879581e+00
1.980964360400860880e+00
0.000000000000000000e+00
0.000000000000000000e+00
0.000000000000000000e+00
0.000000000000000000e+00
0.000000000000000000e+00
0.000000000000000000e+00
4.622421997739489807e-01
1.853074872465061640e+00
4.363800080746729759e-01
0.000000000000000000e+00
1.674561986399238034e+00
3.429821551361317056e+00
4.978106792349022314e+00
6.193700522604920877e+00
3.383924438111160615e+00
0.000000000000000000e+00
0.000000000000000000e+00
0.000000000000000000e+00
0.000000000000000000e+00
4.501251532114391996e-01
8.810410910549681063e+00
1.201825125381725812e+01
7.983033127180704014e+00
1.619095195622144434e-01
0.000000000000000000e+00
0.000000000000000000e+00
0.000000000000000000e+00
2.493031791765201621e+00
4.354891990478725994e+00
3.911412051006319945e+00
1.108349875391378969e+00
0.000000000000000000e+00
0.000000000000000000e+00
0.000000000000000000e+00
0.000000000000000000e+00
3.129655347111036434e+00
3.546448732480011135e+00
3.195271487832409552e+00
6.107134371868809808e+00
9.419094329119454656e+00
6.300311535442290278e+00
0.000000000000000000e+00
0.000000000000000000e+00
0.000000000000000000e+00
0.000000000000000000e+00
0.000000000000000000e+00
6.820560200851109478e+00
1.064735024104021477e+01
7.460162609804095624e+00
7.157929803193463503e-01
0.000000000000000000e+00
0.000000000000000000e+00
0.000000000000000000e+00
2.734170247588388225e+00
4.235663358446127624e+00
0.000000000000000000e+00
0.000000000000000000e+00
0.000000000000000000e+00
0.000000000000000000e+00
1.435359845254266409e+00
6.795928633710306421e+00
7.661403582538417467e+00
3.924656965905715111e+00
0.000000000000000000e+00
0.000000000000000000e+00
0.000000000000000000e+00
0.000000000000000000e+00
4.748850219128927463e+00
6.402170318737798738e+00
3.898949444172475243e+00
2.912082785589548140e-01
0.000000000000000000e+00
0.000000000000000000e+00
0.000000000000000000e+00
8.505879736883311670e-01
1.671067865714609413e+00
2.929461259627979874e+00
3.457484606668240090e+00
1.650262358345172542e+00
0.000000000000000000e+00
0.000000000000000000e+00
0.000000000000000000e+00
0.000000000000000000e+00
4.307522657826731383e+00
6.441517779421090495e+00
2.971404232208936236e+00
0.000000000000000000e+00
0.000000000000000000e+00
0.000000000000000000e+00
2.899896376866786807e-01
1.034738481068414595e-02
1.564800537208824172e-01
7.982266360396019778e-01
1.829379074553757922e+00
1.863789107351028429e+00
0.000000000000000000e+00
0.000000000000000000e+00
0.000000000000000000e+00
0.000000000000000000e+00
0.000000000000000000e+00
1.659030316235876601e+00
4.288703258262301254e+00
6.626809383735096759e+00
6.402715325382943412e+00
2.171124893746815943e+00
0.000000000000000000e+00
0.000000000000000000e+00
0.000000000000000000e+00
0.000000000000000000e+00
4.526050644382273447e-01
6.915138277087742313e-01
0.000000000000000000e+00
0.000000000000000000e+00
1.035604455362319820e+00
4.890520886515030696e+00
4.166651126277995054e+00
1.759213571993385739e-01
0.000000000000000000e+00
0.000000000000000000e+00
0.000000000000000000e+00
0.000000000000000000e+00
2.664792021583178849e-01
9.276907989094578255e-01
0.000000000000000000e+00
0.000000000000000000e+00
0.000000000000000000e+00
7.833657993703418976e-02
1.369647126846819329e+00
3.364911337509924216e+00
5.214695665962665316e+00
3.890023612005410136e+00
3.624436703403288718e-01
0.000000000000000000e+00
0.000000000000000000e+00
0.000000000000000000e+00
0.000000000000000000e+00
0.000000000000000000e+00
0.000000000000000000e+00
0.000000000000000000e+00
0.000000000000000000e+00
0.000000000000000000e+00
0.000000000000000000e+00
3.604066634409226477e+00
6.906236759454155383e+00
7.175504359775916718e+00
5.060045665528453362e+00
3.207640465621268255e+00
1.600601966899664497e+00
0.000000000000000000e+00
0.000000000000000000e+00
0.000000000000000000e+00
0.000000000000000000e+00
0.000000000000000000e+00
0.000000000000000000e+00
2.544300098299822288e+00
3.209512310887105535e+00
9.508557156131907107e-01
0.000000000000000000e+00
0.000000000000000000e+00
0.000000000000000000e+00
2.563686930056804925e-02
1.696115650587186330e-01
1.627103412178178277e-01
0.000000000000000000e+00
0.000000000000000000e+00
0.000000000000000000e+00
0.000000000000000000e+00
2.202496895227466833e+00
3.363796406242944403e+00
4.540229889321949486e+00
6.046963352636241851e+00
5.447303171974872349e+00
2.752696443894514289e+00
0.000000000000000000e+00
0.000000000000000000e+00
0.000000000000000000e+00
0.000000000000000000e+00
0.000000000000000000e+00
0.000000000000000000e+00
5.714733524462070058e-01
2.484249750953522629e+00
4.709904578608682613e+00
5.518112111140074383e+00
3.528042390076348234e+00
0.000000000000000000e+00
0.000000000000000000e+00
2.434420576994875240e+00
7.617085722811316373e+01
2.466519916204989045e+02
4.433961576090622430e+02
5.878603578858314904e+02
5.518222091924479855e+02
3.217533471277483841e+02
0.000000000000000000e+00
0.000000000000000000e+00
0.000000000000000000e+00
0.000000000000000000e+00
0.000000000000000000e+00
0.000000000000000000e+00
0.000000000000000000e+00
0.000000000000000000e+00
0.000000000000000000e+00
9.498934293318725963e+01
3.754662712070098678e+02
5.409958830793316338e+02
5.031721620235795172e+02
2.537443188491028536e+02
0.000000000000000000e+00
0.000000000000000000e+00
0.000000000000000000e+00
0.000000000000000000e+00
0.000000000000000000e+00
0.000000000000000000e+00
2.251842701991328966e+01
8.809285003298920458e+01
1.425521999001688300e+02
1.626347686492008222e+02
1.397325247201470972e+02
9.326638501736010767e+01
4.142756288203590742e+01
0.000000000000000000e+00
0.000000000000000000e+00
0.000000000000000000e+00
0.000000000000000000e+00
0.000000000000000000e+00
2.335432112356639056e+00
1.219634800826304755e+01
2.137227618845758315e+01
2.458183952745707757e+01
2.130001623351175510e+01
1.416273906157453588e+01
3.393968325820437393e+00
0.000000000000000000e+00
0.000000000000000000e+00
0.000000000000000000e+00
0.000000000000000000e+00
0.000000000000000000e+00
1.057157365499605817e-01
9.004923634615968897e-01
3.677482473843640687e+00
6.307202410785575530e+00
8.581378226810050691e+00
1.143107679046011249e+01
1.194902945132105643e+01
5.304580300327479847e+00
0.000000000000000000e+00
0.000000000000000000e+00
0.000000000000000000e+00
0.000000000000000000e+00
0.000000000000000000e+00
7.343853814203265884e+00
1.134256894560214057e+01
9.472876964777762865e+00
4.727273418075710332e+00
1.638855508753200851e+00
8.349082381647193740e-01
1.013779721277530133e-01
0.000000000000000000e+00
0.000000000000000000e+00
0.000000000000000000e+00
0.000000000000000000e+00
2.171627083990997242e+00
3.302014400196271016e+00
1.541210675710495748e+00
0.000000000000000000e+00
0.000000000000000000e+00
9.748116777900245333e-01
3.697172162904112103e+00
2.525412072941837671e+00
0.000000000000000000e+00
0.000000000000000000e+00
0.000000000000000000e+00
0.000000000000000000e+00
2.156265827348950559e+00
6.355672483906935177e+00
9.335164973582783077e+00
6.396462388725820958e+00
0.000000000000000000e+00
0.000000000000000000e+00
0.000000000000000000e+00
0.000000000000000000e+00
0.000000000000000000e+00
0.000000000000000000e+00
7.188718576342722599e+00
1.515484378008972222e+01
1.946013554855644045e+01
1.685764729870916767e+01
9.378420397128936159e+00
3.794810300217610344e-01
0.000000000000000000e+00
0.000000000000000000e+00
0.000000000000000000e+00
0.000000000000000000e+00
0.000000000000000000e+00
1.956440700278810896e+00
7.001092403592090285e+00
9.513822032578728383e+00
8.510462844442054475e+00
3.686064261817119103e+00
0.000000000000000000e+00
0.000000000000000000e+00
0.000000000000000000e+00
4.058507874205030674e-01
4.640980087698073575e+00
6.571532971706567139e+00
7.926192643814867544e+00
7.137764330934630586e+00
2.204731463876890896e+00
0.000000000000000000e+00
0.000000000000000000e+00
0.000000000000000000e+00
0.000000000000000000e+00
0.000000000000000000e+00
2.297485106816793188e+00
6.465270012557601476e+00
6.125476479963490206e+00
2.698474049036454492e+00
1.299755580054275050e+00
4.207307778233519535e+00
7.445893644041182036e+00
4.319671623412152606e+00
0.000000000000000000e+00
0.000000000000000000e+00
0.000000000000000000e+00
0.000000000000000000e+00
0.000000000000000000e+00
2.662346479490040885e+00
5.832986336770442648e+00
5.754555313056477495e+00
5.880674113218405274e+00
7.179920327089974741e+00
6.220380787471095907e+00
2.348308333057509856e+00
0.000000000000000000e+00
0.000000000000000000e+00
0.000000000000000000e+00
0.000000000000000000e+00
0.000000000000000000e+00
0.000000000000000000e+00
4.785422064059568825e+00
9.326554645194462978e+00
1.013696942115707955e+01
7.230546737148641157e+00
1.913245270195093495e+00
0.000000000000000000e+00
0.000000000000000000e+00
0.000000000000000000e+00
0.000000000000000000e+00
0.000000000000000000e+00
3.886584674570332520e+00
6.702484749698705890e+00
5.266211494393026271e+00
3.449018170714451159e+00
1.588781362362265304e+00
0.000000000000000000e+00
0.000000000000000000e+00
0.000000000000000000e+00
0.000000000000000000e+00
0.000000000000000000e+00
0.000000000000000000e+00
0.000000000000000000e+00
0.000000000000000000e+00
0.000000000000000000e+00
0.000000000000000000e+00
0.000000000000000000e+00
4.810742379951840619e-01
2.571703880246273055e+00
2.935424476706114394e+00
1.034308803092454765e+00
8.403761520536442986e-02
7.996993848901137181e-01
2.804275094015814318e+00
4.643463891099465002e+00
4.451308501211090451e+00
2.418328027002023095e+00
0.000000000000000000e+00
0.000000000000000000e+00
0.000000000000000000e+00
0.000000000000000000e+00
0.000000000000000000e+00
0.000000000000000000e+00
1.386038879619411190e+00
5.020472065485302338e+00
5.841291031740795781e+00
8.757058004266876639e-01
0.000000000000000000e+00
0.000000000000000000e+00
0.000000000000000000e+00
2.184584331718052219e+00
4.209194738548360792e-01
0.000000000000000000e+00
0.000000000000000000e+00
0.000000000000000000e+00
0.000000000000000000e+00
0.000000000000000000e+00
2.734184722389831901e+00
4.780908026410964240e+00
5.384103460068772051e+00
4.343682143063809065e+00
1.884932754816458278e+00
0.000000000000000000e+00
0.000000000000000000e+00
0.000000000000000000e+00
0.000000000000000000e+00
0.000000000000000000e+00
0.000000000000000000e+00
0.000000000000000000e+00
0.000000000000000000e+00
8.140568559937139126e-02
2.109009196422061194e+00
3.311775879137230927e+00
1.448948456050282774e+00
0.000000000000000000e+00
0.000000000000000000e+00
7.966986453058003126e-02
4.797042160520834209e+00
8.522218885194631000e+00
8.171325807468932112e+00
3.321781606854587565e+00
0.000000000000000000e+00
0.000000000000000000e+00
0.000000000000000000e+00
0.000000000000000000e+00
0.000000000000000000e+00
0.000000000000000000e+00
0.000000000000000000e+00
0.000000000000000000e+00
4.876300054548460494e+00
5.959338061299764888e+01
2.253042278859448970e+02
4.141007413296213144e+02
5.880885491748125560e+02
6.464594436225121399e+02
3.562616520008074303e+02
0.000000000000000000e+00
0.000000000000000000e+00
0.000000000000000000e+00
0.000000000000000000e+00
0.000000000000000000e+00
0.000000000000000000e+00
0.000000000000000000e+00
0.000000000000000000e+00
0.000000000000000000e+00
0.000000000000000000e+00
0.000000000000000000e+00
1.128558527935386024e+02
2.055305561179764595e+02
2.113993165769700795e+02
1.604364489811544559e+02
1.000470488615195421e+02
9.572347669350422450e+01
1.350320595610853900e+02
1.401200048512623937e+02
9.968786019220523542e+01
4.789225291839031939e+01
1.379068355649923916e+01
7.639234475921719003e+00
2.004300925790298749e+01
3.573452481787828816e+01
4.512509650249185711e+01
4.419353086266355746e+01
3.347451260236729098e+01
1.714667581645189642e+01
4.384125480133666208e+00
0.000000000000000000e+00
0.000000000000000000e+00
0.000000000000000000e+00
0.000000000000000000e+00
0.000000000000000000e+00
0.000000000000000000e+00
0.000000000000000000e+00
0.000000000000000000e+00
0.000000000000000000e+00
1.950702024781580946e+00
5.940543762159819607e+00
1.152970408295639793e+01
1.553636583132869120e+01
1.437606398576103395e+01
8.354063500508187801e+00
4.557676055439441321e-02
0.000000000000000000e+00
0.000000000000000000e+00
0.000000000000000000e+00
0.000000000000000000e+00
0.000000000000000000e+00
4.232817119235038561e+00
1.080601920716715192e+01
1.544041120341659834e+01
1.528181744435759448e+01
9.685675171646131787e+00
1.300235399163335304e+00
0.000000000000000000e+00
0.000000000000000000e+00
0.000000000000000000e+00
0.000000000000000000e+00
0.000000000000000000e+00
0.000000000000000000e+00
4.455508786586276138e+00
1.163570479994425533e+01
1.275468339890526970e+01
1.020652414373332739e+01
7.815616802982744638e+00
8.621360211096533277e+00
8.991580454466484795e+00
1.950048999301606800e+00
0.000000000000000000e+00
0.000000000000000000e+00
0.000000000000000000e+00
0.000000000000000000e+00
0.000000000000000000e+00
2.655687336664581899e+00
4.476604850586658912e+00
1.298708640889677302e+00
0.000000000000000000e+00
0.000000000000000000e+00
1.087178605849517532e-01
0.000000000000000000e+00
2.428276479734779780e+00
4.499871876044621466e+00
4.612298646711164629e+00
2.066300087546421693e+00
0.000000000000000000e+00
0.000000000000000000e+00
0.000000000000000000e+00
0.000000000000000000e+00
0.000000000000000000e+00
4.769648255617542354e-01
1.604540390515579729e+00
1.396141358277237732e+00
1.863010519802844822e+00
5.964540612897473171e-01
0.000000000000000000e+00
0.000000000000000000e+00
0.000000000000000000e+00
3.176892858938878739e+00
3.139556327195237806e+00
3.339201312937967181e-01
0.000000000000000000e+00
0.000000000000000000e+00
0.000000000000000000e+00
0.000000000000000000e+00
2.812602222082953407e+00
5.950071910416111720e+00
4.499600090200582159e+00
1.945724612061085157e+00
0.000000000000000000e+00
0.000000000000000000e+00
0.000000000000000000e+00
0.000000000000000000e+00
0.000000000000000000e+00
4.450567717609738239e+00
4.827755336964424160e+00
1.977717166134831839e+00
1.021077639450085339e-01
4.704458353287782835e+00
1.139801697757153320e+01
1.037977583923352931e+01
1.653289057656842642e+00
0.000000000000000000e+00
0.000000000000000000e+00
0.000000000000000000e+00
0.000000000000000000e+00
0.000000000000000000e+00
3.802835617672422952e+00
8.501352177167060375e+00
1.164722973122417571e+01
1.346803181385452497e+01
1.090538331245158155e+01
3.357284713363783979e+00
0.000000000000000000e+00
0.000000000000000000e+00
0.000000000000000000e+00
0.000000000000000000e+00
3.534011882018912587e+00
3.851036733661279410e+00
8.625237534289411645e-01
0.000000000000000000e+00
0.000000000000000000e+00
0.000000000000000000e+00
0.000000000000000000e+00
0.000000000000000000e+00
0.000000000000000000e+00
0.000000000000000000e+00
0.000000000000000000e+00
0.000000000000000000e+00
0.000000000000000000e+00
5.742474190328222816e-01
4.823603393652314608e+00
6.857945151225661284e+00
6.109713743826794108e+00
3.939888349266396084e+00
1.263857795148586094e+00
0.000000000000000000e+00
0.000000000000000000e+00
0.000000000000000000e+00
0.000000000000000000e+00
0.000000000000000000e+00
0.000000000000000000e+00
0.000000000000000000e+00
0.000000000000000000e+00
0.000000000000000000e+00
0.000000000000000000e+00
2.306345122312855711e+00
6.162909155097133329e+00
8.092287255421528158e+00
7.377283987350345740e+00
4.384811122277714190e+00
4.450933583586946796e-01
0.000000000000000000e+00
0.000000000000000000e+00
0.000000000000000000e+00
0.000000000000000000e+00
1.043853911269938761e+00
3.130269785446993414e+00
2.940644091348476596e+00
1.906048583200630642e+00
1.389879644927635605e+00
1.693745229028424726e+00
9.070565788720640343e-01
0.000000000000000000e+00
0.000000000000000000e+00
0.000000000000000000e+00
0.000000000000000000e+00
2.632969041414089606e+00
3.999436837206493678e+00
3.728345078839577997e+00
2.319481698244141299e+00
0.000000000000000000e+00
0.000000000000000000e+00
0.000000000000000000e+00
0.000000000000000000e+00
0.000000000000000000e+00
0.000000000000000000e+00
3.666251541469350839e-01
4.228138524410006482e+00
6.015484014765918985e+00
5.503097695772566134e+00
2.614417560462857448e+00
0.000000000000000000e+00
0.000000000000000000e+00
0.000000000000000000e+00
0.000000000000000000e+00
0.000000000000000000e+00
0.000000000000000000e+00
0.000000000000000000e+00
0.000000000000000000e+00
2.462267637179035851e-01
4.870255256714926873e+00
7.737678939477472539e+00
8.339360727924963967e+00
7.100414055066764263e+00
3.321462380099402090e+00
3.938399319864843484e+00
4.186190739095554392e+01
1.981137680179476490e+02
5.329821900822503267e+02
7.104529498365590143e+02
6.043444004097981406e+02
3.446691647486396164e+02
6.009123109553300424e+01
0.000000000000000000e+00
0.000000000000000000e+00
0.000000000000000000e+00
0.000000000000000000e+00
0.000000000000000000e+00
0.000000000000000000e+00
0.000000000000000000e+00
0.000000000000000000e+00
4.194465952533100221e+02
8.570392004007373998e+02
9.612989976748359595e+02
7.176972719155694449e+02
3.001558610613158180e+02
0.000000000000000000e+00
0.000000000000000000e+00
0.000000000000000000e+00
0.000000000000000000e+00
0.000000000000000000e+00
1.277582316186936850e+02
2.306833807766856239e+02
2.286331767524468432e+02
1.627119825223187490e+02
8.416378843817044242e+01
2.450124794496495539e+01
0.000000000000000000e+00
0.000000000000000000e+00
0.000000000000000000e+00
9.405643898820770232e+00
1.896068276221980398e+01
2.611449871451582183e+01
2.780676664379782892e+01
2.125936665900305300e+01
1.230661475122199278e+01
4.437140073686035358e+00
0.000000000000000000e+00
0.000000000000000000e+00
0.000000000000000000e+00
0.000000000000000000e+00
0.000000000000000000e+00
0.000000000000000000e+00
3.033149643377647031e+00
1.261928099199061037e+01
1.691363658425076366e+01
1.193239086236245861e+01
1.592508614500429021e+00
0.000000000000000000e+00
0.000000000000000000e+00
0.000000000000000000e+00
0.000000000000000000e+00
0.000000000000000000e+00
5.911166066316017043e-01
1.197918212659937476e+00
2.096889883190233839e+00
3.189866732038644237e+00
4.101565149753627182e+00
3.319979779339704340e+00
3.103632467120996719e+00
3.359724212103586183e+00
4.284353995995249242e-01
0.000000000000000000e+00
0.000000000000000000e+00
0.000000000000000000e+00
0.000000000000000000e+00
1.229250509041743156e+00
7.673079144578776045e+00
9.654937978249689579e+00
7.826865640473723573e+00
3.332371199304823062e+00
0.000000000000000000e+00
0.000000000000000000e+00
0.000000000000000000e+00
0.000000000000000000e+00
0.000000000000000000e+00
3.487974005502176400e+00
6.458043171225380519e+00
4.447457348515110098e+00
2.826741156372551522e+00
3.542860977561387958e+00
2.517386933478735322e+00
0.000000000000000000e+00
0.000000000000000000e+00
0.000000000000000000e+00
0.000000000000000000e+00
0.000000000000000000e+00
0.000000000000000000e+00
0.000000000000000000e+00
0.000000000000000000e+00
4.401000261184638163e+00
4.660017024287511411e+00
1.015841114376907273e+00
0.000000000000000000e+00
0.000000000000000000e+00
1.090140414199414209e+00
4.955128740394693310e+00
6.460947561708375808e+00
6.608370708140742344e+00
5.650888530247012653e+00
1.679754017708775971e+00
0.000000000000000000e+00
0.000000000000000000e+00
0.000000000000000000e+00
0.000000000000000000e+00
0.000000000000000000e+00
4.262047654683062348e+00
1.209355853078630716e+01
1.338027905888130498e+01
7.856294632599158945e+00
2.182518335164612688e-01
0.000000000000000000e+00
0.000000000000000000e+00
0.000000000000000000e+00
0.000000000000000000e+00
0.000000000000000000e+00
0.000000000000000000e+00
0.000000000000000000e+00
3.417623706700491315e+00
4.323683742601634350e+00
1.765823708033270600e+00
0.000000000000000000e+00
0.000000000000000000e+00
1.627222842663263114e+00
6.675630325784672081e+00
8.131053376521924392e+00
3.633824737946551586e+00
0.000000000000000000e+00
0.000000000000000000e+00
0.000000000000000000e+00
0.000000000000000000e+00
1.196646308815885185e+00
4.033795516898037725e+00
3.437921710411975695e+00
0.000000000000000000e+00
0.000000000000000000e+00
0.000000000000000000e+00
0.000000000000000000e+00
1.738031776093301728e+00
6.333343298667859500e+00
5.180694274195575488e+00
6.310798630083935823e-01
0.000000000000000000e+00
0.000000000000000000e+00
0.000000000000000000e+00
0.000000000000000000e+00
1.497017117051532731e+00
6.115865383882844064e+00
8.877979887929651426e+00
7.078893368229390859e+00
2.373796996243872304e+00
0.000000000000000000e+00
0.000000000000000000e+00
0.000000000000000000e+00
0.000000000000000000e+00
3.354786133593495867e-01
2.893756684353362973e-01
6.371878908760508775e-01
6.525429049543048921e-01
1.190388990040466721e+00
0.000000000000000000e+00
0.000000000000000000e+00
0.000000000000000000e+00
0.000000000000000000e+00
1.051867027033384527e+00
3.605267819406977825e+00
2.693705432713182191e+00
4.242312954024114457e-01
0.000000000000000000e+00
0.000000000000000000e+00
4.275976111108373279e-02
2.291345000657671882e+00
6.082858081017036511e+00
7.682152175007440853e+00
1.465643072955135828e+01
6.123867823522343912e+01
1.106408147722344211e+02
7.995581821028898162e+01
0.000000000000000000e+00
0.000000000000000000e+00
0.000000000000000000e+00
0.000000000000000000e+00
0.000000000000000000e+00
5.711851204333617815e+00
7.731312618258372993e+01
1.709855996682600221e+02
4.817559097807252044e+01
5.279018507905695046e-01
9.433074252540949090e+01
0.000000000000000000e+00
0.000000000000000000e+00
0.000000000000000000e+00
0.000000000000000000e+00
0.000000000000000000e+00
4.083715244191549409e+00
1.749960186043425381e+01
2.099860902788115169e+01
1.624300610803042133e+01
7.548448845514974082e+00
0.000000000000000000e+00
0.000000000000000000e+00
0.000000000000000000e+00
0.000000000000000000e+00
0.000000000000000000e+00
0.000000000000000000e+00
3.706470385670193601e-01
2.097083404780410110e+00
1.715163456547062815e+00
9.592871042572032048e-01
1.776762080640571728e+00
1.208658664916123504e+00
0.000000000000000000e+00
0.000000000000000000e+00
2.920543435105150909e+00
4.525032501290753295e+00
9.353232567638724015e-01
0.000000000000000000e+00
0.000000000000000000e+00
0.000000000000000000e+00
1.421741220721216337e+00
7.877276267605359372e+00
9.871215316053435274e+00
5.945263997879542295e+00
9.388727572523514198e-01
0.000000000000000000e+00
0.000000000000000000e+00
0.000000000000000000e+00
0.000000000000000000e+00
0.000000000000000000e+00
0.000000000000000000e+00
5.340399890223759272e+00
7.452706957629587237e+00
6.492216322343257850e+00
2.887393703457918903e+00
0.000000000000000000e+00
0.000000000000000000e+00
0.000000000000000000e+00
1.269205188441160925e-01
4.195204907918808068e+00
6.130476497775548594e+00
6.228695811279771455e+00
5.673194891052720124e+00
2.194501087134560713e+00
0.000000000000000000e+00
0.000000000000000000e+00
0.000000000000000000e+00
0.000000000000000000e+00
0.000000000000000000e+00
5.589213730742593755e-01
1.218742972400599367e+00
1.387901443743143304e+01
7.536934619885322206e+01
2.687499898283345487e+02
4.965494034120856668e+02
5.820816360899813162e+02
5.578415766251330297e+02
2.761276722461353188e+02
0.000000000000000000e+00
0.000000000000000000e+00
0.000000000000000000e+00
0.000000000000000000e+00
0.000000000000000000e+00
0.000000000000000000e+00
0.000000000000000000e+00
0.000000000000000000e+00
0.000000000000000000e+00
0.000000000000000000e+00
0.000000000000000000e+00
7.451547570109475771e+01
3.044324754599159633e+02
4.146588734648908030e+02
3.889244683986248674e+02
3.119811935337912132e+02
1.772531743310184993e+02
0.000000000000000000e+00
0.000000000000000000e+00
0.000000000000000000e+00
0.000000000000000000e+00
0.000000000000000000e+00
0.000000000000000000e+00
3.155406129805671256e+01
1.223966061732350710e+02
1.666754527384744051e+02
1.685282043889800434e+02
1.357172591048330617e+02
7.868744842469361345e+01
1.937730622087546450e+01
0.000000000000000000e+00
0.000000000000000000e+00
0.000000000000000000e+00
0.000000000000000000e+00
1.234693495961242116e+00
6.235874677420966350e+00
8.566851093970706543e+00
1.175494911950448440e+01
1.343873615016918066e+01
9.687905187596157930e+00
3.701816710694159962e+00
7.689017730715813626e-01
5.267754652530515225e-01
5.310650104125430593e-01
0.000000000000000000e+00
0.000000000000000000e+00
0.000000000000000000e+00
0.000000000000000000e+00
0.000000000000000000e+00
0.000000000000000000e+00
0.000000000000000000e+00
3.135804360551511127e+00
6.818456198519269762e+00
1.033246044430533672e+01
9.001181579468484628e+00
2.641612991078554185e+00
0.000000000000000000e+00
0.000000000000000000e+00
0.000000000000000000e+00
0.000000000000000000e+00
2.940078094290574207e+00
4.984361022401690988e+00
3.718039507551555545e+00
1.869622620010898073e+00
8.459575048119435392e-01
0.000000000000000000e+00
0.000000000000000000e+00
0.000000000000000000e+00
0.000000000000000000e+00
4.737793218037925080e-01
4.010519817103860518e+00
5.805453348442998873e+00
3.592937512819013968e+00
1.184663513852900252e+00
0.000000000000000000e+00
0.000000000000000000e+00
0.000000000000000000e+00
0.000000000000000000e+00
0.000000000000000000e+00
0.000000000000000000e+00
0.000000000000000000e+00
9.768467627150125843e-01
1.331753458168119408e+00
6.534004937688159265e-01
0.000000000000000000e+00
0.000000000000000000e+00
0.000000000000000000e+00
0.000000000000000000e+00
5.053286424045872138e+00
8.124853227042088122e+00
5.890612473629270873e+00
2.702084706590646146e+00
9.077324604265385455e-01
0.000000000000000000e+00
0.000000000000000000e+00
0.000000000000000000e+00
0.000000000000000000e+00
0.000000000000000000e+00
0.000000000000000000e+00
0.000000000000000000e+00
0.000000000000000000e+00
8.999424599317351614e-01
1.182077244811403638e+01
1.784051335607723843e+01
1.466290498144028120e+01
4.689535715763498480e+00
0.000000000000000000e+00
0.000000000000000000e+00
0.000000000000000000e+00
0.000000000000000000e+00
0.000000000000000000e+00
1.108152453381250346e+00
3.974439500163076566e+00
5.640108790745443024e+00
6.176571460335903652e+00
5.750738146459484668e+00
4.689697773644171619e+00
2.657442082429489538e+00
6.011156856586791219e-01
0.000000000000000000e+00
0.000000000000000000e+00
0.000000000000000000e+00
0.000000000000000000e+00
0.000000000000000000e+00
0.000000000000000000e+00
0.000000000000000000e+00
0.000000000000000000e+00
8.345730484803776106e-01
1.090224964917646533e+00
0.000000000000000000e+00
0.000000000000000000e+00
0.000000000000000000e+00
1.532629742386285021e-01
9.463348418996611056e-01
2.884667800117854397e-01
0.000000000000000000e+00
2.256477885430527408e+00
4.390753284790240407e+00
2.313986467289159243e+00
0.000000000000000000e+00
0.000000000000000000e+00
0.000000000000000000e+00
0.000000000000000000e+00
0.000000000000000000e+00
3.279995094628874952e+00
7.924385940482908453e+00
6.159938217469954402e+00
0.000000000000000000e+00
0.000000000000000000e+00
0.000000000000000000e+00
0.000000000000000000e+00
2.496120470391691715e+00
1.069958527269678505e+01
1.300298815978517553e+01
6.701043325523653671e+00
7.704226517709805933e+00
4.369812819803218673e+01
5.609221099148521006e+01
1.361249841901011060e+01
0.000000000000000000e+00
0.000000000000000000e+00
0.000000000000000000e+00
0.000000000000000000e+00
6.909697076972154406e+00
9.860977765787346527e+01
1.245119927708683889e+02
7.216404672728114633e+01
0.000000000000000000e+00
0.000000000000000000e+00
0.000000000000000000e+00
0.000000000000000000e+00
0.000000000000000000e+00
1.373066392388888524e+01
4.828896723562898785e+01
5.841989672446285908e+01
4.737345061975569394e+01
2.599061583195896219e+01
3.652739325554637873e+00
0.000000000000000000e+00
0.000000000000000000e+00
0.000000000000000000e+00
0.000000000000000000e+00
0.000000000000000000e+00
6.498503565976580632e+00
1.036838659194209455e+01
8.553551898210706383e+00
2.877857241403955602e+00
0.000000000000000000e+00
0.000000000000000000e+00
0.000000000000000000e+00
0.000000000000000000e+00
1.083837720107609703e+00
3.365596532917646044e+00
1.353738566394098397e+00
0.000000000000000000e+00
0.000000000000000000e+00
0.000000000000000000e+00
1.065992704541873781e+00
3.962071302137052609e+00
6.090227896414606157e+00
6.279296481049595258e+00
2.528965386986245623e+00
0.000000000000000000e+00
0.000000000000000000e+00
0.000000000000000000e+00
0.000000000000000000e+00
0.000000000000000000e+00
1.664712986285121765e-01
0.000000000000000000e+00
0.000000000000000000e+00
7.679510579964438088e-01
3.553862946052785965e+00
4.758707873592227244e+00
2.356828426351865069e+00
0.000000000000000000e+00
0.000000000000000000e+00
0.000000000000000000e+00
0.000000000000000000e+00
1.799993105259366954e+00
3.907096309079885366e+00
4.512389312609395020e+00
3.250434202564916220e+00
2.592508717760497183e-01
0.000000000000000000e+00
1.048193975051700022e+01
9.045961036396364818e+01
2.907117897710108423e+02
5.600690426054496811e+02
6.904170648317760879e+02
5.734164440064685095e+02
1.761582700470309817e+02
0.000000000000000000e+00
0.000000000000000000e+00
0.000000000000000000e+00
0.000000000000000000e+00
0.000000000000000000e+00
0.000000000000000000e+00
1.202352565522801342e+02
3.262202308948524774e+02
2.868152174208660199e+02
1.665461143078550492e+02
7.693713784848287673e+01
6.277334029680670113e-01
0.000000000000000000e+00
0.000000000000000000e+00
0.000000000000000000e+00
3.488520128719301283e+01
9.881728033638515285e+01
8.661804388424955903e+01
5.624127915243417419e+01
2.420440477684193681e+01
0.000000000000000000e+00
0.000000000000000000e+00
0.000000000000000000e+00
0.000000000000000000e+00
1.160495002369161810e+01
7.074983612061349447e+01
1.133777842555423376e+02
1.157110756534235492e+02
8.799566368787994008e+01
4.606660263461188265e+01
5.578546243492146672e+00
0.000000000000000000e+00
0.000000000000000000e+00
0.000000000000000000e+00
0.000000000000000000e+00
1.297711146671618998e+01
2.166048418438735368e+01
1.973694750022646005e+01
9.428060621578492118e+00
0.000000000000000000e+00
0.000000000000000000e+00
0.000000000000000000e+00
3.506167039650162631e-01
6.182185434935107970e+00
7.229457173452933816e+00
2.226976893037815763e+00
0.000000000000000000e+00
0.000000000000000000e+00
0.000000000000000000e+00
0.000000000000000000e+00
9.916442300885452976e-02
4.862204263800032678e+00
5.908900947429983397e+00
4.789311645103135007e+00
4.167220209141849097e+00
2.713494552829438522e+00
6.607111236727261083e-01
6.313754246237146539e-01
2.184558568173351922e+00
5.696906567548287725e-01
0.000000000000000000e+00
0.000000000000000000e+00
0.000000000000000000e+00
0.000000000000000000e+00
0.000000000000000000e+00
0.000000000000000000e+00
0.000000000000000000e+00
0.000000000000000000e+00
0.000000000000000000e+00
1.646634657236495380e+00
3.224949543454910916e+00
3.859511865792856877e+00
1.998579061290167713e+00
0.000000000000000000e+00
3.577883862868058706e-01
1.570338695326550793e+00
2.628799486002579400e+00
1.705629958329880846e+00
5.445372311829038692e-01
1.122158901778330664e+00
1.893553569028948225e+00
0.000000000000000000e+00
0.000000000000000000e+00
0.000000000000000000e+00
0.000000000000000000e+00
0.000000000000000000e+00
0.000000000000000000e+00
3.861837030939388349e+00
6.352930868012522936e+00
5.292954968487556755e+00
3.232368827599529926e+00
1.339788344975612056e+00
0.000000000000000000e+00
0.000000000000000000e+00
8.186922857958758293e-01
2.319014970974218937e+00
3.792265752558254821e+00
2.778286895634939135e+00
0.000000000000000000e+00
0.000000000000000000e+00
0.000000000000000000e+00
0.000000000000000000e+00
0.000000000000000000e+00
5.701019857007742608e+00
8.942233778216033713e+00
8.893245774557605898e+00
4.488585029675945748e+00
0.000000000000000000e+00
0.000000000000000000e+00
0.000000000000000000e+00
0.000000000000000000e+00
0.000000000000000000e+00
4.275872418958001298e+00
9.286063513123250956e+00
9.997837079426076912e+00
1.113001175237300799e+01
1.186338674868674836e+01
5.029082756994440295e+00
0.000000000000000000e+00
0.000000000000000000e+00
0.000000000000000000e+00
0.000000000000000000e+00
0.000000000000000000e+00
6.480753141787054084e+00
1.127297313780733212e+01
8.310064621590285583e+00
2.116428061197835220e+00
0.000000000000000000e+00
0.000000000000000000e+00
0.000000000000000000e+00
0.000000000000000000e+00
0.000000000000000000e+00
1.308660368416272757e+00
4.182299782867493043e+00
6.202688195743530031e+00
4.004490284726537119e+00
1.921315089750304184e+00
2.409934700622635262e+00
1.376015301247472733e+00
0.000000000000000000e+00
0.000000000000000000e+00
0.000000000000000000e+00
0.000000000000000000e+00
0.000000000000000000e+00
0.000000000000000000e+00
2.283876753027963336e+00
3.568218812444214016e+00
3.791746224853197234e+00
5.035004530269983292e+00
5.090207436424624809e+00
6.370850239825406325e-01
0.000000000000000000e+00
0.000000000000000000e+00
0.000000000000000000e+00
0.000000000000000000e+00
5.049085881239784079e+00
3.718228505287978436e+01
7.362093897526490593e+01
5.632299079023641752e+01
0.000000000000000000e+00
0.000000000000000000e+00
0.000000000000000000e+00
0.000000000000000000e+00
0.000000000000000000e+00
0.000000000000000000e+00
0.000000000000000000e+00
3.692515415019292924e+00
8.299549685188381432e+01
1.074362812939853029e+02
5.544656426037671793e+01
0.000000000000000000e+00
0.000000000000000000e+00
0.000000000000000000e+00
0.000000000000000000e+00
0.000000000000000000e+00
0.000000000000000000e+00
0.000000000000000000e+00
0.000000000000000000e+00
1.094142757514890896e+01
3.190021222027179348e+01
4.322206157499680046e+01
4.310003830443476147e+01
3.019945437668434352e+01
1.072801750527817610e+01
0.000000000000000000e+00
0.000000000000000000e+00
0.000000000000000000e+00
0.000000000000000000e+00
4.686532340767157745e-02
7.569509360148707344e+00
9.861377143280408930e+00
6.073408660680311044e+00
0.000000000000000000e+00
0.000000000000000000e+00
0.000000000000000000e+00
0.000000000000000000e+00
0.000000000000000000e+00
0.000000000000000000e+00
2.702254238315694668e+00
5.305304052521786495e+00
6.402577873441672729e+00
5.664048615252239571e+00
3.437181892254110860e+00
1.376992833050823206e+00
5.453529771371451451e-01
3.994835816925959571e-01
8.903114674739878165e-01
2.048943374324957212e+00
0.000000000000000000e+00
0.000000000000000000e+00
0.000000000000000000e+00
0.000000000000000000e+00
0.000000000000000000e+00
2.011969213635661280e+00
9.351428650105125584e+00
1.001874548545297650e+01
5.634346415446539247e+00
4.042821795580808342e+00
6.145896488042260586e+01
2.671323145975244415e+02
5.233224952858333836e+02
5.581429167312649042e+02
3.700088803607844170e+02
1.942929297379770048e+02
2.575596629760699443e+02
6.118929907628647413e+01
0.000000000000000000e+00
0.000000000000000000e+00
0.000000000000000000e+00
0.000000000000000000e+00
0.000000000000000000e+00
8.449434017260948337e+01
3.023888006875040446e+02
3.716106616396487539e+02
3.635668222585163676e+02
2.621529141914435854e+02
7.222066834535856117e+01
0.000000000000000000e+00
0.000000000000000000e+00
0.000000000000000000e+00
0.000000000000000000e+00
0.000000000000000000e+00
1.397910627122744245e+02
2.249827852683427523e+02
2.242388864913205850e+02
1.656636190936230832e+02
8.752855757185373875e+01
2.153055180753815634e+01
0.000000000000000000e+00
0.000000000000000000e+00
0.000000000000000000e+00
1.549146591859936706e+01
2.543030867792440475e+01
2.738974148580933843e+01
2.368755097615402150e+01
1.389425288494172683e+01
2.928061728697181731e+00
0.000000000000000000e+00
0.000000000000000000e+00
0.000000000000000000e+00
0.000000000000000000e+00
2.687350537218072155e+00
8.674393154956652197e+00
7.808536238038017885e+00
3.643771352502614302e+00
4.265016338784316519e-01
0.000000000000000000e+00
2.133233990865915364e-01
0.000000000000000000e+00
0.000000000000000000e+00
0.000000000000000000e+00
0.000000000000000000e+00
2.515382866660684336e+00
5.364824750304780565e+00
6.034256328983356177e+00
5.524816863411024848e+00
4.862908821796767533e+00
2.140148464890406554e+00
0.000000000000000000e+00
0.000000000000000000e+00
0.000000000000000000e+00
0.000000000000000000e+00
3.133239087177337456e+00
7.702521929882251150e+00
4.973525395853134690e+00
0.000000000000000000e+00
0.000000000000000000e+00
0.000000000000000000e+00
0.000000000000000000e+00
0.000000000000000000e+00
0.000000000000000000e+00
2.139565571669493682e+00
5.862633679216133764e+00
7.896007491590902205e+00
7.129857984885280331e+00
5.550558434762840498e+00
2.463042424671740616e+00
0.000000000000000000e+00
0.000000000000000000e+00
0.000000000000000000e+00
0.000000000000000000e+00
9.570667693583819746e-01
1.556975811231146922e+00
4.102846502113816074e-02
0.000000000000000000e+00
0.000000000000000000e+00
0.000000000000000000e+00
2.001843302285727155e+00
5.133441672960925573e+00
7.529210583610175256e+00
6.323001869853357881e+00
8.186027245715016276e-01
0.000000000000000000e+00
0.000000000000000000e+00
0.000000000000000000e+00
0.000000000000000000e+00
0.000000000000000000e+00
1.108549847970152769e+00
7.313485470950498168e+00
9.676222288666004090e+00
8.995929190035340639e+00
6.234593926049760704e+00
2.122375353005995002e+00
0.000000000000000000e+00
0.000000000000000000e+00
0.000000000000000000e+00
0.000000000000000000e+00
4.935148795579408443e+00
8.294643606691492366e+00
6.435935408640146349e+00
1.267925606497249946e+00
0.000000000000000000e+00
0.000000000000000000e+00
0.000000000000000000e+00
0.000000000000000000e+00
0.000000000000000000e+00
3.405647441075722259e+00
5.824501179689487884e+00
4.996962219790471060e+00
1.102205458053430398e+00
0.000000000000000000e+00
0.000000000000000000e+00
0.000000000000000000e+00
0.000000000000000000e+00
3.139148123072442509e+00
6.204159304623556359e+00
4.959055492845081403e+00
7.890891778733130080e-01
0.000000000000000000e+00
0.000000000000000000e+00
3.458542876204687144e-01
3.230540947779005023e+00
7.849501829906707862e+00
7.564588164813075721e+00
1.065202492416922331e+00
0.000000000000000000e+00
0.000000000000000000e+00
0.000000000000000000e+00
0.000000000000000000e+00
0.000000000000000000e+00
2.363235772905416976e+00
8.331626216048631406e+00
1.082896410373911777e+01
9.138026367212678025e+00
4.167765296035005562e+00
0.000000000000000000e+00
0.000000000000000000e+00
0.000000000000000000e+00
0.000000000000000000e+00
0.000000000000000000e+00
1.869326027367137932e+00
5.988831477192340991e+00
7.676628238625116118e+00
6.766256269144856894e+00
4.149450404532604608e+00
1.148523880778705486e+00
0.000000000000000000e+00
0.000000000000000000e+00
0.000000000000000000e+00
0.000000000000000000e+00
0.000000000000000000e+00
0.000000000000000000e+00
0.000000000000000000e+00
0.000000000000000000e+00
0.000000000000000000e+00
1.931570152221111281e+00
5.341764636414106704e+00
7.226956693613048266e+00
5.744841694137383215e+00
2.501096231619144739e+00
2.376898094612611700e-02
0.000000000000000000e+00
0.000000000000000000e+00
0.000000000000000000e+00
0.000000000000000000e+00
0.000000000000000000e+00
9.434490559699290069e-01
7.669346140590227456e-01
0.000000000000000000e+00
0.000000000000000000e+00
0.000000000000000000e+00
1.187243502431649445e+00
3.577455688544388224e+00
5.242236750466217288e+00
5.623725177000653552e+00
4.249160738827774786e+00
2.415819439946440106e+00
5.946393518307946380e-02
0.000000000000000000e+00
0.000000000000000000e+00
0.000000000000000000e+00
0.000000000000000000e+00
0.000000000000000000e+00
3.810565425881907720e-01
1.628396287209152860e+00
1.948336663429479865e+00
4.078472317608269115e+00
5.441468269337701891e+00
1.762432358754679962e+00
0.000000000000000000e+00
0.000000000000000000e+00
0.000000000000000000e+00
0.000000000000000000e+00
6.856945115115211653e-01
3.158561491015833500e+00
4.037003678557369746e+00
3.353058087992160985e+00
1.343289960205502842e+00
1.738214793571210559e-02
0.000000000000000000e+00
1.941913818034705919e-01
2.014576426142018040e+00
2.389943846659217108e+00
8.699557735623170140e-01
0.000000000000000000e+00
0.000000000000000000e+00
0.000000000000000000e+00
0.000000000000000000e+00
5.750301350556860092e-01
5.602285929531477526e-01
0.000000000000000000e+00
7.951240635819395441e-03
1.661271932904811344e+00
1.725813781753172238e+00
0.000000000000000000e+00
0.000000000000000000e+00
0.000000000000000000e+00
1.356446603678184593e+00
5.009287744828435862e+00
2.081771378514108406e+01
1.343951273112405147e+02
4.724588888485274651e+02
8.028929751062935338e+02
7.866830380066631960e+02
6.224743355402338238e+02
4.502819470320549158e+02
3.771967460580967213e+01
0.000000000000000000e+00
0.000000000000000000e+00
0.000000000000000000e+00
0.000000000000000000e+00
0.000000000000000000e+00
0.000000000000000000e+00
0.000000000000000000e+00
4.847663195137588446e+02
9.994716819398440748e+02
1.028855531422785361e+03
6.678781138290995614e+02
1.780683354673378744e+02
0.000000000000000000e+00
0.000000000000000000e+00
0.000000000000000000e+00
0.000000000000000000e+00
1.092604740154210532e+02
2.098418571417707312e+02
2.541683314708505463e+02
2.308191369207217463e+02
1.451396157139294303e+02
4.448977457921075995e+01
0.000000000000000000e+00
0.000000000000000000e+00
0.000000000000000000e+00
0.000000000000000000e+00
0.000000000000000000e+00
1.988892290761851100e+01
2.877456179893638222e+01
2.675321311417338066e+01
2.226258080981768472e+01
1.521158544026002701e+01
5.578934577346560175e+00
0.000000000000000000e+00
0.000000000000000000e+00
0.000000000000000000e+00
0.000000000000000000e+00
0.000000000000000000e+00
4.321486719299424961e-01
0.000000000000000000e+00
0.000000000000000000e+00
0.000000000000000000e+00
0.000000000000000000e+00
0.000000000000000000e+00
1.119583895023076869e-01
3.151091102446649916e+00
5.317114319340100259e+00
6.735422285243028107e+00
4.171367059889151463e+00
0.000000000000000000e+00
0.000000000000000000e+00
0.000000000000000000e+00
0.000000000000000000e+00
2.999165026265661282e+00
8.060971962809693636e+00
8.684069587414008140e+00
5.163818119293670961e+00
1.210885986506551770e+00
1.412739665725207150e+00
2.133344735989958885e+00
0.000000000000000000e+00
0.000000000000000000e+00
0.000000000000000000e+00
0.000000000000000000e+00
0.000000000000000000e+00
1.195434373026313279e+00
8.275100366806203311e+00
1.214006864161322419e+01
1.312154176818854090e+01
8.066976760421512793e+00
6.006051756946018116e-01
0.000000000000000000e+00
0.000000000000000000e+00
0.000000000000000000e+00
0.000000000000000000e+00
0.000000000000000000e+00
5.286747607220338097e+00
1.133949480304593393e+01
1.036688645967634415e+01
4.540898150103937603e+00
0.000000000000000000e+00
0.000000000000000000e+00
0.000000000000000000e+00
0.000000000000000000e+00
0.000000000000000000e+00
5.340797717564432778e-01
8.897337269179947938e+00
1.327152309141245468e+01
1.143771940883948801e+01
5.664503451756652375e+00
3.205267498170641272e+00
5.515090519918691703e-01
0.000000000000000000e+00
0.000000000000000000e+00
0.000000000000000000e+00
0.000000000000000000e+00
0.000000000000000000e+00
0.000000000000000000e+00
4.456753311369926251e+00
1.098677363650825356e+01
1.369670245961227018e+01
1.092218487022145368e+01
5.741071003110103099e+00
7.645317715483657128e-01
0.000000000000000000e+00
0.000000000000000000e+00
0.000000000000000000e+00
0.000000000000000000e+00
0.000000000000000000e+00
1.594248419752204660e+00
1.701254688657449776e+00
3.334942615638991636e-01
0.000000000000000000e+00
0.000000000000000000e+00
3.504378518477402338e+00
9.105976936383923359e+00
9.449859615714636618e+00
3.890119024914928669e+00
0.000000000000000000e+00
0.000000000000000000e+00
0.000000000000000000e+00
0.000000000000000000e+00
0.000000000000000000e+00
6.106778399732788465e+00
7.497170483483535541e+00
3.373149106782255657e+00
0.000000000000000000e+00
0.000000000000000000e+00
0.000000000000000000e+00
0.000000000000000000e+00
3.029670448206483790e+00
9.207426410577470577e+00
9.739793879880199512e+00
4.695547682832049041e+00
0.000000000000000000e+00
0.000000000000000000e+00
0.000000000000000000e+00
0.000000000000000000e+00
0.000000000000000000e+00
0.000000000000000000e+00
0.000000000000000000e+00
0.000000000000000000e+00
0.000000000000000000e+00
0.000000000000000000e+00
2.721214109259989522e-01
1.616203670997180764e+00
2.685952436007835953e+00
4.309150602131751384e+00
6.573231044266508505e+00
8.427856707118024815e+00
5.272758074455674127e+00
0.000000000000000000e+00
0.000000000000000000e+00
0.000000000000000000e+00
0.000000000000000000e+00
0.000000000000000000e+00
0.000000000000000000e+00
2.393905686182176584e+00
5.547649800831718103e+00
9.089457762411715436e+00
1.227602767929217897e+01
1.012760061053311311e+01
3.734306745096402480e+00
0.000000000000000000e+00
0.000000000000000000e+00
0.000000000000000000e+00
0.000000000000000000e+00
0.000000000000000000e+00
0.000000000000000000e+00
1.523109363794142190e+00
1.129744212362093414e+01
4.747109244224979818e+01
6.995078554607964350e+01
3.859616307214388797e+01
0.000000000000000000e+00
0.000000000000000000e+00
0.000000000000000000e+00
0.000000000000000000e+00
0.000000000000000000e+00
1.028533639848054904e+01
4.133257231569664469e+01
5.396056257082795327e+01
4.799957995446902004e+01
3.022139994804599539e+01
1.112211622668710653e+01
0.000000000000000000e+00
0.000000000000000000e+00
0.000000000000000000e+00
0.000000000000000000e+00
0.000000000000000000e+00
0.000000000000000000e+00
2.406745681150390670e+00
8.971411062489615063e+00
1.116961045848461787e+01
1.002006176460392872e+01
6.166551573893296556e+00
5.835990905231138726e+00
3.865958050954186831e+01
6.604258413403503880e+01
3.767602515681902275e+01
0.000000000000000000e+00
0.000000000000000000e+00
0.000000000000000000e+00
0.000000000000000000e+00
0.000000000000000000e+00
1.164359260902569915e+01
4.478978138508303886e+01
5.805493486485371335e+01
5.043330185397915955e+01
2.921268502224663166e+01
5.885743588719815733e+00
0.000000000000000000e+00
0.000000000000000000e+00
0.000000000000000000e+00
0.000000000000000000e+00
0.000000000000000000e+00
2.542211283372131092e+00
6.800749408194928236e+00
7.472336127040193787e+00
7.134636060436555738e+00
7.164831317982965686e+00
4.927389227586970399e+00
0.000000000000000000e+00
0.000000000000000000e+00
0.000000000000000000e+00
0.000000000000000000e+00
6.269632484564093833e-01
0.000000000000000000e+00
0.000000000000000000e+00
0.000000000000000000e+00
0.000000000000000000e+00
0.000000000000000000e+00
0.000000000000000000e+00
5.230560864727828552e+00
9.574680795950296641e+00
8.975940535055071834e+00
5.996408970645010328e+00
2.839118413836515309e+00
1.554793844792290436e-01
0.000000000000000000e+00
0.000000000000000000e+00
0.000000000000000000e+00
0.000000000000000000e+00
6.050569448127023264e+01
4.141700272825219145e+02
9.917468070567530276e+02
1.175706842501859683e+03
8.367311080432667723e+02
2.993018010745899460e+02
0.000000000000000000e+00
0.000000000000000000e+00
0.000000000000000000e+00
0.000000000000000000e+00
0.000000000000000000e+00
0.000000000000000000e+00
5.703884891933981294e+01
5.359977501388657402e+02
5.929473049106537701e+02
3.885588214993395582e+02
1.494289324303155126e+02
0.000000000000000000e+00
0.000000000000000000e+00
0.000000000000000000e+00
0.000000000000000000e+00
0.000000000000000000e+00
1.865532567573316385e+02
3.448768817474062871e+02
4.032646315130421613e+02
3.455808498643080497e+02
2.188192982781528997e+02
8.132926038321241435e+01
0.000000000000000000e+00
0.000000000000000000e+00
0.000000000000000000e+00
0.000000000000000000e+00
0.000000000000000000e+00
2.725080776031369822e+01
4.100879406226320611e+01
3.838072902522603158e+01
2.487754274282487188e+01
7.938053846029897720e+00
0.000000000000000000e+00
0.000000000000000000e+00
0.000000000000000000e+00
0.000000000000000000e+00
6.793541854732687568e-02
1.640850290515992516e+00
3.876237286640597635e+00
9.846806401266443132e+00
1.232711696226608389e+01
6.488653332279334052e+00
0.000000000000000000e+00
0.000000000000000000e+00
0.000000000000000000e+00
0.000000000000000000e+00
0.000000000000000000e+00
8.103080240393772726e+00
1.526093777681342090e+01
1.277643544873759041e+01
6.328099172209084244e+00
4.143372625333568982e-01
0.000000000000000000e+00
0.000000000000000000e+00
2.008765946689520909e+00
4.727190864097750911e+00
5.390072596331597410e+00
5.414172556532717451e+00
1.545504863006105678e+00
0.000000000000000000e+00
0.000000000000000000e+00
0.000000000000000000e+00
0.000000000000000000e+00
0.000000000000000000e+00
2.230794181123618714e+00
8.393306530459600623e+00
1.189265228074168945e+01
1.086888140966108018e+01
7.711570124410600968e+00
4.994479843988056444e+00
2.442504444429976829e+00
0.000000000000000000e+00
0.000000000000000000e+00
0.000000000000000000e+00
0.000000000000000000e+00
0.000000000000000000e+00
0.000000000000000000e+00
0.000000000000000000e+00
2.858919934330333756e+00
9.929641461130650271e+00
1.249954928831481560e+01
1.117126215579182436e+01
7.261050139175869944e+00
2.097452424456858200e+00
0.000000000000000000e+00
0.000000000000000000e+00
0.000000000000000000e+00
8.769246917581310363e-01
2.120736061853242926e+00
0.000000000000000000e+00
0.000000000000000000e+00
0.000000000000000000e+00
0.000000000000000000e+00
0.000000000000000000e+00
0.000000000000000000e+00
3.743040064534494782e+00
8.250163899942204893e+00
1.103049159111465372e+01
1.035841421658691353e+01
5.079105627127048272e+00
0.000000000000000000e+00
0.000000000000000000e+00
0.000000000000000000e+00
0.000000000000000000e+00
0.000000000000000000e+00
1.351330821422089157e+00
7.707876642695421054e+00
1.013943529028261992e+01
9.806934876804268342e+00
6.698119463733850587e+00
1.613977321509169061e+00
0.000000000000000000e+00
0.000000000000000000e+00
0.000000000000000000e+00
0.000000000000000000e+00
2.725668522070221034e+00
8.704172918939795167e+00
8.313685630020398065e+00
4.360293057985470178e+00
0.000000000000000000e+00
0.000000000000000000e+00
0.000000000000000000e+00
0.000000000000000000e+00
0.000000000000000000e+00
4.991404356953832444e-01
3.484449058975304325e+00
4.563694627532990822e+00
3.758295265585201328e+00
3.148268491482419940e+00
1.926421550162080054e+00
9.550489631429681658e-04
0.000000000000000000e+00
0.000000000000000000e+00
0.000000000000000000e+00
0.000000000000000000e+00
0.000000000000000000e+00
1.620783266107743481e+00
4.504094327610046911e+00
6.993216633497806534e+00
8.040131549855061621e+00
4.353070899810584926e+00
0.000000000000000000e+00
0.000000000000000000e+00
0.000000000000000000e+00
0.000000000000000000e+00
0.000000000000000000e+00
0.000000000000000000e+00
6.887413681623724138e-01
3.300507858416210194e+00
5.630139243996794107e+00
5.964703655874821209e+00
5.466097763399263343e+00
5.280185014119847864e+00
2.442613228453482943e+00
0.000000000000000000e+00
0.000000000000000000e+00
0.000000000000000000e+00
0.000000000000000000e+00
0.000000000000000000e+00
0.000000000000000000e+00
9.793145120201934839e-01
4.626590835252393674e+00
4.426156046190496518e+00
2.543844384708376261e+00
2.017017178527792609e+00
1.813066594611219884e+00
1.327942251060712398e+00
2.546977237619443835e-01
0.000000000000000000e+00
2.437949114261414585e-01
2.502655091625553663e+00
2.546494891128292526e+00
4.487744778206570473e+00
4.446330938599523108e+01
1.038104660809734838e+02
1.527400754285567643e+02
2.297319236905411231e+02
2.329807371614903104e+02
7.604007337427471214e+01
0.000000000000000000e+00
0.000000000000000000e+00
0.000000000000000000e+00
0.000000000000000000e+00
0.000000000000000000e+00
0.000000000000000000e+00
7.765234993246661332e+00
3.816140778505072717e+00
7.602762645506899730e+00
2.194191631860453739e+01
5.726647104888722595e+01
1.237625003472570029e+02
1.433050511800137201e+02
9.144256907885478824e+01
1.016715947132581555e+01
0.000000000000000000e+00
0.000000000000000000e+00
0.000000000000000000e+00
0.000000000000000000e+00
1.801989512035704166e+01
4.559796732337210301e+01
5.327216204098321839e+01
4.376748223155480844e+01
2.551687773639042334e+01
6.779210860532369765e+00
0.000000000000000000e+00
0.000000000000000000e+00
0.000000000000000000e+00
0.000000000000000000e+00
0.000000000000000000e+00
0.000000000000000000e+00
0.000000000000000000e+00
1.519785123705302832e+00
3.311426835838540583e+00
5.631596958608138692e+00
7.223368142415670157e+00
6.847803099975877217e+00
4.447591244690490164e+00
8.872832286040313043e-01
0.000000000000000000e+00
0.000000000000000000e+00
0.000000000000000000e+00
0.000000000000000000e+00
5.946001126781209623e-01
2.772264580789169486e+00
2.404314655891463648e+00
7.453624816146544596e-01
0.000000000000000000e+00
0.000000000000000000e+00
0.000000000000000000e+00
0.000000000000000000e+00
0.000000000000000000e+00
1.413173532935005361e-01
3.061220459284197393e-01
0.000000000000000000e+00
0.000000000000000000e+00
0.000000000000000000e+00
1.449067587818986258e+00
1.928383463044407220e+00
8.016669176474228165e-01
0.000000000000000000e+00
0.000000000000000000e+00
0.000000000000000000e+00
0.000000000000000000e+00
2.499434411178252713e+00
4.684720698669448069e+00
4.147874618663747626e+00
2.853740444473638949e+00
1.593777007248171840e+00
0.000000000000000000e+00
0.000000000000000000e+00
0.000000000000000000e+00
0.000000000000000000e+00
2.599773018479009679e+01
1.241540028281798698e+02
3.329644647524222023e+02
4.579945958316201882e+02
5.171913127376838020e+02
5.135042131436856607e+02
3.807072577964991069e+02
2.160399492650011268e+02
0.000000000000000000e+00
0.000000000000000000e+00
0.000000000000000000e+00
0.000000000000000000e+00
0.000000000000000000e+00
0.000000000000000000e+00
0.000000000000000000e+00
3.277818058218340411e+02
6.016570373833053509e+02
6.117079658082801643e+02
4.448350514500720578e+02
1.956242944216601813e+02
0.000000000000000000e+00
0.000000000000000000e+00
0.000000000000000000e+00
0.000000000000000000e+00
0.000000000000000000e+00
4.026763006753295571e+01
1.718026080042585875e+02
2.436911072033360881e+02
2.483551247023634119e+02
1.984061379995806362e+02
1.178676269448293539e+02
3.432156196164917361e+01
0.000000000000000000e+00
0.000000000000000000e+00
0.000000000000000000e+00
0.000000000000000000e+00
1.756976285633360391e+00
2.450751523230428219e+01
3.467896595859916431e+01
3.202855761033889337e+01
1.964740648889818075e+01
2.490801543549197916e+00
0.000000000000000000e+00
0.000000000000000000e+00
0.000000000000000000e+00
0.000000000000000000e+00
2.458426457983203584e+00
1.103575090273947090e+01
1.042478028126680911e+01
6.940545904870893068e+00
3.943917700234313095e+00
1.899875263812467185e-01
0.000000000000000000e+00
0.000000000000000000e+00
0.000000000000000000e+00
0.000000000000000000e+00
0.000000000000000000e+00
2.840061466723338146e+00
7.608956468601775214e+00
8.216975927768931598e+00
7.325588985729740266e+00
4.891181818801501713e+00
4.295107064604730684e-01
0.000000000000000000e+00
0.000000000000000000e+00
0.000000000000000000e+00
0.000000000000000000e+00
0.000000000000000000e+00
0.000000000000000000e+00
5.976857626505793775e-01
7.175076120141435254e+00
1.129923097151212019e+01
7.912176813196537317e+00
1.575916411327253686e+00
0.000000000000000000e+00
0.000000000000000000e+00
0.000000000000000000e+00
0.000000000000000000e+00
4.286062436751579163e+00
9.283945642939093190e+00
7.803556187751872208e+00
2.795010758152061126e+00
0.000000000000000000e+00
0.000000000000000000e+00
0.000000000000000000e+00
0.000000000000000000e+00
0.000000000000000000e+00
0.000000000000000000e+00
3.587937211697866946e+00
8.948865329811706459e+00
1.150749836371648449e+01
7.818085626792522724e+00
0.000000000000000000e+00
0.000000000000000000e+00
0.000000000000000000e+00
0.000000000000000000e+00
0.000000000000000000e+00
1.319037225494569476e+00
2.263269097933853669e+00
2.520793390946296508e-01
0.000000000000000000e+00
0.000000000000000000e+00
0.000000000000000000e+00
3.667427726841365754e-01
4.893983459020518900e+00
4.970910292567097599e+00
2.789986530590121472e+00
4.273531826636672859e-01
0.000000000000000000e+00
0.000000000000000000e+00
8.652551521588432992e-01
5.727922702911322439e+00
7.769254371892477806e+00
2.844538569287853313e+00
0.000000000000000000e+00
0.000000000000000000e+00
0.000000000000000000e+00
0.000000000000000000e+00
5.100498307934048015e+00
6.320925902116407258e+00
3.171568636440892597e+00
4.233941624863166164e-01
0.000000000000000000e+00
0.000000000000000000e+00
0.000000000000000000e+00
0.000000000000000000e+00
0.000000000000000000e+00
0.000000000000000000e+00
1.964142607899024728e+00
3.883062340895929054e+00
3.799114917512093292e+00
4.157712171537833790e+00
4.714970395956266991e+00
3.333032346989270422e+00
3.626867761016144831e-01
0.000000000000000000e+00
0.000000000000000000e+00
0.000000000000000000e+00
0.000000000000000000e+00
0.000000000000000000e+00
0.000000000000000000e+00
