0.000000000000000000e+00
0.000000000000000000e+00
0.000000000000000000e+00
0.000000000000000000e+00
0.000000000000000000e+00
0.000000000000000000e+00
0.000000000000000000e+00
0.000000000000000000e+00
0.000000000000000000e+00
0.000000000000000000e+00
0.000000000000000000e+00
0.000000000000000000e+00
0.000000000000000000e+00
4.502521973183946091e-01
1.181168395109475355e+00
2.003516139826678977e+00
2.839415912721782842e+00
3.663974331260009709e+00
4.535970798893834477e+00
5.408510569454760386e+00
6.310355991649791996e+00
7.236466512871273515e+00
8.273370493836273099e+00
9.310317570051159564e+00
1.046646959088531759e+01
1.181837085306378299e+01
1.310863044460483096e+01
1.481165543515573546e+01
1.667415781189157187e+01
1.867122638120820000e+01
2.108900148086678428e+01
2.390972671219323331e+01
2.670485880651518329e+01
2.969987950217167239e+01
3.264128971684208835e+01
3.532168797268874272e+01
3.817358169733529394e+01
4.051776633444895026e+01
4.252764513758051379e+01
4.462105981807570743e+01
4.591223309633596017e+01
4.670028716798282886e+01
4.700329053851266536e+01
4.694525695593342363e+01
4.656161057274032089e+01
4.573105050357745682e+01
4.464207868606983709e+01
4.333053953081558518e+01
4.179300591920170405e+01
4.014335856971583638e+01
3.833805190972272925e+01
3.629765294436767675e+01
3.417384774745081444e+01
3.184872575257444538e+01
2.953470030186834450e+01
2.717477401703676776e+01
2.451480335437895874e+01
2.205422763761296778e+01
1.958986151339132675e+01
1.666129021189869519e+01
1.409453754994395958e+01
1.175855143224073451e+01
9.736539690424557136e+00
7.840448603354038148e+00
6.043467847136812843e+00
4.693928808994674462e+00
3.504879387495285936e+00
2.405243510371654292e+00
1.509322176570045748e+00
6.785548104860481544e-01
0.000000000000000000e+00
0.000000000000000000e+00
0.000000000000000000e+00
0.000000000000000000e+00
0.000000000000000000e+00
0.000000000000000000e+00
0.000000000000000000e+00
0.000000000000000000e+00
0.000000000000000000e+00
0.000000000000000000e+00
0.000000000000000000e+00
0.000000000000000000e+00
0.000000000000000000e+00
0.000000000000000000e+00
0.000000000000000000e+00
1.658694501372327545e-01
7.596551566395426391e-01
1.300753027460245015e+00
1.716140002157663380e+00
2.089833014769758801e+00
2.338769864428689171e+00
2.514810769538474045e+00
2.388648450277794044e+00
2.164528213920726696e+00
1.867803579178500373e+00
1.583466573061421245e+00
1.404819954213913480e+00
1.370713717979506363e+00
1.731019803383716749e+00
2.422463037004249031e+00
3.333130835767639244e+00
4.684193573802415855e+00
6.332303488678522108e+00
8.178753867395540667e+00
1.024522955651386091e+01
1.241209549752754171e+01
1.445325953390699603e+01
1.613056319909721381e+01
1.739344896282342745e+01
1.805069931137239436e+01
1.819243665840145852e+01
1.767372944452699457e+01
1.686690358595611983e+01
1.570794100269176852e+01
1.434223080876251721e+01
1.282019993535385538e+01
1.122949217100021357e+01
9.649024353515081032e+00
7.986461881271930352e+00
6.220718575283848750e+00
4.804339244473252890e+00
3.468780043739110752e+00
2.204232734645322100e+00
1.016229968586501942e+00
0.000000000000000000e+00
0.000000000000000000e+00
0.000000000000000000e+00
0.000000000000000000e+00
0.000000000000000000e+00
0.000000000000000000e+00
0.000000000000000000e+00
0.000000000000000000e+00
0.000000000000000000e+00
0.000000000000000000e+00
0.000000000000000000e+00
0.000000000000000000e+00
0.000000000000000000e+00
0.000000000000000000e+00
0.000000000000000000e+00
0.000000000000000000e+00
0.000000000000000000e+00
0.000000000000000000e+00
0.000000000000000000e+00
0.000000000000000000e+00
0.000000000000000000e+00
0.000000000000000000e+00
0.000000000000000000e+00
0.000000000000000000e+00
0.000000000000000000e+00
0.000000000000000000e+00
0.000000000000000000e+00
4.919894040452668094e-01
1.518416830962302733e+00
2.453301565375028304e+00
3.345869812350653838e+00
4.256273338220510460e+00
5.217339867575642387e+00
6.166848264638462140e+00
7.141966781056331648e+00
8.141657589506282378e+00
9.186461712165288063e+00
1.029358572761298518e+01
1.145336445995516073e+01
1.266333636328150902e+01
1.397363101661283480e+01
1.542784362526077224e+01
1.713408212867896907e+01
1.890834250744301670e+01
2.110525130835266694e+01
2.346856035717264177e+01
2.596223849430836594e+01
2.869532612465225441e+01
3.139164814158008454e+01
3.409474232600168619e+01
3.693917324346235631e+01
3.949766474417378959e+01
4.207355833090501562e+01
4.400267694345571101e+01
4.564854547010792629e+01
4.681313135787999613e+01
4.769509964768764121e+01
4.803113469537962033e+01
4.786418635161178514e+01
4.744785667646563354e+01
4.659344791849380130e+01
4.551585284226811723e+01
4.407373358028185351e+01
4.244854623306390096e+01
4.056138425451524654e+01
3.847560225327885775e+01
3.630805011846624097e+01
3.393354571110049278e+01
3.146016912601641735e+01
2.896883827086462659e+01
2.630420246942058071e+01
2.369416526996166183e+01
2.076261928037060045e+01
1.824364082152841959e+01
1.570238703230834965e+01
1.330312034988219061e+01
1.091606405180182726e+01
8.661679659714451418e+00
6.837397250962290229e+00
4.984350693689837186e+00
3.460437401586500705e+00
1.863060675008035405e+00
8.333079222022068411e-01
0.000000000000000000e+00
0.000000000000000000e+00
0.000000000000000000e+00
0.000000000000000000e+00
0.000000000000000000e+00
0.000000000000000000e+00
0.000000000000000000e+00
0.000000000000000000e+00
0.000000000000000000e+00
0.000000000000000000e+00
0.000000000000000000e+00
0.000000000000000000e+00
0.000000000000000000e+00
0.000000000000000000e+00
0.000000000000000000e+00
0.000000000000000000e+00
0.000000000000000000e+00
0.000000000000000000e+00
0.000000000000000000e+00
0.000000000000000000e+00
0.000000000000000000e+00
0.000000000000000000e+00
0.000000000000000000e+00
0.000000000000000000e+00
0.000000000000000000e+00
0.000000000000000000e+00
0.000000000000000000e+00
0.000000000000000000e+00
0.000000000000000000e+00
0.000000000000000000e+00
0.000000000000000000e+00
4.181611437833712697e-01
2.034425104993955014e+00
4.000614800522654058e+00
6.231161055099586399e+00
8.568776411272436277e+00
1.114419911856023049e+01
1.331339820738211088e+01
1.515241546562069530e+01
1.651865322959737981e+01
1.702376031903762765e+01
1.732152840089908352e+01
1.716586404345201800e+01
1.674173298924580422e+01
1.600180261839164686e+01
1.494329793054350652e+01
1.373222042371739171e+01
1.239485227256619027e+01
1.117159084985637563e+01
9.882306900372714864e+00
8.534587881674902121e+00
7.192854513970715402e+00
5.929977567446577780e+00
4.700353523526472621e+00
3.557574651723317327e+00
2.390350799506308910e+00
1.018002697440228088e+00
0.000000000000000000e+00
0.000000000000000000e+00
0.000000000000000000e+00
0.000000000000000000e+00
0.000000000000000000e+00
0.000000000000000000e+00
0.000000000000000000e+00
0.000000000000000000e+00
0.000000000000000000e+00
0.000000000000000000e+00
0.000000000000000000e+00
0.000000000000000000e+00
0.000000000000000000e+00
0.000000000000000000e+00
0.000000000000000000e+00
0.000000000000000000e+00
0.000000000000000000e+00
0.000000000000000000e+00
0.000000000000000000e+00
0.000000000000000000e+00
0.000000000000000000e+00
0.000000000000000000e+00
0.000000000000000000e+00
0.000000000000000000e+00
0.000000000000000000e+00
0.000000000000000000e+00
0.000000000000000000e+00
0.000000000000000000e+00
0.000000000000000000e+00
0.000000000000000000e+00
0.000000000000000000e+00
0.000000000000000000e+00
0.000000000000000000e+00
0.000000000000000000e+00
8.702639022845096717e-01
1.936125877614355062e+00
3.342245064428087442e+00
4.816619037430275085e+00
6.503036578016400782e+00
8.461654022881132775e+00
1.068170974432332443e+01
1.310458427480450716e+01
1.574745890344612320e+01
1.883132111715032053e+01
2.200548117740574128e+01
2.527781388574750920e+01
2.863946493019296469e+01
3.172722084648007268e+01
3.457822300100340129e+01
3.723198301781052777e+01
3.958857556684046131e+01
4.144261903964488170e+01
4.271642755038541850e+01
4.354704737228303912e+01
4.374618368966392978e+01
4.346157386509707976e+01
4.259761982311776052e+01
4.139764717998112076e+01
3.985423125552180323e+01
3.802204540888566697e+01
3.596351706135619963e+01
3.371376496617166652e+01
3.138132609753266777e+01
2.885049858776166687e+01
2.624979587391468527e+01
2.369438924187857154e+01
2.106609481097761005e+01
1.863071653150423401e+01
1.636613296796490147e+01
1.408677594924410847e+01
1.184156116914400769e+01
9.777896698891144212e+00
8.011862707735460276e+00
6.220743871333208830e+00
4.825861739021986452e+00
3.485310402776643723e+00
2.429157370461243914e+00
1.542863986699559042e+00
7.599604963407746716e-01
6.174455973324644020e-02
0.000000000000000000e+00
0.000000000000000000e+00
0.000000000000000000e+00
0.000000000000000000e+00
0.000000000000000000e+00
0.000000000000000000e+00
0.000000000000000000e+00
0.000000000000000000e+00
0.000000000000000000e+00
0.000000000000000000e+00
0.000000000000000000e+00
0.000000000000000000e+00
0.000000000000000000e+00
0.000000000000000000e+00
0.000000000000000000e+00
0.000000000000000000e+00
4.882550534375287854e-02
4.703945197723564675e-01
6.601004372365191220e-01
8.969939556219439503e-01
8.926816365731456981e-01
7.377195171932628970e-01
5.961410191908357303e-01
3.355111620673721373e-01
1.075831815940436198e-01
3.724221224130492280e-01
1.797064941181155118e-01
1.010572452745286398e-01
3.046677685536451907e-01
6.896703867824645062e-01
1.193832499800333569e+00
2.076963722819268998e+00
3.262968130356763030e+00
4.687306217782723827e+00
6.454641204603124294e+00
8.492359515260003988e+00
1.049053978911197582e+01
1.262078276000992005e+01
1.436448768543453447e+01
1.568217317387487064e+01
1.665442353222457683e+01
1.721802475374790831e+01
1.734607597579593730e+01
1.707352368337161508e+01
1.641390015779583678e+01
1.520485332839137271e+01
1.397993048302989827e+01
1.267330384713930869e+01
1.118782469445286587e+01
9.719052513714601105e+00
8.416952125122042716e+00
7.136322942786065937e+00
5.906379803691147679e+00
4.700855831862063461e+00
3.500602741008437491e+00
2.188565108455310604e+00
1.119613145890286932e+00
0.000000000000000000e+00
0.000000000000000000e+00
0.000000000000000000e+00
0.000000000000000000e+00
0.000000000000000000e+00
0.000000000000000000e+00
0.000000000000000000e+00
0.000000000000000000e+00
0.000000000000000000e+00
0.000000000000000000e+00
0.000000000000000000e+00
0.000000000000000000e+00
0.000000000000000000e+00
0.000000000000000000e+00
0.000000000000000000e+00
0.000000000000000000e+00
0.000000000000000000e+00
0.000000000000000000e+00
0.000000000000000000e+00
0.000000000000000000e+00
0.000000000000000000e+00
0.000000000000000000e+00
0.000000000000000000e+00
0.000000000000000000e+00
0.000000000000000000e+00
0.000000000000000000e+00
0.000000000000000000e+00
0.000000000000000000e+00
0.000000000000000000e+00
0.000000000000000000e+00
0.000000000000000000e+00
0.000000000000000000e+00
0.000000000000000000e+00
6.120989579378683931e-01
1.400518685314716683e+00
2.249144032178310937e+00
3.166268483435494829e+00
4.168432335206735395e+00
5.275524103198016235e+00
6.526064031650022912e+00
7.934134223549114573e+00
9.538404061328771277e+00
1.135112588314078153e+01
1.304111301770364406e+01
1.524301724093484012e+01
1.775132149376096891e+01
2.057495915714663681e+01
2.359166170982719635e+01
2.678148089293515000e+01
3.001249976482912984e+01
3.343576719082844306e+01
3.661222390241066194e+01
3.921661795007977958e+01
4.153039628097005220e+01
4.376967650301520507e+01
4.538966536532927876e+01
4.648372372254259943e+01
4.710297785312562269e+01
4.726883226196551391e+01
4.702283352222724488e+01
4.645109694740526862e+01
4.556688454352317308e+01
4.486061882858849259e+01
4.388203196976829190e+01
4.245495949243420597e+01
4.083275528989764780e+01
3.905640495261542355e+01
3.715191424611163029e+01
3.534021786230957218e+01
3.314372269453780717e+01
3.071727971467108986e+01
2.812600535858026873e+01
2.546156534430502560e+01
2.273400720312484680e+01
1.993387948184370728e+01
1.722172847617284575e+01
1.463911673296631299e+01
1.217759067915803328e+01
9.877716635167557158e+00
7.776858697523079123e+00
5.866064758377920185e+00
4.175040051166867272e+00
2.293749998874000440e+00
5.203669029689113046e-01
0.000000000000000000e+00
0.000000000000000000e+00
0.000000000000000000e+00
0.000000000000000000e+00
0.000000000000000000e+00
0.000000000000000000e+00
0.000000000000000000e+00
0.000000000000000000e+00
0.000000000000000000e+00
0.000000000000000000e+00
0.000000000000000000e+00
0.000000000000000000e+00
0.000000000000000000e+00
0.000000000000000000e+00
0.000000000000000000e+00
0.000000000000000000e+00
1.650391084751280657e-01
8.995015876687930678e-01
1.347199457993304428e+00
1.762927674229927355e+00
1.997796695971709502e+00
2.096161665849445743e+00
2.169511970281927216e+00
2.312085542186187226e+00
2.396888673911277579e+00
2.688822697148035346e+00
2.858085416259081857e+00
3.228517039725822269e+00
3.723981538117674184e+00
4.414986527715756282e+00
5.423371260310030806e+00
6.572042605147882632e+00
7.898792228061037868e+00
9.293301069532553527e+00
1.078059480599968722e+01
1.254661119637663802e+01
1.404640035895940109e+01
1.516844746781816333e+01
1.592599334438857639e+01
1.638446864335630693e+01
1.654143366494578871e+01
1.645999540228413593e+01
1.599924488870557937e+01
1.525361228456709561e+01
1.431913497355173526e+01
1.315498359468906386e+01
1.199638665871885124e+01
1.072051105265719606e+01
9.570414246592140017e+00
8.370406664725113188e+00
7.066729682323540374e+00
5.824728403856483716e+00
4.683372865585397449e+00
3.575369799545709881e+00
2.548043877065884200e+00
1.146630646349058313e+00
0.000000000000000000e+00
0.000000000000000000e+00
0.000000000000000000e+00
0.000000000000000000e+00
0.000000000000000000e+00
0.000000000000000000e+00
0.000000000000000000e+00
0.000000000000000000e+00
0.000000000000000000e+00
0.000000000000000000e+00
0.000000000000000000e+00
0.000000000000000000e+00
0.000000000000000000e+00
0.000000000000000000e+00
0.000000000000000000e+00
0.000000000000000000e+00
0.000000000000000000e+00
0.000000000000000000e+00
0.000000000000000000e+00
0.000000000000000000e+00
0.000000000000000000e+00
0.000000000000000000e+00
0.000000000000000000e+00
0.000000000000000000e+00
0.000000000000000000e+00
0.000000000000000000e+00
0.000000000000000000e+00
0.000000000000000000e+00
0.000000000000000000e+00
0.000000000000000000e+00
0.000000000000000000e+00
0.000000000000000000e+00
0.000000000000000000e+00
0.000000000000000000e+00
0.000000000000000000e+00
0.000000000000000000e+00
0.000000000000000000e+00
0.000000000000000000e+00
0.000000000000000000e+00
0.000000000000000000e+00
0.000000000000000000e+00
1.385913995975543100e+00
3.248633685999911425e+00
5.690995510320752793e+00
8.448057445137459709e+00
1.143117628567451760e+01
1.473470029709682905e+01
1.830927744278068303e+01
2.147748092549289467e+01
2.472250793150765702e+01
2.792429034486429629e+01
3.087333516172008885e+01
3.337217696154805679e+01
3.551339717034384336e+01
3.706826360358504502e+01
3.810886344527390435e+01
3.864911019142677162e+01
3.869849157621645475e+01
3.831562929362424086e+01
3.754747413326354177e+01
3.647065570281998959e+01
3.520631416695534455e+01
3.370205512682334614e+01
3.201706490629754143e+01
3.024152129755741214e+01
2.834099566436383100e+01
2.639634131677251005e+01
2.414697127476161498e+01
2.202019494143946687e+01
1.984257371680933701e+01
1.757808910758583210e+01
1.526929763440253218e+01
1.302164732878629039e+01
1.074107623869271322e+01
8.639669735151647600e+00
6.610407361977086005e+00
4.706809722685441955e+00
2.903187778410315723e+00
1.294209502622693186e+00
0.000000000000000000e+00
0.000000000000000000e+00
0.000000000000000000e+00
0.000000000000000000e+00
0.000000000000000000e+00
0.000000000000000000e+00
0.000000000000000000e+00
0.000000000000000000e+00
0.000000000000000000e+00
0.000000000000000000e+00
0.000000000000000000e+00
0.000000000000000000e+00
0.000000000000000000e+00
0.000000000000000000e+00
0.000000000000000000e+00
0.000000000000000000e+00
0.000000000000000000e+00
0.000000000000000000e+00
0.000000000000000000e+00
0.000000000000000000e+00
0.000000000000000000e+00
0.000000000000000000e+00
0.000000000000000000e+00
0.000000000000000000e+00
2.065987905787246004e-01
5.335928552363932154e-01
1.081767103590176138e+00
1.112490862165880889e+00
1.435011477207982722e+00
1.675775545887218332e+00
2.111013398433681409e+00
2.799784728152507007e+00
3.752436026058816765e+00
4.975189317608372797e+00
6.399118317853638160e+00
8.010212860898912268e+00
1.007149701102274264e+01
1.191786610393004509e+01
1.356831183764250959e+01
1.503622716904280132e+01
1.615583112296602408e+01
1.699550579305041254e+01
1.742242900360361801e+01
1.754245741580944440e+01
1.707562416812912076e+01
1.630812827290988665e+01
1.488636956062381245e+01
1.385173261649112320e+01
1.244313017808872956e+01
1.119798387368569692e+01
1.003983801614019455e+01
8.990595441686821232e+00
7.823305549755025901e+00
6.592501039246747574e+00
5.368328537467604633e+00
4.185302122797708080e+00
2.692935284989346201e+00
1.068382534612463575e+00
0.000000000000000000e+00
0.000000000000000000e+00
0.000000000000000000e+00
0.000000000000000000e+00
0.000000000000000000e+00
0.000000000000000000e+00
0.000000000000000000e+00
0.000000000000000000e+00
0.000000000000000000e+00
0.000000000000000000e+00
0.000000000000000000e+00
0.000000000000000000e+00
0.000000000000000000e+00
0.000000000000000000e+00
0.000000000000000000e+00
0.000000000000000000e+00
0.000000000000000000e+00
0.000000000000000000e+00
0.000000000000000000e+00
0.000000000000000000e+00
0.000000000000000000e+00
0.000000000000000000e+00
0.000000000000000000e+00
0.000000000000000000e+00
0.000000000000000000e+00
0.000000000000000000e+00
0.000000000000000000e+00
0.000000000000000000e+00
0.000000000000000000e+00
0.000000000000000000e+00
0.000000000000000000e+00
0.000000000000000000e+00
0.000000000000000000e+00
0.000000000000000000e+00
8.006451089152882838e-01
1.986648834730686319e+00
3.230848708742408704e+00
4.542239915281022000e+00
6.008634532566467179e+00
7.611347642600749808e+00
9.343897322479254086e+00
1.130122285817258465e+01
1.335301585123210089e+01
1.575029412311392463e+01
1.804502705258986595e+01
2.094143059586713917e+01
2.487041502729554665e+01
2.948294736789735637e+01
3.326156385163204021e+01
3.687822726586370692e+01
4.010252335951001612e+01
4.307148332835402016e+01
4.573016045007594244e+01
4.791138007163835510e+01
4.959526764310887614e+01
5.080402202383316990e+01
5.147402324625941361e+01
5.169109660671475126e+01
5.147499451161431949e+01
5.086702126399355706e+01
4.995975369006036715e+01
4.882649229599164187e+01
4.748381667295955566e+01
4.606422502576629086e+01
4.453501465213821575e+01
4.297843242776307449e+01
4.107886760692575479e+01
3.836932806652241368e+01
3.623785515130337131e+01
3.388371277174830709e+01
3.179805374266354789e+01
2.968104853868071302e+01
2.738596623849016609e+01
2.513700390747021629e+01
2.286722299466435970e+01
2.051270359252168163e+01
1.823597524049289831e+01
1.603528332228507836e+01
1.389015189041738019e+01
1.187560196708792404e+01
9.940308634716316760e+00
8.077858862926943218e+00
6.398002490545550813e+00
4.708066168261370699e+00
3.108151865600024877e+00
1.569504363697043159e+00
8.323376808220200873e-02
0.000000000000000000e+00
0.000000000000000000e+00
0.000000000000000000e+00
0.000000000000000000e+00
0.000000000000000000e+00
0.000000000000000000e+00
0.000000000000000000e+00
0.000000000000000000e+00
0.000000000000000000e+00
0.000000000000000000e+00
0.000000000000000000e+00
0.000000000000000000e+00
0.000000000000000000e+00
4.559073338103623169e-02
3.401031764520860978e-01
5.576430688157998361e-01
5.722722197347732687e-01
5.595183008456402485e-01
4.470701399820335431e-01
5.751333553239703633e-01
1.073054068764417002e+00
9.980153361227714903e-01
1.042369803645703419e+00
1.257238575887876131e+00
1.701261821547306319e+00
2.493018572829666546e+00
3.678301288194874452e+00
5.469114123331326738e+00
7.093558891752721252e+00
8.859981463161753723e+00
1.065418346956942486e+01
1.242337724301040502e+01
1.410415361300012549e+01
1.538551379931529794e+01
1.646631342996241898e+01
1.714471550248946841e+01
1.748592526318344653e+01
1.749147617366031326e+01
1.716136098075633143e+01
1.647317532745913482e+01
1.502301437134442352e+01
1.404608588240839850e+01
1.297565894914287199e+01
1.190721934869480414e+01
1.085518683659894457e+01
9.753131404370105173e+00
8.609553866268026212e+00
6.874813761414076296e+00
5.745212457197082401e+00
4.684467727690507566e+00
3.700623345285781518e+00
2.751330164713484461e+00
1.457356291015984739e+00
6.507396924015540485e-01
0.000000000000000000e+00
0.000000000000000000e+00
0.000000000000000000e+00
0.000000000000000000e+00
0.000000000000000000e+00
0.000000000000000000e+00
0.000000000000000000e+00
0.000000000000000000e+00
0.000000000000000000e+00
0.000000000000000000e+00
0.000000000000000000e+00
0.000000000000000000e+00
0.000000000000000000e+00
0.000000000000000000e+00
0.000000000000000000e+00
0.000000000000000000e+00
0.000000000000000000e+00
0.000000000000000000e+00
0.000000000000000000e+00
0.000000000000000000e+00
0.000000000000000000e+00
0.000000000000000000e+00
0.000000000000000000e+00
0.000000000000000000e+00
0.000000000000000000e+00
0.000000000000000000e+00
0.000000000000000000e+00
0.000000000000000000e+00
0.000000000000000000e+00
2.512570060880982559e-01
1.087681694291737999e+00
1.896054488567132656e+00
2.853062712555437752e+00
4.006074467611660417e+00
5.251441733503501297e+00
6.627942238378833117e+00
8.141239625634572263e+00
9.818363786229214796e+00
1.169027331360425848e+01
1.338190996423016443e+01
1.550578963430651847e+01
1.792541207606316078e+01
2.019007132356091105e+01
2.272457835428322426e+01
2.582090327624133863e+01
2.873961112173488530e+01
3.158502678175755918e+01
3.439722465770969251e+01
3.697269217054931545e+01
3.920529991681528514e+01
4.123600042264916254e+01
4.270719179898021878e+01
4.365015797951315335e+01
4.404959724657975073e+01
4.402727095838358196e+01
4.352406063786833812e+01
4.265076796195332776e+01
4.147094686862472201e+01
4.011247759602614593e+01
3.847371181088109182e+01
3.666648102357309824e+01
3.469033867220687029e+01
3.261961654583017634e+01
3.047315191207734486e+01
2.818141573755907103e+01
2.579066946645064817e+01
2.335500736033515068e+01
2.098353138331464862e+01
1.861656979280241231e+01
1.613482250649613192e+01
1.342065571517322908e+01
1.103314391171024944e+01
8.882043917282045342e+00
6.943889090126633690e+00
5.120014479654708239e+00
3.529026378678933984e+00
2.124008075432133769e+00
8.640842533603056985e-01
0.000000000000000000e+00
0.000000000000000000e+00
0.000000000000000000e+00
0.000000000000000000e+00
0.000000000000000000e+00
0.000000000000000000e+00
0.000000000000000000e+00
0.000000000000000000e+00
0.000000000000000000e+00
0.000000000000000000e+00
0.000000000000000000e+00
0.000000000000000000e+00
0.000000000000000000e+00
0.000000000000000000e+00
0.000000000000000000e+00
0.000000000000000000e+00
0.000000000000000000e+00
5.786310812739792198e-01
1.174507595653498715e+00
1.584405492763373946e+00
1.809440938884627759e+00
1.911835317752319074e+00
2.201289073371827332e+00
2.290417919136427560e+00
2.261575001913416205e+00
2.036553095409634917e+00
1.757531522180324490e+00
1.702961112350700690e+00
1.813241961709434635e+00
2.210331425826376428e+00
2.760351760453067627e+00
3.707411619828246963e+00
5.071649415708367137e+00
6.732015776268960749e+00
8.628007158357331008e+00
1.062467258672484505e+01
1.274436080433743967e+01
1.481338718272824373e+01
1.652966353773406283e+01
1.787979141265655159e+01
1.879180535854022693e+01
1.917505768779508202e+01
1.886275012953008101e+01
1.815490212818485816e+01
1.701170100369928306e+01
1.573826563540365875e+01
1.435358230273983260e+01
1.274547250656335962e+01
1.111018865921161414e+01
9.369939380432931841e+00
7.884622944748717721e+00
6.425013918553798220e+00
4.907765036648714663e+00
3.561009472247681718e+00
2.299460918952212385e+00
1.028586872352690529e+00
0.000000000000000000e+00
0.000000000000000000e+00
0.000000000000000000e+00
0.000000000000000000e+00
0.000000000000000000e+00
0.000000000000000000e+00
0.000000000000000000e+00
0.000000000000000000e+00
0.000000000000000000e+00
0.000000000000000000e+00
0.000000000000000000e+00
0.000000000000000000e+00
0.000000000000000000e+00
0.000000000000000000e+00
0.000000000000000000e+00
0.000000000000000000e+00
0.000000000000000000e+00
0.000000000000000000e+00
0.000000000000000000e+00
0.000000000000000000e+00
0.000000000000000000e+00
0.000000000000000000e+00
0.000000000000000000e+00
0.000000000000000000e+00
0.000000000000000000e+00
0.000000000000000000e+00
0.000000000000000000e+00
0.000000000000000000e+00
0.000000000000000000e+00
0.000000000000000000e+00
0.000000000000000000e+00
0.000000000000000000e+00
0.000000000000000000e+00
0.000000000000000000e+00
0.000000000000000000e+00
0.000000000000000000e+00
7.455237097070588348e-01
1.785806465940731336e+00
2.929043161495980652e+00
4.161672021673075150e+00
5.618483080006124730e+00
7.257826538982110165e+00
9.083775360853136860e+00
1.116244804515573996e+01
1.354215322813219302e+01
1.631418890705971236e+01
1.929245330910699252e+01
2.247881754108481900e+01
2.570682129432623952e+01
2.898694748540732746e+01
3.207578723807942112e+01
3.492796517246923571e+01
3.748467470284190739e+01
3.969165470314388244e+01
4.169848250174308646e+01
4.288197772707725619e+01
4.353193446968646185e+01
4.374634069929385305e+01
4.354170523830450890e+01
4.298751532621081139e+01
4.211213010005968727e+01
4.099234942840532625e+01
3.972418614729051001e+01
3.843111611706661535e+01
3.694873454929905421e+01
3.521926774475159760e+01
3.350393671388046357e+01
3.164295189318309198e+01
2.959831508071091122e+01
2.745602188049406323e+01
2.525529121238092856e+01
2.298497962046969789e+01
2.067933533950164815e+01
1.831320203380516531e+01
1.569987462085283703e+01
1.339548956725547058e+01
1.129288201906461353e+01
9.314666522614880151e+00
7.536650837799323099e+00
5.945865833183276550e+00
4.620207106074203374e+00
3.516397918500699493e+00
2.567353281825522693e+00
1.543085982551553714e+00
7.350106351032543728e-01
1.227332455858707871e-01
0.000000000000000000e+00
0.000000000000000000e+00
0.000000000000000000e+00
0.000000000000000000e+00
0.000000000000000000e+00
0.000000000000000000e+00
0.000000000000000000e+00
0.000000000000000000e+00
0.000000000000000000e+00
0.000000000000000000e+00
0.000000000000000000e+00
0.000000000000000000e+00
0.000000000000000000e+00
0.000000000000000000e+00
0.000000000000000000e+00
0.000000000000000000e+00
0.000000000000000000e+00
0.000000000000000000e+00
0.000000000000000000e+00
0.000000000000000000e+00
0.000000000000000000e+00
0.000000000000000000e+00
0.000000000000000000e+00
0.000000000000000000e+00
1.311316646322421009e-01
5.866870550429155173e-01
1.232546750603886965e+00
2.085673824685980726e+00
3.282405090985941687e+00
4.881627320462055053e+00
6.711744484405023137e+00
8.711509651503176244e+00
1.071812529473694298e+01
1.266569223472703598e+01
1.454001944824612735e+01
1.608017423063993689e+01
1.722912074153036954e+01
1.794271785228031391e+01
1.826479352334252937e+01
1.802597502508247018e+01
1.751855667707750897e+01
1.662432725318245730e+01
1.545801072988541414e+01
1.323062770599184468e+01
1.175744243416373003e+01
1.017239693290683711e+01
8.650955089670452125e+00
7.163924623802238045e+00
5.761049812543388882e+00
4.320758867973018447e+00
2.863935472526301762e+00
1.611556838254306179e+00
4.398324196601210989e-01
0.000000000000000000e+00
0.000000000000000000e+00
0.000000000000000000e+00
0.000000000000000000e+00
0.000000000000000000e+00
0.000000000000000000e+00
0.000000000000000000e+00
0.000000000000000000e+00
0.000000000000000000e+00
0.000000000000000000e+00
0.000000000000000000e+00
0.000000000000000000e+00
0.000000000000000000e+00
0.000000000000000000e+00
0.000000000000000000e+00
0.000000000000000000e+00
0.000000000000000000e+00
0.000000000000000000e+00
0.000000000000000000e+00
0.000000000000000000e+00
0.000000000000000000e+00
0.000000000000000000e+00
0.000000000000000000e+00
0.000000000000000000e+00
0.000000000000000000e+00
0.000000000000000000e+00
0.000000000000000000e+00
0.000000000000000000e+00
0.000000000000000000e+00
0.000000000000000000e+00
0.000000000000000000e+00
0.000000000000000000e+00
2.342671100743466406e-01
1.274358499073071860e+00
2.121020126763387470e+00
3.042630252539729518e+00
4.039709941074790756e+00
5.090417291868191363e+00
6.210399068907229925e+00
7.388660142073087300e+00
8.619102689550059537e+00
9.983746730078582488e+00
1.144801083515214124e+01
1.307726499350147265e+01
1.485428464965391804e+01
1.687906308382430254e+01
1.908915138716677617e+01
2.129059847363744495e+01
2.398553186021058892e+01
2.696026112278124387e+01
3.002984960275065518e+01
3.303483897084403509e+01
3.586524220662618490e+01
3.833641499891467674e+01
4.089661194384737541e+01
4.346659951361363028e+01
4.512842219840101876e+01
4.631924220487835697e+01
4.713884935166687740e+01
4.743075366533108195e+01
4.727724122518286975e+01
4.661869198706328632e+01
4.554719778173043920e+01
4.421037310570619638e+01
4.270412948901741856e+01
4.089033262979924643e+01
3.886327049774101994e+01
3.662712980222737968e+01
3.420382511483898469e+01
3.163605128082747342e+01
2.892944452649447840e+01
2.627077880420885236e+01
2.353611473033452484e+01
2.078709965292599904e+01
1.801503376373003107e+01
1.491646952182447983e+01
1.238832383694126804e+01
1.003416448087420143e+01
7.692062875087042784e+00
5.636477765966681375e+00
3.773732705256105824e+00
2.216379669045444256e+00
9.341206718683463528e-01
0.000000000000000000e+00
0.000000000000000000e+00
0.000000000000000000e+00
0.000000000000000000e+00
0.000000000000000000e+00
0.000000000000000000e+00
0.000000000000000000e+00
0.000000000000000000e+00
0.000000000000000000e+00
0.000000000000000000e+00
0.000000000000000000e+00
0.000000000000000000e+00
0.000000000000000000e+00
0.000000000000000000e+00
0.000000000000000000e+00
0.000000000000000000e+00
0.000000000000000000e+00
0.000000000000000000e+00
0.000000000000000000e+00
0.000000000000000000e+00
0.000000000000000000e+00
0.000000000000000000e+00
0.000000000000000000e+00
0.000000000000000000e+00
0.000000000000000000e+00
0.000000000000000000e+00
0.000000000000000000e+00
0.000000000000000000e+00
0.000000000000000000e+00
0.000000000000000000e+00
7.567397921770301350e-01
1.815254307297789360e+00
3.119408267121992040e+00
4.672639358783911234e+00
6.468057888249649778e+00
8.385524323554392367e+00
1.026647290221823638e+01
1.208036834146659899e+01
1.363025737914612456e+01
1.470453306423298301e+01
1.525267022895110713e+01
1.546559025350735261e+01
1.527089939847238043e+01
1.466618850083389525e+01
1.374696566603386572e+01
1.252769654860905568e+01
1.102734865739017778e+01
9.414995418945608208e+00
7.755608852522420271e+00
5.960457270272702779e+00
4.452153851543749319e+00
2.915664351760401285e+00
1.526564395168796384e+00
2.097069046753322619e-01
0.000000000000000000e+00
0.000000000000000000e+00
0.000000000000000000e+00
0.000000000000000000e+00
0.000000000000000000e+00
0.000000000000000000e+00
0.000000000000000000e+00
0.000000000000000000e+00
0.000000000000000000e+00
0.000000000000000000e+00
0.000000000000000000e+00
0.000000000000000000e+00
0.000000000000000000e+00
0.000000000000000000e+00
0.000000000000000000e+00
0.000000000000000000e+00
0.000000000000000000e+00
0.000000000000000000e+00
0.000000000000000000e+00
0.000000000000000000e+00
0.000000000000000000e+00
0.000000000000000000e+00
0.000000000000000000e+00
0.000000000000000000e+00
0.000000000000000000e+00
0.000000000000000000e+00
0.000000000000000000e+00
0.000000000000000000e+00
0.000000000000000000e+00
0.000000000000000000e+00
0.000000000000000000e+00
0.000000000000000000e+00
7.107695933346953598e-01
1.589996736318409321e+00
2.506482791694139678e+00
3.435635326538351908e+00
4.299195448854523427e+00
5.055174561486921903e+00
6.022872397947034884e+00
7.169298393104312161e+00
8.383617470040551467e+00
9.663261418095409283e+00
1.104954917027393080e+01
1.246052901168280691e+01
1.421196217527036687e+01
1.610242558223971798e+01
1.828102989472949602e+01
2.070625453580430531e+01
2.336438120523275686e+01
2.664869861231584380e+01
2.966921567174725993e+01
3.263491175554117518e+01
3.529247508214822204e+01
3.810309744308596436e+01
4.060776264713279460e+01
4.288962034112608279e+01
4.506187037520217586e+01
4.716918848565236999e+01
4.817000332779468863e+01
4.866446875783296377e+01
4.874530966043285218e+01
4.836480601956898084e+01
4.763651464890098453e+01
4.659124187812594187e+01
4.529613020777622978e+01
4.383526825367908941e+01
4.223129907990561804e+01
4.044032592259566172e+01
3.857327965774205580e+01
3.646817986621145735e+01
3.438924634539696257e+01
3.227177215259087006e+01
3.024293595613356800e+01
2.805285972815011775e+01
2.587711194348491972e+01
2.361502047038655405e+01
2.115020974678608923e+01
1.792813234503881503e+01
1.564174596333028333e+01
1.347955807866156874e+01
1.137430255125099876e+01
9.481033295933674054e+00
7.704033800421408174e+00
6.084510448650473080e+00
4.633290191661761703e+00
3.303660379713932116e+00
2.049497537319369123e+00
1.048525684767276145e+00
1.657161787901223760e-01
0.000000000000000000e+00
0.000000000000000000e+00
0.000000000000000000e+00
0.000000000000000000e+00
0.000000000000000000e+00
0.000000000000000000e+00
0.000000000000000000e+00
0.000000000000000000e+00
0.000000000000000000e+00
0.000000000000000000e+00
0.000000000000000000e+00
0.000000000000000000e+00
0.000000000000000000e+00
0.000000000000000000e+00
0.000000000000000000e+00
0.000000000000000000e+00
0.000000000000000000e+00
0.000000000000000000e+00
0.000000000000000000e+00
0.000000000000000000e+00
0.000000000000000000e+00
0.000000000000000000e+00
0.000000000000000000e+00
0.000000000000000000e+00
0.000000000000000000e+00
0.000000000000000000e+00
0.000000000000000000e+00
5.774779364676430049e-01
1.706270574843276933e+00
3.191731404166665342e+00
4.855100598330494677e+00
6.654926591707836181e+00
8.469894933265448955e+00
1.022129428690563024e+01
1.173036234813440615e+01
1.277080479286865256e+01
1.366658615739522276e+01
1.416646507262031918e+01
1.421384264191767954e+01
1.386671149957724936e+01
1.323730711716611808e+01
1.235003998315901441e+01
1.103715275808121277e+01
9.540643653618719355e+00
7.987192933238180359e+00
6.370973651457081388e+00
4.950846007588564746e+00
3.539311372228507224e+00
2.304746723814772302e+00
9.046269567528130162e-01
0.000000000000000000e+00
0.000000000000000000e+00
0.000000000000000000e+00
0.000000000000000000e+00
0.000000000000000000e+00
0.000000000000000000e+00
0.000000000000000000e+00
0.000000000000000000e+00
0.000000000000000000e+00
0.000000000000000000e+00
0.000000000000000000e+00
0.000000000000000000e+00
0.000000000000000000e+00
0.000000000000000000e+00
0.000000000000000000e+00
0.000000000000000000e+00
0.000000000000000000e+00
0.000000000000000000e+00
0.000000000000000000e+00
0.000000000000000000e+00
0.000000000000000000e+00
0.000000000000000000e+00
0.000000000000000000e+00
0.000000000000000000e+00
0.000000000000000000e+00
0.000000000000000000e+00
0.000000000000000000e+00
0.000000000000000000e+00
0.000000000000000000e+00
0.000000000000000000e+00
0.000000000000000000e+00
0.000000000000000000e+00
0.000000000000000000e+00
7.916965907000382552e-02
6.356115276954042992e-01
1.265978865475650750e+00
2.027377979659267915e+00
2.844776760803798599e+00
3.937222389680735013e+00
5.046099270667475878e+00
6.142097323609870152e+00
7.360729153019582860e+00
8.717163156794835999e+00
1.007599070706967304e+01
1.147254047456852533e+01
1.298336837030583268e+01
1.464649923473140802e+01
1.659263433349440930e+01
1.860504987783797048e+01
2.105027996680467695e+01
2.402403638011970699e+01
2.723606206070996905e+01
3.017686373339500605e+01
3.323648077751720820e+01
3.615854817989490044e+01
3.891573677417835597e+01
4.137468319574142583e+01
4.347134383467493279e+01
4.500555927811342372e+01
4.620122919803888806e+01
4.703430783701759310e+01
4.739799073219726466e+01
4.733631609780832861e+01
4.685120842453046208e+01
4.606614434782886747e+01
4.496133476577015387e+01
4.360152883684801850e+01
4.232698144258266382e+01
4.069292444539984643e+01
3.884653149881406620e+01
3.676491507739365971e+01
3.431446434619974184e+01
3.210579673587022143e+01
2.971353968296014258e+01
2.728283882047537645e+01
2.471558617601511898e+01
2.211458849945491068e+01
1.955178613710569024e+01
1.689900584657901916e+01
1.425525352609516894e+01
1.172207923425814968e+01
9.382844299116916531e+00
7.174896127345142816e+00
5.207809769504252451e+00
3.347881304068332398e+00
1.743201553463735953e+00
3.630428418482166686e-01
0.000000000000000000e+00
0.000000000000000000e+00
0.000000000000000000e+00
0.000000000000000000e+00
0.000000000000000000e+00
0.000000000000000000e+00
0.000000000000000000e+00
0.000000000000000000e+00
0.000000000000000000e+00
0.000000000000000000e+00
0.000000000000000000e+00
0.000000000000000000e+00
0.000000000000000000e+00
0.000000000000000000e+00
0.000000000000000000e+00
0.000000000000000000e+00
0.000000000000000000e+00
0.000000000000000000e+00
0.000000000000000000e+00
0.000000000000000000e+00
7.680049255450818735e-02
2.117326553111841259e-01
2.764656955545667996e-02
2.505141762696254659e-01
3.249906661885305081e-01
3.029011438423538372e-01
4.132984970045939233e-01
6.613200261414484693e-01
1.112246314090910460e+00
1.780519642092823318e+00
2.638050437574241514e+00
3.766183907758843485e+00
5.101367879688755380e+00
6.575116634045539143e+00
8.235306231309831304e+00
9.947634803402113590e+00
1.194541488121344486e+01
1.319442598223675134e+01
1.415173667579430550e+01
1.494781358741983013e+01
1.539270660804671742e+01
1.540492704915300592e+01
1.520594558227041482e+01
1.444505600124583111e+01
1.346745180290346688e+01
1.253935867101115775e+01
1.142826644655860235e+01
1.023012497290414302e+01
8.966976831781032331e+00
7.708789195446802189e+00
6.438091480415208956e+00
5.173356709080008997e+00
3.911535695449948502e+00
2.650137765873525897e+00
1.398184792978143243e+00
7.456575197532870625e-02
0.000000000000000000e+00
0.000000000000000000e+00
0.000000000000000000e+00
0.000000000000000000e+00
0.000000000000000000e+00
0.000000000000000000e+00
0.000000000000000000e+00
0.000000000000000000e+00
0.000000000000000000e+00
0.000000000000000000e+00
0.000000000000000000e+00
0.000000000000000000e+00
0.000000000000000000e+00
0.000000000000000000e+00
0.000000000000000000e+00
0.000000000000000000e+00
0.000000000000000000e+00
0.000000000000000000e+00
0.000000000000000000e+00
0.000000000000000000e+00
0.000000000000000000e+00
0.000000000000000000e+00
0.000000000000000000e+00
0.000000000000000000e+00
0.000000000000000000e+00
0.000000000000000000e+00
0.000000000000000000e+00
0.000000000000000000e+00
0.000000000000000000e+00
0.000000000000000000e+00
0.000000000000000000e+00
0.000000000000000000e+00
0.000000000000000000e+00
0.000000000000000000e+00
0.000000000000000000e+00
4.930786085208392899e-01
1.391583606541808127e+00
2.509734849044285010e+00
3.829673808766510756e+00
5.385624260105893235e+00
7.130835740822067947e+00
9.114662896877655740e+00
1.127274946747346362e+01
1.362545275626298036e+01
1.625917899539330946e+01
1.980121305107499197e+01
2.291078843289346878e+01
2.593989518167367692e+01
2.912911189781478072e+01
3.206327700616326126e+01
3.458893093480865133e+01
3.713553068118363143e+01
3.919003453996695185e+01
4.047646079366045768e+01
4.135579695354681462e+01
4.177810383342847445e+01
4.180808513453986563e+01
4.147865451613660071e+01
4.082081615446705314e+01
3.988779009940427045e+01
3.875843065853326408e+01
3.742011514604951827e+01
3.591719032328614958e+01
3.434482279135352201e+01
3.262733402185221365e+01
3.055406278542804088e+01
2.848623795881883325e+01
2.647349571527316314e+01
2.428925582867626787e+01
2.208344362315875031e+01
2.011488335510344427e+01
1.774016082030838959e+01
1.520129450124159831e+01
1.344025380548383808e+01
1.175219815028528103e+01
1.027393634998394845e+01
8.923528880712831679e+00
7.701418221670920161e+00
6.637350104326893430e+00
5.711876027402516875e+00
4.806621980527946647e+00
4.039826108718300723e+00
3.364503959555085633e+00
2.563103333021924168e+00
1.797114210409471058e+00
1.245350931323153665e+00
7.637623244255964394e-01
4.715417773602958995e-01
3.158215612188499666e-01
2.130718059907235618e-01
5.116073626567527871e-02
1.503971040315259522e-01
3.214377668799190957e-01
8.705358423933406975e-01
1.172420873228474436e+00
1.499782693041515014e+00
1.799547054507989685e+00
2.264900364379752951e+00
2.976811590146310138e+00
3.086381210508236883e+00
3.077609110124305047e+00
2.943712672241074024e+00
2.756761681674603892e+00
2.593029502275406628e+00
2.380556013297781437e+00
2.193778194884869581e+00
2.109011903224510487e+00
2.104089693115699600e+00
2.331641638738389144e+00
2.766053269323978103e+00
3.462555675971472624e+00
4.458732288587748727e+00
5.801432322839481515e+00
7.363387287772162004e+00
9.543750976266773378e+00
1.157217675758266040e+01
1.345551506721940882e+01
1.518298889471826740e+01
1.638778248341430199e+01
1.745583197737921211e+01
1.815356255946984376e+01
1.841007828216933007e+01
1.820916962235652292e+01
1.759304611817903563e+01
1.667515939819340076e+01
1.551337075681779076e+01
1.414459811798291256e+01
1.271016515220181020e+01
1.124933891988930057e+01
9.856883713515792067e+00
8.502259086489472040e+00
7.210193251440589535e+00
5.979226278433879216e+00
4.726456260880659954e+00
3.085818981950154249e+00
1.725557202025007841e+00
7.043057048013843247e-01
0.000000000000000000e+00
0.000000000000000000e+00
0.000000000000000000e+00
0.000000000000000000e+00
0.000000000000000000e+00
0.000000000000000000e+00
0.000000000000000000e+00
0.000000000000000000e+00
0.000000000000000000e+00
0.000000000000000000e+00
0.000000000000000000e+00
0.000000000000000000e+00
0.000000000000000000e+00
0.000000000000000000e+00
0.000000000000000000e+00
0.000000000000000000e+00
0.000000000000000000e+00
0.000000000000000000e+00
0.000000000000000000e+00
0.000000000000000000e+00
0.000000000000000000e+00
0.000000000000000000e+00
0.000000000000000000e+00
0.000000000000000000e+00
0.000000000000000000e+00
0.000000000000000000e+00
0.000000000000000000e+00
0.000000000000000000e+00
0.000000000000000000e+00
0.000000000000000000e+00
0.000000000000000000e+00
0.000000000000000000e+00
0.000000000000000000e+00
0.000000000000000000e+00
0.000000000000000000e+00
0.000000000000000000e+00
0.000000000000000000e+00
0.000000000000000000e+00
0.000000000000000000e+00
0.000000000000000000e+00
2.537646713618276206e-01
8.684221685481402497e-01
2.285853853316861972e+00
4.045067502802087489e+00
6.029928966051579131e+00
8.465663556533579381e+00
1.116334496225735329e+01
1.372866391627087346e+01
1.650458503927826470e+01
1.997971930294234610e+01
2.313776398959745606e+01
2.586840466274595229e+01
2.831177942115237656e+01
3.066437005517392578e+01
3.252661222163741428e+01
3.373451684011340745e+01
3.452288621012627345e+01
3.490589888952194286e+01
3.491689724745948098e+01
3.461088634016669374e+01
3.403138349872761381e+01
3.319844691789366919e+01
3.216677820612346039e+01
3.098350357068267158e+01
2.963236202808983677e+01
2.808619305179995607e+01
2.639758542592068835e+01
2.458152453924533631e+01
2.273207177452962569e+01
2.055194238787788663e+01
1.827222466359145514e+01
1.621399719449523502e+01
1.417483313057527461e+01
1.183913135306640108e+01
9.564550676819640884e+00
7.819860397654342599e+00
6.204217329194448460e+00
4.727535947036796138e+00
3.404641929135741041e+00
2.163801344643518032e+00
1.036499098838948640e+00
7.420781045255760155e-02
0.000000000000000000e+00
0.000000000000000000e+00
0.000000000000000000e+00
0.000000000000000000e+00
0.000000000000000000e+00
0.000000000000000000e+00
0.000000000000000000e+00
0.000000000000000000e+00
0.000000000000000000e+00
0.000000000000000000e+00
0.000000000000000000e+00
0.000000000000000000e+00
0.000000000000000000e+00
0.000000000000000000e+00
8.295336089025632242e-01
1.627817933235744308e+00
2.164468693498571294e+00
2.752926913697086864e+00
2.892623075720897052e+00
2.831433045109648106e+00
2.543169256855108529e+00
2.131154935392469252e+00
1.639166926850238459e+00
1.609563738769440366e+00
1.204238898445889605e+00
1.007910541470645516e+00
1.044201189708265032e+00
1.347643070968794099e+00
2.015421482230700612e+00
3.122463673035113629e+00
4.446234149280076764e+00
5.816251879954276838e+00
7.571303718119281712e+00
9.256112961934562122e+00
1.092561602924883246e+01
1.239255067628587881e+01
1.365062860896415309e+01
1.434422328973871075e+01
1.485249651148578920e+01
1.493661917853048138e+01
1.468941080214495720e+01
1.410122576292388352e+01
1.328203203790008935e+01
1.175362465522198363e+01
1.043371796532480111e+01
9.061683944079668152e+00
7.627339417104193053e+00
6.290185163689864467e+00
4.933814641734933559e+00
3.232854182145302957e+00
1.714263408956170798e+00
5.061331303662783831e-01
0.000000000000000000e+00
0.000000000000000000e+00
0.000000000000000000e+00
0.000000000000000000e+00
0.000000000000000000e+00
0.000000000000000000e+00
0.000000000000000000e+00
0.000000000000000000e+00
0.000000000000000000e+00
0.000000000000000000e+00
0.000000000000000000e+00
0.000000000000000000e+00
0.000000000000000000e+00
0.000000000000000000e+00
0.000000000000000000e+00
0.000000000000000000e+00
0.000000000000000000e+00
0.000000000000000000e+00
0.000000000000000000e+00
0.000000000000000000e+00
0.000000000000000000e+00
0.000000000000000000e+00
0.000000000000000000e+00
0.000000000000000000e+00
0.000000000000000000e+00
0.000000000000000000e+00
0.000000000000000000e+00
0.000000000000000000e+00
0.000000000000000000e+00
0.000000000000000000e+00
0.000000000000000000e+00
0.000000000000000000e+00
0.000000000000000000e+00
5.881981973673678921e-01
1.606784899990525872e+00
2.706628162633174739e+00
3.870567091189100140e+00
5.109858356189562301e+00
6.433237520133051390e+00
7.859931819084025051e+00
9.393687430732086341e+00
1.101582205896352207e+01
1.256462868315613690e+01
1.430938752733411334e+01
1.634901585241724931e+01
1.869340902563966722e+01
2.107506311847627956e+01
2.369997475698685818e+01
2.606241576378672775e+01
2.937770414039283651e+01
3.242708263569664240e+01
3.511664682444083496e+01
3.817112762719309416e+01
4.059368858077915121e+01
4.253859472625707383e+01
4.414304226084384908e+01
4.549214110675100642e+01
4.619472917580315396e+01
4.642178250306726994e+01
4.613227178964814357e+01
4.544120761215288695e+01
4.433860384513181430e+01
4.292155701915461918e+01
4.123838493326857702e+01
3.935218200820270340e+01
3.729885217981009760e+01
3.509981472551805126e+01
3.282680394100854926e+01
3.054908724393558472e+01
2.781206677245282322e+01
2.517118857626292794e+01
2.274938378551860296e+01
1.971436585276926223e+01
1.707621061084144998e+01
1.478328377888851008e+01
1.249108703177688007e+01
9.996408562845623180e+00
7.866122344331145655e+00
5.953397356375759841e+00
4.357157773015266855e+00
2.874871620266014283e+00
1.621294206389831238e+00
5.109202729842586832e-01
0.000000000000000000e+00
0.000000000000000000e+00
0.000000000000000000e+00
0.000000000000000000e+00
0.000000000000000000e+00
0.000000000000000000e+00
0.000000000000000000e+00
0.000000000000000000e+00
0.000000000000000000e+00
0.000000000000000000e+00
0.000000000000000000e+00
0.000000000000000000e+00
0.000000000000000000e+00
0.000000000000000000e+00
0.000000000000000000e+00
0.000000000000000000e+00
0.000000000000000000e+00
0.000000000000000000e+00
0.000000000000000000e+00
2.438951699765690151e-01
1.111330776668059572e+00
1.353729809971439879e+00
1.404992869566664471e+00
1.432092297329910613e+00
1.309726517019095260e+00
1.593656518980014702e+00
2.300891409015163980e+00
2.483662166551235728e+00
2.768505690992887125e+00
3.318740431501576271e+00
4.056438314354419816e+00
5.060844297911171630e+00
6.355920183448951377e+00
7.863155648589139624e+00
9.584699242731288038e+00
1.140879501902050919e+01
1.320816553828420936e+01
1.484532313755130772e+01
1.624171059496135427e+01
1.727585183951574166e+01
1.767717019603426465e+01
1.793459938195863046e+01
1.781966674073855117e+01
1.730399831171337865e+01
1.654483049633779501e+01
1.531549522006061537e+01
1.332664622396107568e+01
1.171745965377881760e+01
1.018848423371333034e+01
8.495652814426241761e+00
6.932229747507427042e+00
5.599133184238930028e+00
4.396659663095128678e+00
3.227384483234289725e+00
2.092369768370329286e+00
1.023336408743164228e+00
0.000000000000000000e+00
0.000000000000000000e+00
0.000000000000000000e+00
0.000000000000000000e+00
0.000000000000000000e+00
0.000000000000000000e+00
0.000000000000000000e+00
0.000000000000000000e+00
0.000000000000000000e+00
0.000000000000000000e+00
0.000000000000000000e+00
0.000000000000000000e+00
0.000000000000000000e+00
0.000000000000000000e+00
0.000000000000000000e+00
0.000000000000000000e+00
0.000000000000000000e+00
0.000000000000000000e+00
0.000000000000000000e+00
0.000000000000000000e+00
0.000000000000000000e+00
0.000000000000000000e+00
0.000000000000000000e+00
0.000000000000000000e+00
0.000000000000000000e+00
0.000000000000000000e+00
0.000000000000000000e+00
0.000000000000000000e+00
0.000000000000000000e+00
0.000000000000000000e+00
0.000000000000000000e+00
0.000000000000000000e+00
0.000000000000000000e+00
0.000000000000000000e+00
0.000000000000000000e+00
0.000000000000000000e+00
0.000000000000000000e+00
0.000000000000000000e+00
4.512092952722892014e-01
1.255566682804718726e+00
2.256694023723954778e+00
3.432118876058563028e+00
4.795668366989301212e+00
6.362017616738947723e+00
8.132316272869912765e+00
9.804541796542823207e+00
1.170415596933727542e+01
1.456487565446140309e+01
1.810991589491302989e+01
2.097759581229195902e+01
2.396413140198509950e+01
2.711209643768237498e+01
3.012607196026964473e+01
3.290832800646023060e+01
3.542005905068412375e+01
3.757255659427138283e+01
3.951071910854336977e+01
4.162105365218464925e+01
4.260618497425121376e+01
4.323871653722898856e+01
4.345167460316045549e+01
4.324764015233743208e+01
4.273583348856035968e+01
4.203506452144236505e+01
4.104263772669160204e+01
3.989303483803913508e+01
3.860384873255286919e+01
3.698519811816586156e+01
3.495381404047804352e+01
3.333602788797397665e+01
3.189078154525198627e+01
2.996612096134482783e+01
2.799223338212349432e+01
2.601083325523285339e+01
2.399538946124161498e+01
2.201271576620701964e+01
1.991850792883360199e+01
1.727948493448725742e+01
1.528391092667703610e+01
