0.000000000000000000e+00
0.000000000000000000e+00
0.000000000000000000e+00
0.000000000000000000e+00
0.000000000000000000e+00
0.000000000000000000e+00
0.000000000000000000e+00
0.000000000000000000e+00
0.000000000000000000e+00
9.567695766527762880e-01
2.069797870043082799e+00
3.577947822678476886e+00
4.504882569095649103e+00
5.241717533116659666e+00
5.877543134546332482e+00
6.216477687046150002e+00
6.352763070655072397e+00
6.255411031969170921e+00
6.024665368881136907e+00
5.659738050010897581e+00
5.331310431753202295e+00
4.933284870951875511e+00
4.639104682889304776e+00
4.657555345001995306e+00
5.008679124487334100e+00
5.726158570291482341e+00
6.695305211872718765e+00
8.185124300213900028e+00
9.863035294192245672e+00
1.180952878849252663e+01
1.378908315216615144e+01
1.552580101959681613e+01
1.749797138559378595e+01
1.901091342841900911e+01
2.015344075559285386e+01
2.087207424596172700e+01
2.118493857107973355e+01
2.116382158560742610e+01
2.073359352725260152e+01
1.999249232286679145e+01
1.892715546588727094e+01
1.773633808985222160e+01
1.641769642960593600e+01
1.495948445144549765e+01
1.342893743967585252e+01
1.173534745816212421e+01
1.021676019251081691e+01
8.607578607254984249e+00
7.024355556088984542e+00
5.428049671503737628e+00
4.051738542599316872e+00
2.684629869593258000e+00
1.173322474145399141e+00
0.000000000000000000e+00
0.000000000000000000e+00
0.000000000000000000e+00
0.000000000000000000e+00
0.000000000000000000e+00
0.000000000000000000e+00
0.000000000000000000e+00
0.000000000000000000e+00
0.000000000000000000e+00
0.000000000000000000e+00
0.000000000000000000e+00
0.000000000000000000e+00
0.000000000000000000e+00
0.000000000000000000e+00
0.000000000000000000e+00
0.000000000000000000e+00
0.000000000000000000e+00
0.000000000000000000e+00
0.000000000000000000e+00
0.000000000000000000e+00
0.000000000000000000e+00
0.000000000000000000e+00
0.000000000000000000e+00
0.000000000000000000e+00
0.000000000000000000e+00
0.000000000000000000e+00
0.000000000000000000e+00
0.000000000000000000e+00
0.000000000000000000e+00
0.000000000000000000e+00
0.000000000000000000e+00
0.000000000000000000e+00
0.000000000000000000e+00
0.000000000000000000e+00
0.000000000000000000e+00
0.000000000000000000e+00
0.000000000000000000e+00
0.000000000000000000e+00
0.000000000000000000e+00
0.000000000000000000e+00
0.000000000000000000e+00
0.000000000000000000e+00
0.000000000000000000e+00
0.000000000000000000e+00
0.000000000000000000e+00
0.000000000000000000e+00
0.000000000000000000e+00
0.000000000000000000e+00
0.000000000000000000e+00
1.235638832001141330e+00
2.676190824052652406e+00
4.172989150000020686e+00
5.779628597220785480e+00
7.626021400178470522e+00
9.607832717018766289e+00
1.180057644612367085e+01
1.418060265469541292e+01
1.683143334402274505e+01
1.972314773342095862e+01
2.272538560887547021e+01
2.600986933614075980e+01
2.943885281098945939e+01
3.273155655340471526e+01
3.609586289171060969e+01
3.903023858955350534e+01
4.171559269577126372e+01
4.407491099926711087e+01
4.615193994263799482e+01
4.787370637330702294e+01
4.909195232249641094e+01
4.987397855659114754e+01
5.023131201330750173e+01
5.004989236264450625e+01
4.952801923306790854e+01
4.849807397680805110e+01
4.707195891379834052e+01
4.530901562271006355e+01
4.328270267014443107e+01
4.102993894701005217e+01
3.860246505953917762e+01
3.602391767566583525e+01
3.325161471629971288e+01
3.045756114657510238e+01
2.754661902403823959e+01
2.491006738836288292e+01
2.233497476606052956e+01
1.981644310546570509e+01
1.717368615668405241e+01
1.483233580051358302e+01
1.273685593706056629e+01
1.083855008604969150e+01
8.883852311598223750e+00
7.296253437974854705e+00
5.636144148766482509e+00
4.214003088994610735e+00
3.046662633569702461e+00
1.998765994956414049e+00
1.029865788652311709e+00
1.600675938964901401e-01
0.000000000000000000e+00
0.000000000000000000e+00
0.000000000000000000e+00
0.000000000000000000e+00
0.000000000000000000e+00
0.000000000000000000e+00
0.000000000000000000e+00
0.000000000000000000e+00
0.000000000000000000e+00
0.000000000000000000e+00
0.000000000000000000e+00
0.000000000000000000e+00
0.000000000000000000e+00
0.000000000000000000e+00
0.000000000000000000e+00
0.000000000000000000e+00
0.000000000000000000e+00
0.000000000000000000e+00
0.000000000000000000e+00
0.000000000000000000e+00
0.000000000000000000e+00
7.979029221915486803e-01
1.931719075304758837e+00
2.932181917097127499e+00
3.622638661302676422e+00
4.159833542680641649e+00
4.506800654799436145e+00
4.680141469208679794e+00
4.749600238422090115e+00
4.620942092383771183e+00
4.354173856703123846e+00
4.102441841052367977e+00
4.182991236230579446e+00
4.157298255460162295e+00
4.228428572038648525e+00
4.547017106077448467e+00
5.260846121021741872e+00
6.309733634858851303e+00
7.682976069342595693e+00
9.351925476994635389e+00
1.123759443854468287e+01
1.322860519923261791e+01
1.505413901633944818e+01
1.672122577881847505e+01
1.834093380686372754e+01
1.944439029721077006e+01
2.021204814108301662e+01
2.056388686895109075e+01
2.050705605922004793e+01
2.014879000614517679e+01
1.949617074160454777e+01
1.854484172082688076e+01
1.708004074666889593e+01
1.553589169217067401e+01
1.411063494616597325e+01
1.249898399998630261e+01
1.091547387471329600e+01
9.190756293273540933e+00
7.589294698143024931e+00
6.006836389467652637e+00
4.459896597438960164e+00
2.932576866608105348e+00
1.441257459740866054e+00
0.000000000000000000e+00
0.000000000000000000e+00
0.000000000000000000e+00
0.000000000000000000e+00
0.000000000000000000e+00
0.000000000000000000e+00
0.000000000000000000e+00
0.000000000000000000e+00
0.000000000000000000e+00
0.000000000000000000e+00
0.000000000000000000e+00
0.000000000000000000e+00
0.000000000000000000e+00
0.000000000000000000e+00
0.000000000000000000e+00
0.000000000000000000e+00
0.000000000000000000e+00
0.000000000000000000e+00
0.000000000000000000e+00
0.000000000000000000e+00
0.000000000000000000e+00
0.000000000000000000e+00
0.000000000000000000e+00
0.000000000000000000e+00
0.000000000000000000e+00
0.000000000000000000e+00
0.000000000000000000e+00
0.000000000000000000e+00
0.000000000000000000e+00
0.000000000000000000e+00
0.000000000000000000e+00
0.000000000000000000e+00
0.000000000000000000e+00
0.000000000000000000e+00
0.000000000000000000e+00
0.000000000000000000e+00
0.000000000000000000e+00
0.000000000000000000e+00
0.000000000000000000e+00
0.000000000000000000e+00
0.000000000000000000e+00
0.000000000000000000e+00
0.000000000000000000e+00
0.000000000000000000e+00
0.000000000000000000e+00
0.000000000000000000e+00
0.000000000000000000e+00
0.000000000000000000e+00
0.000000000000000000e+00
0.000000000000000000e+00
7.707988656117564785e-01
2.360848073981222761e+00
4.026205034635263580e+00
5.846898449752625737e+00
7.849757266184072435e+00
9.979156571487331817e+00
1.229604062781471185e+01
1.485060554001218236e+01
1.760621665063827379e+01
2.062078132003400910e+01
2.383341899445629153e+01
2.679258840555457510e+01
2.991058472104898058e+01
3.290691659141985070e+01
3.581290960107085652e+01
3.851969004505982497e+01
4.107116008799476248e+01
4.351493657546456717e+01
4.529572499613674808e+01
4.690464305822334268e+01
4.789047340556984977e+01
4.846258732929421598e+01
4.885203422854568345e+01
4.850136390429253197e+01
4.778649077404825363e+01
4.665098745334987029e+01
4.519075491129544275e+01
4.344264056212639957e+01
4.146444098602021455e+01
3.934467355688887835e+01
3.703842110876824734e+01
3.476888849801918724e+01
3.236442522160691482e+01
2.988703382022629995e+01
2.743864414097085458e+01
2.497171683187382385e+01
2.250075921699024306e+01
1.999409710124971085e+01
1.761552652295334909e+01
1.525376137240997743e+01
1.312182253446707136e+01
1.111413365025597955e+01
8.979550792883113530e+00
7.264657244506580014e+00
5.688376964382882761e+00
4.246078827839014025e+00
2.980446697997123806e+00
1.845857566043629383e+00
7.999247033149772257e-01
0.000000000000000000e+00
0.000000000000000000e+00
0.000000000000000000e+00
0.000000000000000000e+00
0.000000000000000000e+00
0.000000000000000000e+00
0.000000000000000000e+00
0.000000000000000000e+00
0.000000000000000000e+00
0.000000000000000000e+00
0.000000000000000000e+00
0.000000000000000000e+00
0.000000000000000000e+00
0.000000000000000000e+00
0.000000000000000000e+00
0.000000000000000000e+00
0.000000000000000000e+00
0.000000000000000000e+00
0.000000000000000000e+00
0.000000000000000000e+00
0.000000000000000000e+00
0.000000000000000000e+00
8.057739726269712577e-01
1.683286817205833508e+00
2.583110158688093350e+00
3.149082733954715163e+00
3.684886581622342394e+00
3.918928411190808703e+00
3.998103506327967072e+00
3.947575546726093343e+00
3.808737559243349224e+00
3.627067870404295125e+00
3.455414055971514742e+00
3.369232169363213902e+00
3.707235669148380541e+00
4.107073313257542324e+00
4.784724638861532320e+00
5.795089417203197257e+00
7.126009537257958826e+00
8.912981544611083606e+00
1.066562329975826984e+01
1.255189362097284445e+01
1.434480061800953266e+01
1.598909895281142646e+01
1.739213907744122167e+01
1.842208031532287649e+01
1.905271264993260161e+01
1.936422757844978193e+01
1.933656393370740645e+01
1.900604885848411740e+01
1.837456414215511558e+01
1.752319395865537999e+01
1.653053215911259244e+01
1.538909810984112347e+01
1.395313270198408873e+01
1.255390425232867813e+01
1.110509080705451623e+01
9.681277959023084634e+00
8.236603495395092622e+00
6.629461463677043476e+00
5.209805495743644599e+00
3.787535975542557054e+00
2.430778465489444873e+00
1.020021824942409783e+00
0.000000000000000000e+00
0.000000000000000000e+00
0.000000000000000000e+00
0.000000000000000000e+00
0.000000000000000000e+00
0.000000000000000000e+00
0.000000000000000000e+00
0.000000000000000000e+00
0.000000000000000000e+00
0.000000000000000000e+00
0.000000000000000000e+00
0.000000000000000000e+00
0.000000000000000000e+00
0.000000000000000000e+00
0.000000000000000000e+00
0.000000000000000000e+00
0.000000000000000000e+00
0.000000000000000000e+00
0.000000000000000000e+00
0.000000000000000000e+00
0.000000000000000000e+00
0.000000000000000000e+00
0.000000000000000000e+00
0.000000000000000000e+00
0.000000000000000000e+00
0.000000000000000000e+00
0.000000000000000000e+00
0.000000000000000000e+00
0.000000000000000000e+00
0.000000000000000000e+00
0.000000000000000000e+00
0.000000000000000000e+00
0.000000000000000000e+00
0.000000000000000000e+00
0.000000000000000000e+00
0.000000000000000000e+00
0.000000000000000000e+00
0.000000000000000000e+00
0.000000000000000000e+00
0.000000000000000000e+00
0.000000000000000000e+00
0.000000000000000000e+00
0.000000000000000000e+00
0.000000000000000000e+00
0.000000000000000000e+00
0.000000000000000000e+00
0.000000000000000000e+00
1.361079859846048845e-01
1.353556464783787883e+00
2.633446133252613564e+00
3.954280711865901576e+00
5.412699986884946135e+00
7.003055922073123440e+00
8.730300287801783909e+00
1.074708837635196090e+01
1.299215379864934405e+01
1.554225317841483722e+01
1.845832508310094155e+01
2.137158530419495861e+01
2.426690304999354098e+01
2.731676854604897997e+01
3.018059662868768100e+01
3.328942794393783089e+01
3.619958141466702983e+01
3.878820706000168173e+01
4.103897604849978364e+01
4.295949349492553893e+01
4.447524044948328026e+01
4.621806939654779711e+01
4.723627708167689576e+01
4.753420667945621148e+01
4.739490588549497829e+01
4.686222670496322706e+01
4.601699045702432045e+01
4.467499442747035232e+01
4.308375744940136087e+01
4.121854226561271162e+01
3.900518141011249185e+01
3.678128520404826673e+01
3.443591508334184681e+01
3.195866864870138357e+01
2.945117599487645066e+01
2.682604677595728049e+01
2.419681552824166815e+01
2.161489532201634844e+01
1.919716405309326035e+01
1.686894141980091888e+01
1.468775353642029735e+01
1.227491063051056130e+01
1.000615241500089780e+01
8.007605854133377221e+00
6.405831429954258027e+00
4.988653135292040908e+00
3.294784057314690706e+00
2.287652271571564810e+00
1.384458104683906399e+00
4.744595917888986825e-01
0.000000000000000000e+00
0.000000000000000000e+00
0.000000000000000000e+00
0.000000000000000000e+00
0.000000000000000000e+00
0.000000000000000000e+00
0.000000000000000000e+00
0.000000000000000000e+00
0.000000000000000000e+00
0.000000000000000000e+00
0.000000000000000000e+00
0.000000000000000000e+00
0.000000000000000000e+00
0.000000000000000000e+00
0.000000000000000000e+00
0.000000000000000000e+00
0.000000000000000000e+00
0.000000000000000000e+00
0.000000000000000000e+00
0.000000000000000000e+00
0.000000000000000000e+00
0.000000000000000000e+00
0.000000000000000000e+00
7.444098817553167491e-01
1.555311959903788122e+00
2.493593687668914427e+00
3.270453006834314724e+00
4.041224616450620921e+00
4.677314139711888252e+00
5.124856805046862362e+00
5.467982375361720493e+00
5.571557940086965921e+00
5.522899006959909762e+00
5.553716505271027337e+00
5.350785650645292435e+00
4.990170094383327815e+00
4.608620296815454154e+00
4.150726712988979550e+00
3.804548746395891357e+00
3.618020493973530538e+00
3.699947719985720695e+00
4.045474805664537321e+00
4.766490698806902238e+00
5.776361986092106271e+00
7.110926680756607610e+00
8.649778873319766248e+00
1.033630397322233563e+01
1.205987671269840611e+01
1.372669300831944739e+01
1.525742977114056309e+01
1.653410352269948902e+01
1.748583694570085356e+01
1.813586919968716415e+01
1.828738990806157361e+01
1.812109145574376257e+01
1.775113707840478483e+01
1.702196333533783346e+01
1.639592070036668403e+01
1.539696953306095395e+01
1.427243836467107307e+01
1.306940894603381764e+01
1.183615048674951886e+01
1.064377200313078653e+01
9.535608353550578897e+00
8.289147048189663636e+00
7.252775376728081369e+00
6.097577303745001842e+00
4.868035116983455701e+00
3.692921536905456215e+00
2.628647431702739290e+00
1.647134885419926809e+00
6.460282778594650388e-01
0.000000000000000000e+00
0.000000000000000000e+00
0.000000000000000000e+00
0.000000000000000000e+00
0.000000000000000000e+00
0.000000000000000000e+00
0.000000000000000000e+00
0.000000000000000000e+00
0.000000000000000000e+00
0.000000000000000000e+00
0.000000000000000000e+00
0.000000000000000000e+00
0.000000000000000000e+00
0.000000000000000000e+00
0.000000000000000000e+00
0.000000000000000000e+00
0.000000000000000000e+00
0.000000000000000000e+00
0.000000000000000000e+00
0.000000000000000000e+00
0.000000000000000000e+00
0.000000000000000000e+00
0.000000000000000000e+00
0.000000000000000000e+00
0.000000000000000000e+00
0.000000000000000000e+00
0.000000000000000000e+00
0.000000000000000000e+00
0.000000000000000000e+00
0.000000000000000000e+00
0.000000000000000000e+00
0.000000000000000000e+00
0.000000000000000000e+00
0.000000000000000000e+00
0.000000000000000000e+00
0.000000000000000000e+00
0.000000000000000000e+00
0.000000000000000000e+00
0.000000000000000000e+00
0.000000000000000000e+00
5.140120705302037019e-01
1.303041287213148713e+00
2.075690568046429263e+00
2.946323563231490805e+00
3.918675515425394718e+00
4.962504640356176111e+00
6.068871915289381747e+00
7.317693091431507035e+00
8.734278246739943796e+00
1.027713704621875479e+01
1.206951667279992613e+01
1.412795233944629025e+01
1.648014565391117614e+01
1.904741664408767932e+01
2.180320297402085927e+01
2.484934807202064277e+01
2.836234789070557127e+01
3.165670885117009092e+01
3.478422864494636002e+01
3.799117754879706155e+01
4.068678598235025845e+01
4.304548503224100386e+01
4.492106720144631993e+01
4.634618515827872898e+01
4.767767886245748343e+01
4.813139368368537419e+01
4.788772047216912142e+01
4.722318685894359902e+01
4.600556157621224429e+01
4.440458249417913095e+01
4.249681782937875596e+01
4.031570532305577359e+01
3.797971576210175471e+01
3.547760167126451591e+01
3.296886313082728037e+01
3.044569636394379231e+01
2.788160683117855854e+01
2.524175637702775532e+01
2.274093123791917037e+01
2.019982095619534945e+01
1.780796034895067237e+01
1.549152588394203178e+01
1.330259496409345843e+01
1.119589448105760709e+01
8.629147657905305024e+00
6.480735113443660822e+00
4.605372711858721324e+00
2.823228347764500157e+00
1.248116325067358590e+00
0.000000000000000000e+00
0.000000000000000000e+00
0.000000000000000000e+00
0.000000000000000000e+00
0.000000000000000000e+00
0.000000000000000000e+00
0.000000000000000000e+00
0.000000000000000000e+00
0.000000000000000000e+00
0.000000000000000000e+00
0.000000000000000000e+00
0.000000000000000000e+00
0.000000000000000000e+00
0.000000000000000000e+00
0.000000000000000000e+00
0.000000000000000000e+00
0.000000000000000000e+00
0.000000000000000000e+00
0.000000000000000000e+00
0.000000000000000000e+00
0.000000000000000000e+00
0.000000000000000000e+00
0.000000000000000000e+00
0.000000000000000000e+00
0.000000000000000000e+00
0.000000000000000000e+00
0.000000000000000000e+00
0.000000000000000000e+00
0.000000000000000000e+00
7.493993546914007320e-01
1.622180189624295110e+00
1.944920386526959533e+00
2.137677058396147967e+00
2.142987373153952380e+00
2.037922623447194326e+00
1.900338729164407603e+00
1.823115924650350994e+00
1.875125120042802074e+00
2.239676251912395166e+00
2.864377958645053734e+00
3.849755746301353643e+00
5.327123354131173549e+00
7.069778093519762052e+00
9.092418956715683009e+00
1.133727982282503000e+01
1.368081173693037833e+01
1.580870193677564650e+01
1.776375126174440311e+01
1.928859423736426493e+01
2.025598079000826246e+01
2.066160209908931122e+01
2.086559638895673885e+01
2.063967727538533126e+01
2.001676807070158759e+01
1.911430966377430352e+01
1.797128851717956621e+01
1.663574454999814733e+01
1.520163841837081264e+01
1.362215485406825621e+01
1.200679428706688157e+01
1.046350114688496014e+01
8.934515896178867322e+00
7.376854012821400630e+00
5.962624920029543141e+00
4.539785233432908740e+00
2.952433743671932564e+00
1.613087181792394631e+00
1.133641535564464675e-01
0.000000000000000000e+00
0.000000000000000000e+00
0.000000000000000000e+00
0.000000000000000000e+00
0.000000000000000000e+00
0.000000000000000000e+00
0.000000000000000000e+00
0.000000000000000000e+00
0.000000000000000000e+00
0.000000000000000000e+00
0.000000000000000000e+00
0.000000000000000000e+00
0.000000000000000000e+00
0.000000000000000000e+00
0.000000000000000000e+00
0.000000000000000000e+00
0.000000000000000000e+00
0.000000000000000000e+00
0.000000000000000000e+00
0.000000000000000000e+00
0.000000000000000000e+00
0.000000000000000000e+00
0.000000000000000000e+00
0.000000000000000000e+00
0.000000000000000000e+00
0.000000000000000000e+00
0.000000000000000000e+00
0.000000000000000000e+00
0.000000000000000000e+00
0.000000000000000000e+00
0.000000000000000000e+00
0.000000000000000000e+00
0.000000000000000000e+00
0.000000000000000000e+00
0.000000000000000000e+00
0.000000000000000000e+00
0.000000000000000000e+00
0.000000000000000000e+00
0.000000000000000000e+00
0.000000000000000000e+00
0.000000000000000000e+00
0.000000000000000000e+00
0.000000000000000000e+00
0.000000000000000000e+00
0.000000000000000000e+00
9.636107899039298985e-01
1.968525997661938920e+00
2.999804435017232151e+00
4.036882790441583602e+00
5.112510348582958386e+00
6.315185110376377864e+00
7.574229156847818167e+00
9.068589224376523816e+00
1.067906096977412744e+01
1.245319192952782572e+01
1.445353352164659455e+01
1.668860701703796678e+01
1.926829917746962550e+01
2.193863832717291729e+01
2.470782956711711620e+01
2.751971610262690149e+01
3.029203644856492872e+01
3.296316250172281315e+01
3.574469653059662022e+01
3.824608269707461972e+01
4.057537783694516520e+01
4.248557825994158321e+01
4.397620525626056320e+01
4.515342801648446169e+01
4.599551922947639326e+01
4.625964402895966288e+01
4.606749620283983404e+01
4.549496421771480215e+01
4.448539881815386821e+01
4.317858659546878641e+01
4.165418996326431511e+01
3.990788817256267862e+01
3.783661159167333210e+01
3.571246914217138624e+01
3.351743829347207537e+01
3.129587844965594456e+01
2.903358197744625713e+01
2.677559583491997230e+01
2.448382910654853717e+01
2.229000695813067523e+01
2.007313239185931764e+01
1.797524722519780127e+01
1.595697519682433452e+01
1.404086412158710040e+01
1.206712956938662273e+01
1.032332772160319223e+01
8.700170896882417182e+00
7.166699078225971853e+00
5.868324131510530783e+00
4.681240711861636150e+00
3.494418653804368446e+00
2.381992720577168487e+00
1.461330404357551904e+00
6.705378271576432070e-01
0.000000000000000000e+00
0.000000000000000000e+00
0.000000000000000000e+00
0.000000000000000000e+00
0.000000000000000000e+00
0.000000000000000000e+00
0.000000000000000000e+00
0.000000000000000000e+00
0.000000000000000000e+00
0.000000000000000000e+00
0.000000000000000000e+00
0.000000000000000000e+00
0.000000000000000000e+00
0.000000000000000000e+00
0.000000000000000000e+00
0.000000000000000000e+00
0.000000000000000000e+00
0.000000000000000000e+00
0.000000000000000000e+00
0.000000000000000000e+00
0.000000000000000000e+00
0.000000000000000000e+00
0.000000000000000000e+00
5.400488553788918011e-02
4.976274646778353627e-01
1.039017688725326627e+00
1.358806723460313837e+00
1.526062778883585880e+00
1.668341864826989429e+00
1.720384004560330027e+00
1.708124387183378445e+00
1.554952773410259059e+00
1.232206781695951658e+00
9.556343218729681510e-01
6.847259134991118268e-01
5.642911133459506123e-01
6.851488611364054959e-01
1.213484705621163506e+00
2.024194738652545844e+00
3.277649210060327167e+00
5.028840127012269789e+00
7.176704352023944189e+00
9.556905000692120566e+00
1.214476223523301179e+01
1.475457655826862435e+01
1.714211454370601118e+01
1.932098113232243719e+01
2.109312804801449914e+01
2.235040592689947658e+01
2.306814605711491240e+01
2.315417068873788153e+01
2.283888717413268665e+01
2.216901734580224570e+01
2.108141110355019521e+01
1.972646851483804653e+01
1.819315785193607837e+01
1.658831143113932782e+01
1.489107714943217786e+01
1.312168396598798381e+01
1.153977601174901046e+01
9.827705030200002412e+00
8.206239325349628189e+00
6.670899332963738715e+00
5.275251236259014043e+00
3.895771649348974464e+00
2.573768521730269487e+00
1.251080804073503749e+00
0.000000000000000000e+00
0.000000000000000000e+00
0.000000000000000000e+00
0.000000000000000000e+00
0.000000000000000000e+00
0.000000000000000000e+00
0.000000000000000000e+00
0.000000000000000000e+00
0.000000000000000000e+00
0.000000000000000000e+00
0.000000000000000000e+00
0.000000000000000000e+00
0.000000000000000000e+00
0.000000000000000000e+00
0.000000000000000000e+00
0.000000000000000000e+00
0.000000000000000000e+00
0.000000000000000000e+00
0.000000000000000000e+00
0.000000000000000000e+00
0.000000000000000000e+00
0.000000000000000000e+00
0.000000000000000000e+00
0.000000000000000000e+00
0.000000000000000000e+00
0.000000000000000000e+00
0.000000000000000000e+00
0.000000000000000000e+00
0.000000000000000000e+00
0.000000000000000000e+00
0.000000000000000000e+00
0.000000000000000000e+00
0.000000000000000000e+00
0.000000000000000000e+00
0.000000000000000000e+00
0.000000000000000000e+00
0.000000000000000000e+00
0.000000000000000000e+00
0.000000000000000000e+00
0.000000000000000000e+00
0.000000000000000000e+00
0.000000000000000000e+00
0.000000000000000000e+00
0.000000000000000000e+00
0.000000000000000000e+00
0.000000000000000000e+00
0.000000000000000000e+00
0.000000000000000000e+00
6.648727465183338348e-01
1.956523881326700964e+00
3.434422972749256786e+00
5.102486445864576226e+00
6.959110626792600840e+00
9.035463029408832725e+00
1.124561522346280995e+01
1.378341559833560304e+01
1.663915601722251481e+01
1.974323169040554049e+01
2.278749371805246327e+01
2.594939650780814944e+01
2.906690783448984305e+01
3.210169979738329715e+01
3.491629585112783474e+01
3.747041046346581794e+01
3.983756480836786551e+01
4.185586279956094558e+01
4.340472657631710263e+01
4.481022872875695384e+01
4.553082354533039222e+01
4.580651223088411683e+01
4.575405336739470386e+01
4.527824501814753688e+01
4.447034550195623126e+01
4.336831244151670006e+01
4.199806536094354215e+01
4.056057771310361204e+01
3.888276054866844333e+01
3.707445852301296441e+01
3.512758583458240480e+01
3.311458346844669620e+01
3.102843818713157020e+01
2.897520737001774194e+01
2.683972853989067886e+01
2.464179917692731792e+01
2.239754988456189722e+01
2.017081202454973266e+01
1.800560087602844206e+01
1.569354375580838656e+01
1.365253845362861540e+01
1.177937091754287735e+01
9.941389784437955512e+00
8.253778560092403183e+00
6.748732743225215991e+00
5.385900699871643660e+00
4.120708133546288288e+00
2.834864181633486524e+00
1.789383774382176107e+00
8.066355955072497252e-01
0.000000000000000000e+00
0.000000000000000000e+00
0.000000000000000000e+00
0.000000000000000000e+00
0.000000000000000000e+00
0.000000000000000000e+00
0.000000000000000000e+00
0.000000000000000000e+00
0.000000000000000000e+00
0.000000000000000000e+00
0.000000000000000000e+00
0.000000000000000000e+00
0.000000000000000000e+00
0.000000000000000000e+00
0.000000000000000000e+00
0.000000000000000000e+00
0.000000000000000000e+00
0.000000000000000000e+00
0.000000000000000000e+00
0.000000000000000000e+00
0.000000000000000000e+00
0.000000000000000000e+00
0.000000000000000000e+00
0.000000000000000000e+00
0.000000000000000000e+00
0.000000000000000000e+00
0.000000000000000000e+00
0.000000000000000000e+00
0.000000000000000000e+00
0.000000000000000000e+00
0.000000000000000000e+00
0.000000000000000000e+00
0.000000000000000000e+00
0.000000000000000000e+00
4.450480890538131146e-02
1.064149407032447980e+00
2.129986173868349653e+00
3.397303963537298799e+00
5.059620241270534002e+00
6.946416835096248299e+00
9.036989818003821284e+00
1.132754636031750728e+01
1.358566543807259919e+01
1.550230573645492704e+01
1.722011054803004981e+01
1.854199118400320501e+01
1.950320547241772928e+01
2.009212395669728579e+01
2.033678621393143260e+01
2.032984244613050961e+01
2.006124100209023098e+01
1.955301329832697377e+01
1.884281264310646620e+01
1.800462546049018542e+01
1.691617850241019383e+01
1.567731704023513117e+01
1.422559176130670977e+01
1.300047082299230539e+01
1.164620659575518147e+01
1.035890181289817669e+01
9.080698717775430140e+00
7.564301329680043651e+00
5.956555150416354749e+00
4.645462457574986104e+00
3.180138805059367524e+00
1.895864998477713392e+00
7.547438540255434480e-01
0.000000000000000000e+00
0.000000000000000000e+00
0.000000000000000000e+00
0.000000000000000000e+00
0.000000000000000000e+00
0.000000000000000000e+00
0.000000000000000000e+00
0.000000000000000000e+00
0.000000000000000000e+00
0.000000000000000000e+00
0.000000000000000000e+00
0.000000000000000000e+00
0.000000000000000000e+00
0.000000000000000000e+00
0.000000000000000000e+00
0.000000000000000000e+00
0.000000000000000000e+00
0.000000000000000000e+00
0.000000000000000000e+00
0.000000000000000000e+00
0.000000000000000000e+00
0.000000000000000000e+00
0.000000000000000000e+00
0.000000000000000000e+00
0.000000000000000000e+00
0.000000000000000000e+00
0.000000000000000000e+00
0.000000000000000000e+00
0.000000000000000000e+00
0.000000000000000000e+00
0.000000000000000000e+00
0.000000000000000000e+00
0.000000000000000000e+00
0.000000000000000000e+00
0.000000000000000000e+00
0.000000000000000000e+00
0.000000000000000000e+00
0.000000000000000000e+00
0.000000000000000000e+00
0.000000000000000000e+00
0.000000000000000000e+00
0.000000000000000000e+00
0.000000000000000000e+00
0.000000000000000000e+00
0.000000000000000000e+00
0.000000000000000000e+00
0.000000000000000000e+00
0.000000000000000000e+00
0.000000000000000000e+00
0.000000000000000000e+00
0.000000000000000000e+00
1.181986586230111547e+00
3.188817811381865042e+00
5.369605532881237764e+00
8.061787779500532380e+00
1.118176581636496536e+01
1.447477705720853614e+01
1.789169591435867446e+01
2.138995363107429881e+01
2.503711849548897561e+01
2.851118305321812230e+01
3.183191137207957766e+01
3.488133777818287484e+01
3.747689259707900788e+01
3.973726064053444418e+01
4.158589958105686435e+01
4.298394934533826728e+01
4.383301454160778121e+01
4.414693870905474427e+01
4.403082953249305831e+01
4.366436656079372369e+01
4.280516861364476711e+01
4.168669886688127235e+01
4.025183674187840666e+01
3.861040490558272609e+01
3.675029091887413557e+01
3.479190072972563996e+01
3.287036057105432718e+01
3.105932509174152756e+01
2.873481948801421737e+01
2.638485472799000320e+01
2.400238022863121756e+01
2.155582508921682106e+01
1.912591309650022353e+01
1.669973349094010118e+01
1.431420186524811733e+01
1.202831639915123496e+01
9.869273016249449526e+00
7.873682274734983721e+00
6.045741051994705906e+00
4.251142626767776989e+00
2.731384134480780101e+00
1.324705664312585185e+00
1.370323289005874468e-01
0.000000000000000000e+00
0.000000000000000000e+00
0.000000000000000000e+00
0.000000000000000000e+00
0.000000000000000000e+00
0.000000000000000000e+00
0.000000000000000000e+00
0.000000000000000000e+00
0.000000000000000000e+00
0.000000000000000000e+00
0.000000000000000000e+00
0.000000000000000000e+00
0.000000000000000000e+00
0.000000000000000000e+00
0.000000000000000000e+00
0.000000000000000000e+00
0.000000000000000000e+00
0.000000000000000000e+00
0.000000000000000000e+00
0.000000000000000000e+00
0.000000000000000000e+00
0.000000000000000000e+00
3.261339722723786139e-01
1.015033016514565789e+00
1.619074339737866852e+00
2.140071079052964453e+00
2.288863202140409836e+00
2.235353550847946291e+00
2.119040755738148540e+00
1.999498604332627272e+00
2.030959621067864873e+00
2.294808061384304487e+00
2.715738610303076950e+00
3.290115046180437375e+00
4.225111023390632603e+00
5.557131483419887275e+00
7.161764357641141387e+00
9.002643309106835190e+00
1.091083562382240757e+01
1.286490466081248307e+01
1.446505588003913090e+01
1.582271694283161168e+01
1.687807666358911973e+01
1.760842392021537606e+01
1.794873232952918585e+01
1.790624096800450715e+01
1.744059976160367498e+01
1.684463045586779728e+01
1.600968140180821919e+01
1.494645423825431862e+01
1.365440007645786480e+01
1.220758280853848277e+01
1.069948837573878819e+01
9.229756802588701348e+00
7.630947969164939337e+00
6.025688093755039887e+00
4.351532239434588334e+00
2.628363214348389931e+00
9.307015827515766615e-01
0.000000000000000000e+00
0.000000000000000000e+00
0.000000000000000000e+00
0.000000000000000000e+00
0.000000000000000000e+00
0.000000000000000000e+00
0.000000000000000000e+00
0.000000000000000000e+00
0.000000000000000000e+00
0.000000000000000000e+00
0.000000000000000000e+00
0.000000000000000000e+00
0.000000000000000000e+00
0.000000000000000000e+00
0.000000000000000000e+00
0.000000000000000000e+00
0.000000000000000000e+00
0.000000000000000000e+00
0.000000000000000000e+00
0.000000000000000000e+00
0.000000000000000000e+00
0.000000000000000000e+00
0.000000000000000000e+00
0.000000000000000000e+00
0.000000000000000000e+00
0.000000000000000000e+00
0.000000000000000000e+00
0.000000000000000000e+00
0.000000000000000000e+00
0.000000000000000000e+00
0.000000000000000000e+00
0.000000000000000000e+00
0.000000000000000000e+00
0.000000000000000000e+00
0.000000000000000000e+00
0.000000000000000000e+00
0.000000000000000000e+00
0.000000000000000000e+00
0.000000000000000000e+00
0.000000000000000000e+00
0.000000000000000000e+00
0.000000000000000000e+00
0.000000000000000000e+00
0.000000000000000000e+00
0.000000000000000000e+00
0.000000000000000000e+00
0.000000000000000000e+00
0.000000000000000000e+00
1.364933475820798936e+00
3.455002444681908091e+00
5.619294618763412075e+00
7.877231689469231135e+00
1.014114480739760893e+01
1.267899289865878387e+01
1.529988304173730107e+01
1.807314492331476430e+01
2.092396186517409262e+01
2.360574947633688225e+01
2.683870578348505731e+01
3.004652766350283244e+01
3.320691346671623734e+01
3.621578720766764548e+01
3.910072438436543507e+01
4.186772711558141680e+01
4.437165591112396612e+01
4.664806348197156183e+01
4.850537624148486771e+01
4.993327254618375122e+01
5.096489815584626371e+01
5.152516216223708767e+01
5.182473603073128032e+01
5.140874744388370488e+01
5.054664351263287614e+01
4.933802548956826683e+01
4.778746533584724432e+01
4.599226252637146928e+01
4.390860068020294449e+01
4.180352856365536240e+01
3.932392318107885387e+01
3.692156264927272957e+01
3.417484635839959850e+01
3.139301987446515341e+01
2.863292855178123375e+01
2.581646691848018804e+01
2.298930442285775655e+01
2.009956224133576086e+01
1.735135145142174551e+01
1.473212224866670184e+01
1.220678908235975157e+01
9.837325668174850435e+00
7.490290463526282139e+00
5.441143533535083066e+00
3.731055212320622427e+00
2.210696617646573880e+00
9.103774580925840798e-01
0.000000000000000000e+00
0.000000000000000000e+00
0.000000000000000000e+00
0.000000000000000000e+00
0.000000000000000000e+00
0.000000000000000000e+00
0.000000000000000000e+00
0.000000000000000000e+00
0.000000000000000000e+00
0.000000000000000000e+00
0.000000000000000000e+00
0.000000000000000000e+00
0.000000000000000000e+00
0.000000000000000000e+00
0.000000000000000000e+00
0.000000000000000000e+00
0.000000000000000000e+00
0.000000000000000000e+00
0.000000000000000000e+00
0.000000000000000000e+00
0.000000000000000000e+00
0.000000000000000000e+00
0.000000000000000000e+00
0.000000000000000000e+00
4.498192479033999991e-01
1.457019224603332663e+00
2.167344947933430799e+00
2.820010673872097584e+00
3.393076003198899571e+00
3.710735878817776445e+00
3.950592061389168297e+00
3.939387768693871195e+00
3.730978059633028643e+00
3.341847488895590246e+00
2.851247651426866536e+00
2.291504809819046695e+00
1.725259138266185266e+00
1.269512950152951181e+00
9.600894993192334859e-01
1.278851251813096557e+00
1.663669809022607637e+00
2.350877919363084878e+00
3.459496675258128207e+00
4.983902334588997896e+00
6.921832760132168971e+00
8.997960740215726005e+00
1.136079119182190311e+01
1.378384772953785742e+01
1.611136638935064269e+01
1.809006288224814440e+01
1.963690512626061491e+01
2.074498870806737827e+01
2.142613305096539023e+01
2.158391557183274756e+01
2.128665756207557180e+01
2.059591109934444120e+01
1.960160681577177400e+01
1.835759231744035702e+01
1.691138340751903257e+01
1.531912607823307759e+01
1.337760222981459357e+01
1.173629025004498239e+01
1.009937594895359680e+01
8.537841051952868909e+00
6.914922091353384204e+00
5.417335639773679823e+00
4.013111067640986462e+00
2.538504299312188017e+00
9.874270347090677857e-01
0.000000000000000000e+00
0.000000000000000000e+00
0.000000000000000000e+00
0.000000000000000000e+00
0.000000000000000000e+00
0.000000000000000000e+00
0.000000000000000000e+00
0.000000000000000000e+00
0.000000000000000000e+00
0.000000000000000000e+00
0.000000000000000000e+00
0.000000000000000000e+00
0.000000000000000000e+00
0.000000000000000000e+00
0.000000000000000000e+00
0.000000000000000000e+00
0.000000000000000000e+00
0.000000000000000000e+00
0.000000000000000000e+00
0.000000000000000000e+00
0.000000000000000000e+00
0.000000000000000000e+00
0.000000000000000000e+00
0.000000000000000000e+00
0.000000000000000000e+00
0.000000000000000000e+00
0.000000000000000000e+00
0.000000000000000000e+00
0.000000000000000000e+00
0.000000000000000000e+00
0.000000000000000000e+00
0.000000000000000000e+00
0.000000000000000000e+00
0.000000000000000000e+00
0.000000000000000000e+00
0.000000000000000000e+00
0.000000000000000000e+00
0.000000000000000000e+00
0.000000000000000000e+00
0.000000000000000000e+00
0.000000000000000000e+00
0.000000000000000000e+00
0.000000000000000000e+00
0.000000000000000000e+00
2.642102883820456327e-01
1.369255224028568030e+00
2.326189401102968901e+00
3.382048304327914146e+00
4.566942335158908683e+00
5.826388943991658742e+00
7.135734650210830310e+00
8.612374696596663881e+00
1.019067794136609884e+01
1.202496516698352913e+01
1.392014778157095378e+01
1.585100369058569214e+01
1.842777901676599228e+01
2.141238259118401288e+01
2.459875178787342520e+01
2.765663520615374438e+01
3.102552982283865646e+01
3.443788001099201068e+01
3.769045743952315064e+01
4.106880586606910555e+01
4.391010250664970727e+01
4.652195359066210045e+01
4.856049433513334179e+01
5.007301306481107162e+01
5.114020530462183700e+01
5.164540050946775551e+01
5.163642795634131488e+01
5.115298624875373434e+01
5.034240513209491752e+01
4.903332165326537506e+01
4.737326204459193946e+01
4.540327349813026103e+01
4.320856265959560005e+01
4.089422819310271251e+01
3.830821041863998744e+01
3.576586234695673028e+01
3.311622156636713754e+01
3.036968740973421887e+01
2.752623517974262413e+01
2.446054360003438788e+01
2.172726193844715326e+01
1.879644200223236794e+01
1.621649117096598758e+01
1.383413234755131604e+01
1.143776303317031307e+01
9.197719523404868980e+00
7.117190999742155633e+00
5.158347240913933263e+00
3.260894892633832143e+00
1.446962963888794640e+00
0.000000000000000000e+00
0.000000000000000000e+00
0.000000000000000000e+00
0.000000000000000000e+00
0.000000000000000000e+00
0.000000000000000000e+00
0.000000000000000000e+00
0.000000000000000000e+00
0.000000000000000000e+00
0.000000000000000000e+00
0.000000000000000000e+00
0.000000000000000000e+00
0.000000000000000000e+00
0.000000000000000000e+00
0.000000000000000000e+00
0.000000000000000000e+00
0.000000000000000000e+00
0.000000000000000000e+00
0.000000000000000000e+00
0.000000000000000000e+00
0.000000000000000000e+00
0.000000000000000000e+00
9.098496714746144853e-01
2.192974293491461335e+00
3.344650812521248184e+00
4.205811063751044188e+00
4.763303242294885997e+00
5.075253635068327718e+00
5.101356247630699947e+00
5.017739017893305231e+00
5.260167527184518299e+00
4.973781589625450472e+00
4.591710225981768367e+00
4.328629097837522366e+00
4.313855621110294969e+00
4.630311667912390128e+00
5.341381361352891766e+00
6.486884768497104936e+00
8.350817211332046242e+00
1.029231946936559794e+01
1.243228165053148793e+01
1.465437040163446092e+01
1.693396268917760850e+01
1.900050141773728285e+01
2.087637324076163026e+01
2.213454629966458853e+01
2.286649707105951279e+01
2.310155566244200998e+01
2.289642335613145008e+01
2.225475771584552476e+01
2.098961438313592254e+01
1.965604891119569686e+01
1.829272340420234855e+01
1.682881057400500779e+01
1.530301844858619376e+01
1.375377942640269424e+01
1.217335803075119571e+01
1.059090873787709874e+01
8.780790818447314905e+00
7.283293518011025647e+00
5.807358381656927193e+00
4.340501796773034826e+00
2.836332727511275298e+00
1.459762444774858725e+00
0.000000000000000000e+00
0.000000000000000000e+00
0.000000000000000000e+00
0.000000000000000000e+00
0.000000000000000000e+00
0.000000000000000000e+00
0.000000000000000000e+00
0.000000000000000000e+00
0.000000000000000000e+00
0.000000000000000000e+00
0.000000000000000000e+00
0.000000000000000000e+00
0.000000000000000000e+00
0.000000000000000000e+00
0.000000000000000000e+00
0.000000000000000000e+00
0.000000000000000000e+00
0.000000000000000000e+00
0.000000000000000000e+00
0.000000000000000000e+00
0.000000000000000000e+00
0.000000000000000000e+00
0.000000000000000000e+00
0.000000000000000000e+00
0.000000000000000000e+00
0.000000000000000000e+00
0.000000000000000000e+00
0.000000000000000000e+00
0.000000000000000000e+00
0.000000000000000000e+00
0.000000000000000000e+00
0.000000000000000000e+00
0.000000000000000000e+00
0.000000000000000000e+00
0.000000000000000000e+00
0.000000000000000000e+00
0.000000000000000000e+00
0.000000000000000000e+00
0.000000000000000000e+00
0.000000000000000000e+00
0.000000000000000000e+00
0.000000000000000000e+00
0.000000000000000000e+00
0.000000000000000000e+00
0.000000000000000000e+00
0.000000000000000000e+00
0.000000000000000000e+00
0.000000000000000000e+00
0.000000000000000000e+00
1.351541875134930903e-01
1.360059733883396405e+00
2.701021550792424897e+00
4.177188731958622725e+00
5.863304711779921519e+00
7.532883066750482470e+00
9.544810885834024816e+00
1.182457942256848504e+01
1.430438273961650708e+01
1.699316021848424541e+01
1.999498190057540725e+01
2.312579284375807731e+01
2.616479970149461565e+01
2.924682777653992005e+01
3.227280142699528653e+01
3.513749608435503546e+01
3.773392349909300236e+01
4.002388948505570454e+01
4.187209771675364323e+01
4.334593483866327546e+01
4.431213597298999218e+01
4.483585476860394436e+01
4.492815457125814760e+01
4.465885404376291490e+01
4.394910362319848218e+01
4.289356491676372229e+01
4.157753997984085714e+01
4.012314101687536549e+01
3.844091518683197961e+01
3.652404710007746047e+01
3.459494419205187654e+01
3.261144053258953335e+01
3.052851681764175495e+01
2.841527153362604352e+01
2.628554395839270441e+01
2.408059839576815264e+01
2.190799777955857053e+01
1.972101862910641046e+01
1.759535608177116117e+01
1.553103545625651272e+01
1.354559261688269522e+01
1.165161180816409114e+01
9.852064370324116638e+00
8.162161062740905138e+00
6.608297617375093580e+00
5.199644896853834908e+00
3.887916394856913982e+00
2.571376199325878353e+00
1.437584701794186959e+00
4.893339023819560651e-01
0.000000000000000000e+00
0.000000000000000000e+00
0.000000000000000000e+00
0.000000000000000000e+00
0.000000000000000000e+00
0.000000000000000000e+00
0.000000000000000000e+00
0.000000000000000000e+00
0.000000000000000000e+00
0.000000000000000000e+00
0.000000000000000000e+00
0.000000000000000000e+00
0.000000000000000000e+00
0.000000000000000000e+00
0.000000000000000000e+00
0.000000000000000000e+00
0.000000000000000000e+00
0.000000000000000000e+00
0.000000000000000000e+00
0.000000000000000000e+00
0.000000000000000000e+00
8.539009038877716229e-01
2.060811355032978298e+00
2.941663892975904027e+00
3.744436908629770855e+00
4.422850811169264595e+00
4.958897412865865384e+00
5.309142231085474783e+00
5.468251366974900662e+00
5.428312471813124596e+00
5.358263194794787410e+00
5.394134496820278457e+00
5.068507127783629329e+00
4.956888564212082571e+00
4.966826910237827519e+00
5.113635667532658857e+00
5.583834867852602635e+00
6.381843991670109517e+00
7.519205216464616370e+00
9.060351134272345064e+00
1.090097098188481972e+01
1.275383593019097717e+01
1.468985237596780991e+01
1.663794656256369464e+01
1.845611188679540859e+01
2.000762557909498085e+01
2.104750745376571786e+01
2.172163399360390201e+01
2.198287315054565028e+01
2.188721149844338498e+01
2.140908800292977787e+01
2.048315143737032784e+01
1.944755816763611378e+01
1.817172625305458311e+01
1.682109077038549216e+01
1.532924616609994395e+01
1.399095942047419072e+01
1.268826086407569953e+01
1.134440620352447837e+01
1.003655325399550158e+01
8.715358117568319685e+00
7.426298547635417968e+00
6.096642093206600777e+00
4.762802509759717751e+00
3.480477346675784567e+00
2.045397797071177859e+00
9.312065737103906171e-01
0.000000000000000000e+00
0.000000000000000000e+00
0.000000000000000000e+00
0.000000000000000000e+00
0.000000000000000000e+00
0.000000000000000000e+00
0.000000000000000000e+00
0.000000000000000000e+00
0.000000000000000000e+00
0.000000000000000000e+00
0.000000000000000000e+00
0.000000000000000000e+00
0.000000000000000000e+00
0.000000000000000000e+00
0.000000000000000000e+00
0.000000000000000000e+00
0.000000000000000000e+00
0.000000000000000000e+00
0.000000000000000000e+00
0.000000000000000000e+00
0.000000000000000000e+00
0.000000000000000000e+00
0.000000000000000000e+00
0.000000000000000000e+00
0.000000000000000000e+00
0.000000000000000000e+00
0.000000000000000000e+00
0.000000000000000000e+00
0.000000000000000000e+00
0.000000000000000000e+00
0.000000000000000000e+00
0.000000000000000000e+00
0.000000000000000000e+00
0.000000000000000000e+00
0.000000000000000000e+00
0.000000000000000000e+00
0.000000000000000000e+00
0.000000000000000000e+00
0.000000000000000000e+00
0.000000000000000000e+00
0.000000000000000000e+00
0.000000000000000000e+00
0.000000000000000000e+00
0.000000000000000000e+00
0.000000000000000000e+00
0.000000000000000000e+00
0.000000000000000000e+00
0.000000000000000000e+00
5.720728834624427828e-01
1.509300558032908190e+00
2.650193266619819354e+00
4.042733642988923570e+00
5.731865153101542099e+00
7.737183480857431128e+00
1.015784404945166841e+01
1.289101741059402073e+01
1.605055984412269154e+01
1.928041477383684565e+01
2.261660884097339874e+01
2.608988152443718889e+01
2.938745576314476082e+01
3.251596879460240785e+01
3.582734045658829558e+01
3.851725020151079093e+01
4.062057621304393962e+01
4.222024321154810167e+01
4.337014253546582410e+01
4.408767826412620394e+01
4.430541424062444378e+01
4.403989790174193786e+01
4.360373346530422367e+01
4.277335855909139894e+01
4.143259396264647876e+01
3.982551915944451082e+01
3.791627593334047930e+01
3.579432702666556310e+01
3.347549384600671374e+01
3.108613608843937826e+01
2.857005865353470497e+01
2.597697454624518798e+01
2.339726494662060574e+01
2.081108026602726468e+01
1.802752398531437095e+01
1.540657647725102208e+01
1.305628797682375364e+01
1.084727790647106715e+01
8.804995822265828664e+00
6.887025712513398013e+00
5.146964922623109118e+00
3.578265805657006027e+00
2.015327708694582221e+00
4.249181921278964436e-01
0.000000000000000000e+00
0.000000000000000000e+00
0.000000000000000000e+00
0.000000000000000000e+00
0.000000000000000000e+00
0.000000000000000000e+00
0.000000000000000000e+00
0.000000000000000000e+00
0.000000000000000000e+00
0.000000000000000000e+00
0.000000000000000000e+00
0.000000000000000000e+00
0.000000000000000000e+00
0.000000000000000000e+00
0.000000000000000000e+00
0.000000000000000000e+00
0.000000000000000000e+00
0.000000000000000000e+00
0.000000000000000000e+00
0.000000000000000000e+00
0.000000000000000000e+00
0.000000000000000000e+00
9.493536909695055037e-01
1.994653909725764285e+00
2.888164623021771682e+00
3.581881730598744706e+00
4.079178987961457281e+00
4.620151821798856417e+00
5.048668520573518670e+00
5.196243311094903561e+00
4.976676734554328796e+00
4.598173689241832562e+00
4.236442506522120510e+00
4.025179246197392757e+00
3.964784517789537333e+00
4.218242843003758402e+00
4.888573545181888136e+00
5.927526975909853668e+00
7.448764534142253702e+00
9.369374865345751147e+00
1.133098461615541730e+01
1.350815361470066023e+01
1.578540626328360297e+01
1.797757106237982683e+01
1.979375967041976025e+01
2.124226757350941597e+01
2.218902235085575114e+01
2.253415550573997450e+01
2.217937814911024574e+01
2.138623788183123509e+01
2.044548994507283624e+01
1.930891163189212989e+01
1.798727509997535989e+01
1.640987259186469416e+01
1.485013704382509481e+01
1.325327355006049856e+01
1.159766809167774682e+01
1.003526651917919921e+01
8.401190446210838658e+00
6.717580406455478936e+00
5.252524396649199012e+00
3.891944003455316992e+00
2.514050220393564850e+00
1.125089438380846962e+00
0.000000000000000000e+00
0.000000000000000000e+00
0.000000000000000000e+00
0.000000000000000000e+00
0.000000000000000000e+00
0.000000000000000000e+00
0.000000000000000000e+00
0.000000000000000000e+00
0.000000000000000000e+00
0.000000000000000000e+00
0.000000000000000000e+00
0.000000000000000000e+00
0.000000000000000000e+00
0.000000000000000000e+00
0.000000000000000000e+00
0.000000000000000000e+00
0.000000000000000000e+00
0.000000000000000000e+00
0.000000000000000000e+00
0.000000000000000000e+00
0.000000000000000000e+00
0.000000000000000000e+00
0.000000000000000000e+00
0.000000000000000000e+00
0.000000000000000000e+00
0.000000000000000000e+00
0.000000000000000000e+00
0.000000000000000000e+00
0.000000000000000000e+00
0.000000000000000000e+00
0.000000000000000000e+00
0.000000000000000000e+00
0.000000000000000000e+00
0.000000000000000000e+00
0.000000000000000000e+00
0.000000000000000000e+00
0.000000000000000000e+00
0.000000000000000000e+00
0.000000000000000000e+00
0.000000000000000000e+00
0.000000000000000000e+00
0.000000000000000000e+00
0.000000000000000000e+00
0.000000000000000000e+00
0.000000000000000000e+00
0.000000000000000000e+00
2.173796601795079109e-01
1.213907617013779472e+00
2.194864888904233258e+00
3.191730256051309667e+00
4.160314513314128604e+00
5.242136597447117907e+00
6.451625245023945077e+00
7.792064703087639543e+00
9.247603611675478064e+00
1.093775077261153506e+01
1.283371652734608404e+01
1.496264677800506071e+01
1.743718582733208322e+01
2.013828810193791696e+01
2.291733725253588361e+01
2.604102204289197431e+01
2.921607593281315829e+01
3.235287353014273037e+01
3.539620679453396690e+01
3.829794118227884070e+01
4.098653064379566047e+01
4.342062230082220253e+01
4.536900072173934717e+01
4.678789788504596459e+01
4.771334641630767948e+01
4.812343736630287339e+01
4.801622555132098569e+01
4.748003828163211892e+01
4.680058067246996956e+01
4.547102638451490719e+01
4.378480543925991242e+01
4.185586675211460772e+01
3.976207799336202697e+01
3.758605632039910915e+01
3.528061167317859059e+01
3.291406577197831496e+01
3.043486754678940542e+01
2.806063099543606043e+01
2.564331017938515345e+01
2.330333132775793814e+01
2.101779451918127961e+01
1.865440390993400044e+01
1.647543523036679503e+01
1.434322249017365358e+01
1.238233105681373303e+01
1.050220676616122262e+01
8.752328324282268923e+00
7.078410235885513657e+00
5.106231580416036309e+00
3.583767954435268521e+00
2.288124612814380399e+00
1.111217250837700510e+00
1.548217365423703099e-02
0.000000000000000000e+00
0.000000000000000000e+00
0.000000000000000000e+00
0.000000000000000000e+00
0.000000000000000000e+00
0.000000000000000000e+00
0.000000000000000000e+00
0.000000000000000000e+00
0.000000000000000000e+00
0.000000000000000000e+00
0.000000000000000000e+00
0.000000000000000000e+00
0.000000000000000000e+00
0.000000000000000000e+00
0.000000000000000000e+00
0.000000000000000000e+00
0.000000000000000000e+00
0.000000000000000000e+00
0.000000000000000000e+00
0.000000000000000000e+00
4.078823683388232979e-01
1.312073108503420293e+00
2.178576594481909101e+00
2.997622357045814034e+00
3.656848285907337903e+00
4.194302488010223762e+00
4.618589947185818723e+00
4.859286486772743885e+00
4.914576273397498696e+00
4.848498189476562636e+00
4.574809401907471873e+00
4.202114232209866351e+00
3.773555324678457890e+00
3.484970494170502420e+00
3.127257894929496906e+00
3.068177998899823677e+00
3.204014552930587456e+00
3.664955945959631922e+00
4.492479491863464958e+00
5.623969847206998551e+00
7.128174156504105241e+00
8.952157657746450781e+00
1.100498901436540322e+01
1.300615961154540656e+01
1.501543327006444706e+01
1.682828020422231319e+01
1.827009085793738308e+01
1.931845214897475671e+01
1.993319282835666684e+01
2.009706233526715025e+01
1.983801921874585972e+01
1.921720449383225571e+01
1.830214453691166554e+01
1.697296504445125009e+01
1.564736637842415234e+01
1.413251250462289832e+01
1.260597964841145746e+01
1.089534196258573928e+01
9.251361494978741717e+00
7.766667829891225949e+00
6.315850752172042171e+00
4.801867989199712028e+00
3.306299973898839895e+00
1.959601157595827203e+00
5.990263057481909348e-01
0.000000000000000000e+00
0.000000000000000000e+00
0.000000000000000000e+00
0.000000000000000000e+00
