   4.5604132951914792e+01
   3.8977616081446477e+01
   3.9535728817455094e+01
   4.0274416290676449e+01
   4.0731534378050192e+01
   4.1084175962402426e+01
   4.1307898179933879e+01
   4.1663126863046564e+01
   4.1961957597761710e+01
   4.1494436315860895e+01
   4.1175200096576248e+01
   4.1392530026720188e+01
   4.1907132552338823e+01
   4.2533750702314677e+01
   4.3005863919760102e+01
   4.3386096355102296e+01
   4.3722318253896141e+01
   4.4202633955479172e+01
   4.4703094103013484e+01
   4.5239654428616888e+01
   4.5761509391822734e+01
   4.5928815708098078e+01
   4.5700786623160852e+01
   4.4990502455048542e+01
   4.3864708538445790e+01
   4.2795799754805081e+01
   4.1660065008077503e+01
   4.1166473644301405e+01
   4.1427547223817221e+01
   4.1632755059318754e+01
   4.1975982664202682e+01
   4.1194887714029967e+01
   4.0249027725895068e+01
   3.9475909033504770e+01
   3.9071550034940401e+01
   3.9042777296608065e+01
   3.9128284562453345e+01
   3.9130389956667059e+01
   3.9352738537642352e+01
   3.9539043053055295e+01
   3.9797806083775527e+01
   3.9985218048853405e+01
   4.0202630079821397e+01
   4.0461653363477225e+01
   4.0942954121959637e+01
   4.1707840358029891e+01
   4.3077203118938812e+01
   4.4814010838317692e+01
   4.5846985436829797e+01
   4.6068634790682374e+01
   4.5958334977179703e+01
   4.5341296325594215e+01
   4.4287718595084350e+01
   4.2970538178876559e+01
   4.1934995866810155e+01
   4.1366371363719367e+01
   4.1520018592248483e+01
   4.2207778881727620e+01
   4.3345483356927275e+01
   4.4576028796408821e+01
   4.5693242759965337e+01
   4.6217655051865194e+01
   4.6191233353596552e+01
   4.5396744280940410e+01
   4.4077731275956090e+01
   4.2588242073600384e+01
   4.1178470832648877e+01
   4.0337714768689260e+01
   4.0167972257135176e+01
   4.0546047019740641e+01
   4.1420827175120948e+01
   4.2420088011469801e+01
   4.3105737256202801e+01
   4.3101681863233189e+01
   4.2648649560226580e+01
   4.1251320609510159e+01
   4.0114651135727442e+01
   3.9195162422310197e+01
   3.8707476241469884e+01
   3.8849474207658979e+01
   3.9613294537165402e+01
   4.0814885974819298e+01
   4.1974560289515608e+01
   4.2749524449621077e+01
   4.3084517946914026e+01
   4.2977462585718804e+01
   4.2662171557279748e+01
   4.2293346396781374e+01
   4.2029481187230935e+01
   4.0952447491047785e+01
   4.0366482449308144e+01
   4.0182553230789232e+01
   4.0337827634200984e+01
   4.0918682438449842e+01
   4.1797776771168458e+01
   4.2702311994317675e+01
   4.3561128283932959e+01
   4.4195312213379182e+01
   4.4525387223629842e+01
   4.4659114380409150e+01
   4.4653253049757588e+01
   4.4552379297729772e+01
   4.4516032878199795e+01
   4.4635544397471328e+01
   4.4770606498082834e+01
   4.4900287362483532e+01
   4.4870784590853425e+01
   4.4561650526941555e+01
   4.3930400473371364e+01
   4.2936207679696082e+01
   4.2023581173446665e+01
   4.1579805008896756e+01
   4.1677122961674335e+01
   4.2152872688586498e+01
   4.2650874363044423e+01
   4.3408129534582116e+01
   4.2664969954994220e+01
   4.1374427265107535e+01
   3.9659650537031794e+01
   3.8804166841205159e+01
   3.8616470219757140e+01
   3.8877705901355327e+01
   4.0047353162762910e+01
   4.1994423971948194e+01
   4.4695602546653163e+01
   4.7742266379133284e+01
   5.0023393788037005e+01
   5.1301278322651513e+01
   5.1042436191780290e+01
   4.9526652820842571e+01
   4.7170909694687460e+01
   4.4632473378534300e+01
   4.2357247419231939e+01
   4.0648358499249206e+01
   4.0341515833497674e+01
   4.0665916384470336e+01
   4.1947496473707027e+01
   4.3572119928089776e+01
   4.5221313792364342e+01
   4.6376624600747185e+01
   4.7003417248678801e+01
   4.6969047766290664e+01
   4.6402590605108600e+01
   4.5643103734987207e+01
   4.5077320021699727e+01
   4.4957790203771829e+01
   4.5345677365898318e+01
   4.6194061663936068e+01
   4.7291081302367218e+01
   4.8363990313795284e+01
   4.9001006207275211e+01
   4.9019126419346875e+01
   4.8274931718843831e+01
   4.7006401884117345e+01
   4.5431196196532532e+01
   4.4053975182512836e+01
   4.3118292202562436e+01
   4.2901945327579355e+01
   4.3233319096422512e+01
   4.3953866181147568e+01
   4.4734248874840496e+01
   4.4824748155126784e+01
   4.4442993856344977e+01
   4.3092599041760117e+01
   4.1363799657901033e+01
   4.0158015708737430e+01
   3.9807083757233393e+01
   4.0124448031878494e+01
   4.1044547269904456e+01
   4.1664965818222989e+01
   4.2109181290969033e+01
   4.2355454377493245e+01
   4.2178624450833588e+01
   4.1777916705745206e+01
   4.0952141409842248e+01
   4.0511224991080937e+01
   4.0813503198893400e+01
   4.1652189560399997e+01
   4.2802688420340111e+01
   4.5273719303473257e+01
   4.8421377755595273e+01
   5.1392094842293261e+01
   5.3452387591389055e+01
   5.4796662138154879e+01
   5.5245432036583701e+01
   5.5086866339249724e+01
   5.4746567201048542e+01
   5.4651251492573046e+01
   5.4945080387385836e+01
   5.5657274064715168e+01
   5.6680395136383098e+01
   5.7687591607603991e+01
   5.8380567976934586e+01
   5.8684840719485138e+01
   5.8458397488269611e+01
   5.7724389470088425e+01
   5.6578734164182357e+01
   5.5177278589619156e+01
   5.3574457032703229e+01
   5.1884529803275569e+01
   4.9936757704144938e+01
   4.7743392280370706e+01
   4.5579385707034874e+01
   4.4774507806401694e+01
   4.4006895261764413e+01
   4.1744163876359387e+01
   4.1200096323228451e+01
   4.3506489235315918e+01
   4.6649556489503645e+01
   4.9238457377939127e+01
   5.0621434413114088e+01
   5.0754870171253700e+01
   5.0194855770307299e+01
   4.8686404564117282e+01
   4.6480600528522480e+01
   4.4484738860556511e+01
   4.4020242758225528e+01
   4.4716442595233197e+01
   4.6235334500863459e+01
   4.7004573849240487e+01
   4.8143057065842200e+01
   4.7313509290834546e+01
   4.6276581042753797e+01
   4.6357370732935017e+01
   4.7562953886432553e+01
   4.7883710352578895e+01
   4.8114883148724907e+01
   4.8817569182568285e+01
   4.9454931658312177e+01
   4.9558152431096360e+01
   4.9350932976257248e+01
   4.9012195191656794e+01
   4.8328035144575253e+01
   4.7454000062660739e+01
   4.6646584696109130e+01
   4.6161053541122072e+01
   4.6312743550272934e+01
   4.7231217817121347e+01
   4.8804703364990480e+01
   5.0693991702553667e+01
   5.2350873258617689e+01
   5.3280796364898976e+01
   5.3149509024030976e+01
   5.1962264457953609e+01
   4.9882728539941169e+01
   4.7449830345584417e+01
   4.5141002364204539e+01
   4.3242470619835146e+01
   4.2036953371237665e+01
   4.1744370254896189e+01
   4.2204185549506086e+01
   4.2929708539357975e+01
   4.3617246739779809e+01
   4.4007953333428681e+01
   4.4170187695623177e+01
   4.2550177253567220e+01
   4.0970586307756669e+01
   4.0530802319676305e+01
   4.0348151209805202e+01
   3.9935519201695165e+01
   3.9556231036719474e+01
   3.9338091056810505e+01
   3.9410073881047090e+01
   3.9579913236061628e+01
   3.9726556999584510e+01
   3.9729832106907963e+01
   3.9685827027106257e+01
   3.9525107961819536e+01
   3.9242952757736525e+01
   3.8976054393447200e+01
   3.9006485975660105e+01
   3.9598132721321129e+01
   4.0869012897163095e+01
   4.2083090573834049e+01
   4.3807777027276849e+01
   4.5393099554094938e+01
   4.6885341378688906e+01
   4.7725410596695596e+01
   4.7833943324654534e+01
   4.7097277885505783e+01
   4.5693314106533634e+01
   4.4032252477614769e+01
   4.2557458533506264e+01
   4.1651588462363726e+01
   4.1366533342361741e+01
   4.1740444302049426e+01
   4.2611014318502576e+01
   4.3781811282702236e+01
   4.4961887727885262e+01
   4.6008594954638959e+01
   4.6675631839827162e+01
   4.6847831454563256e+01
   4.6412220425934080e+01
   4.5511106222876094e+01
   4.4359012456118961e+01
   4.3186197138789780e+01
   4.2232249397818691e+01
   4.1852259513628560e+01
   4.1994560710875440e+01
   4.2486423599664320e+01
   4.2861539963630449e+01
   4.3029304275763486e+01
   4.2872813699506274e+01
   4.1527174141177881e+01
   4.0523766609123896e+01
   4.0419719352023854e+01
   4.0100351428578513e+01
   3.9594009402632366e+01
   3.9000349126935795e+01
   3.8482505015112160e+01
   3.8206673519627557e+01
   3.8145325284298629e+01
   3.8215220832799737e+01
   3.8537929830796969e+01
   3.8991075446517968e+01
   3.9546128321788622e+01
   4.0171984342872214e+01
   4.0666522435896184e+01
   4.0836927724388147e+01
   4.0708079984718523e+01
   4.0475615437768312e+01
   4.0309548367326947e+01
   4.0423599072574468e+01
   4.0794405738312498e+01
   4.0786881529327474e+01
   4.0674127325700809e+01
   4.0715274112890725e+01
   4.0719934247587638e+01
   4.0664623396061913e+01
   4.0773567450259407e+01
   4.0643806441401566e+01
   4.0515826751980235e+01
   4.0487374915086967e+01
   4.0511520362620615e+01
   4.0698637180740640e+01
   4.1036319553706761e+01
   4.1465718661288896e+01
   4.2102037099748394e+01
   4.2915384890207889e+01
   4.3875792942310945e+01
   4.4982504121852237e+01
   4.6051791284808175e+01
   4.6940349999670403e+01
   4.7409489867879259e+01
   4.7757241468395918e+01
   4.7739257882623278e+01
   4.7310917061603178e+01
   4.6730422432080815e+01
   4.6037620933767869e+01
   4.5238181147442319e+01
   4.4377782885913774e+01
   4.3413673415285729e+01
   4.2519148608733325e+01
   4.1793022941673158e+01
   4.1407352646813216e+01
   4.1420252725529188e+01
   4.1524946341126821e+01
   4.1793202821305805e+01
   4.2341084188979295e+01
   4.2754274507025691e+01
   4.2886260377251652e+01
   4.2727825927661691e+01
   4.1780413807139894e+01
   4.0602216169279096e+01
   3.9748551114217982e+01
   3.9251605809649362e+01
   3.9038430124332045e+01
   3.9049600481044564e+01
   3.9313308723641590e+01
   3.9444266904649403e+01
   3.9561765282810839e+01
   3.9644951800018561e+01
   3.9611541348289705e+01
   3.9559292866516998e+01
   3.9516097080131317e+01
   3.9597392891006784e+01
   4.0094097929600629e+01
   4.0645207825908514e+01
   4.0742879712101946e+01
   4.1295676832353763e+01
   4.2069429542039487e+01
   4.3046877217348012e+01
   4.4126822622247417e+01
   4.5142542750307484e+01
   4.6338325048137548e+01
   4.7630730809208806e+01
   4.8782995479551424e+01
   4.9688362134769804e+01
   5.0107177927832325e+01
   5.0110549508343013e+01
   4.9664500331452260e+01
   4.8920918016684290e+01
   4.8103914920163575e+01
   4.7277577139800790e+01
   4.6565823919747835e+01
   4.6024188839535924e+01
   4.5646181142553161e+01
   4.5543555518608265e+01
   4.5700808819747010e+01
   4.6094810695552319e+01
   4.6636616695438946e+01
   4.7122773236721081e+01
   4.7341570774870632e+01
   4.7138574774626505e+01
   4.6239378119536482e+01
   4.4793061068986553e+01
   4.3224047000717015e+01
   4.1758371392209909e+01
   4.0650771705149346e+01
   4.0064953040400134e+01
   4.0144538021766046e+01
   4.0858155622592783e+01
   4.1837957426156770e+01
   4.2606306849262111e+01
   4.3007891316660327e+01
   4.3010222603183301e+01
   4.2948644866743884e+01
   4.2651738364402782e+01
   4.1723151148648569e+01
   4.0823752050759133e+01
   4.0256855308354844e+01
   3.9820258565408110e+01
   3.9380978891077206e+01
   3.8937112503446151e+01
   3.8558118322456721e+01
   3.8297250615403811e+01
   3.8258667828336073e+01
   3.8447210412566839e+01
   3.8849588603452673e+01
   3.9447911204236320e+01
   4.0083444634523914e+01
   4.0667640970011476e+01
   4.1191772270101211e+01
   4.1461493116151416e+01
   4.1621822627664315e+01
   4.1616747373637132e+01
   4.1674521337658724e+01
   4.1692539918590498e+01
   4.1225273079090080e+01
   4.0661463074646107e+01
   4.0400439300839160e+01
   4.0705282600012993e+01
   4.1275440225132755e+01
   4.1993985090957111e+01
   4.3105792185655567e+01
   4.4429790392892102e+01
   4.5623145563268892e+01
   4.6437570131248947e+01
   4.6886691306207730e+01
   4.6805134058352969e+01
   4.6204791243779013e+01
   4.5145454988767561e+01
   4.3780556054807761e+01
   4.2314966487299245e+01
   4.0990974914491055e+01
   3.9961083966415885e+01
   3.9369566221970992e+01
   3.9275730146997340e+01
   3.9634216984645001e+01
   4.0316622054218506e+01
   4.1193481125791529e+01
   4.2100497043222880e+01
   4.2844139673646183e+01
   4.3381425792952754e+01
   4.3626424426806828e+01
   4.3706211992133113e+01
   4.3713668679774443e+01
   4.3630983892680540e+01
   4.3470783917429131e+01
   4.3332460604543279e+01
   4.3448023343947469e+01
   4.3734082894581555e+01
   4.3913531042181305e+01
   4.3951445214123169e+01
   4.3790358540992223e+01
   4.3251055581523545e+01
   4.2277518711081292e+01
   4.1306988944388188e+01
   4.0587271334619771e+01
   4.0020856786029697e+01
   3.9404828259448180e+01
   3.8899116826874071e+01
   3.8657216504193840e+01
   3.8678756517412921e+01
   3.9068900722795341e+01
   3.9768702372928992e+01
   4.0584581386609955e+01
   4.1447083500383357e+01
   4.2057438350731609e+01
   4.2528146364331960e+01
   4.2718036662224279e+01
   4.2761979427526597e+01
   4.2833779720894768e+01
   4.2927343686867069e+01
   4.2666574036598384e+01
   4.1846160040688460e+01
   4.1350462695829982e+01
   4.0946877687438345e+01
   4.0614614167983554e+01
   4.0309600878225076e+01
   4.0049257497144296e+01
   3.9670034621212679e+01
   3.9412393291008279e+01
   3.9137544496889973e+01
   3.8965458479940949e+01
   3.8889529015984905e+01
   3.9028053386957644e+01
   3.9375497713831329e+01
   3.9980416896038761e+01
   4.0728938022655583e+01
   4.1586603063772699e+01
   4.2397772590886447e+01
   4.3058154816382654e+01
   4.3439589342581648e+01
   4.3452717104666164e+01
   4.3021315542508717e+01
   4.2257661370511151e+01
   4.1479963051008809e+01
   4.0749920851525225e+01
   4.0274408765091252e+01
   4.0130730536358250e+01
   4.0364315996075796e+01
   4.0612759660023791e+01
   4.0718052398572802e+01
   4.0524265679759935e+01
   4.0060346258147284e+01
   3.9692143942475717e+01
   3.9670113407029987e+01
   3.9880083879854098e+01
   4.0170390522071813e+01
   4.0397207668728562e+01
   4.0675665240406239e+01
   4.0918188882107067e+01
   4.0994382087654330e+01
   4.1200547160815560e+01
   4.1565609331475727e+01
   4.1993952043939466e+01
   4.1647815842986304e+01
   4.1389474349986621e+01
   4.1447545742852483e+01
   4.1734537719665532e+01
   4.2297900363746599e+01
   4.2881935058130992e+01
   4.3226481142836491e+01
   4.3220720072630350e+01
   4.2724551190834944e+01
   4.1867555843111674e+01
   4.0823793210463322e+01
   3.9850331892179767e+01
   3.9330066521660243e+01
   3.9460427592422576e+01
   4.0329824208449040e+01
   4.1753715883071614e+01
   4.3434212158049185e+01
   4.4974262955725784e+01
   4.6065931750997834e+01
   4.6355710244959909e+01
   4.5928936640920391e+01
   4.4986817773749202e+01
   4.3733956569821942e+01
   4.2512638246519693e+01
   4.1764242081474464e+01
   4.1632768615752923e+01
   4.2372988236721739e+01
   4.3081877941913170e+01
   4.3414801886393683e+01
   4.2842889418646500e+01
   4.1876781794436297e+01
   4.0673834016819924e+01
   3.9678103811515392e+01
   3.9068308851142802e+01
   3.8840064420670672e+01
   3.9010591544340691e+01
   3.9537710063255751e+01
   4.0297510192043298e+01
   4.0839173818536679e+01
   4.1200664514857891e+01
   4.1493384344134633e+01
   4.1744500514714638e+01
   4.1663704818858427e+01
   4.1832929355242882e+01
   4.2035811176416736e+01
   4.1594381155330005e+01
   4.1738220674794562e+01
   4.2209876705916052e+01
   4.2753077357278620e+01
   4.3495245986639532e+01
   4.4038833542316667e+01
   4.4429794784405388e+01
   4.4443253166635259e+01
   4.4231293970220968e+01
   4.3814426952391365e+01
   4.3344766708456255e+01
   4.3210682937825908e+01
   4.3482004267996849e+01
   4.4225654087073941e+01
   4.5120949505564852e+01
   4.5895990951939631e+01
   4.6408963284899897e+01
   4.6592763505155567e+01
   4.6668411169726483e+01
   4.6844258792613438e+01
   4.7157945661285325e+01
   4.7812296819549246e+01
   4.8464976593208178e+01
   4.8932103241575462e+01
   4.8972909295785470e+01
   4.8339993970919537e+01
   4.7293597338308757e+01
   4.6405728075961079e+01
   4.5707224500531574e+01
   4.4766781872565240e+01
   4.3749310077026415e+01
   4.3082362284257023e+01
   4.2473866246965322e+01
   4.0970083092304471e+01
   3.9742534066333945e+01
   3.9329389137483886e+01
   3.9554378302430258e+01
   4.0276784678129779e+01
   4.1464302273019271e+01
   4.2893073426050918e+01
   4.4140334711337857e+01
   4.4559491379766833e+01
   4.4334577262494058e+01
   4.3493645013884382e+01
   4.2554039325641973e+01
   4.2185281952263921e+01
   4.2465382820810703e+01
   4.2483209764313607e+01
   4.3324209010587275e+01
   4.4779444435469948e+01
   4.6412399673753640e+01
   4.7538577501356912e+01
   4.8485060421804249e+01
   4.8929961769469884e+01
   4.8771748193446641e+01
   4.8326623814334518e+01
   4.7788010258792966e+01
   4.7504202887699428e+01
   4.7779314054422102e+01
   4.8626839007711425e+01
   4.9953708845507222e+01
   5.1449646473872846e+01
   5.2703540682978741e+01
   5.3461065415159609e+01
   5.3315236736025952e+01
   5.2309678445258044e+01
   5.0532540804211528e+01
   4.8329954382917776e+01
   4.6205686926356712e+01
   4.4599887952438699e+01
   4.3868181235948278e+01
   4.3992640837018435e+01
   4.4112698188651528e+01
   4.3533294700849318e+01
   4.2631863129476578e+01
   4.1762584363048326e+01
   4.0923023169463733e+01
   4.0131928972562569e+01
   3.9308279659586631e+01
   3.8565527461111820e+01
   3.8164943893372190e+01
   3.8147341527964329e+01
   3.8540688435085393e+01
   3.9278352848933601e+01
   4.0129046840959312e+01
   4.0864405357944591e+01
   4.1542086061113984e+01
   4.1533700789573388e+01
   4.0914190236287517e+01
   4.0164374332511791e+01
   3.9669393960681546e+01
   3.9468937195679395e+01
   3.9127627245330793e+01
   3.9588990159261300e+01
   4.0980978790404059e+01
   4.3026268155934069e+01
   4.5441362182910268e+01
   4.7918408319865975e+01
   4.9805163220223122e+01
   5.0797328507399186e+01
   5.0616747098522055e+01
   4.9577912360778072e+01
   4.7720950382034367e+01
   4.5554808203244662e+01
   4.3552533653311386e+01
   4.2028230685367703e+01
   4.1082125143287122e+01
   4.0979656166456465e+01
   4.1579483430787839e+01
   4.2600284049009701e+01
   4.3894522467583258e+01
   4.5272698008940225e+01
   4.6585532712598102e+01
   4.7707577987053952e+01
   4.8614859867990191e+01
   4.9238561404912687e+01
   4.9678947221568201e+01
   4.9655511741679931e+01
   4.9128747408321999e+01
   4.8092465328686522e+01
   4.6517641440730458e+01
   4.4744899066534458e+01
   4.2945102339337907e+01
   4.1445714105304653e+01
   4.0513819268772558e+01
   4.0327600483135406e+01
   4.0939700546330165e+01
   4.2003328397468970e+01
   4.3214723187753506e+01
   4.4024426272756543e+01
   4.4042767568048795e+01
   4.4160579693289669e+01
   4.2929659755458239e+01
   4.1102552432155449e+01
   3.9673897519467786e+01
   3.9007635325328401e+01
   3.9144634909107822e+01
   4.0224060930881976e+01
   4.1964869544884117e+01
   4.3605832049187129e+01
   4.4880474979105486e+01
   4.5504286155843687e+01
   4.5380279839089425e+01
   4.4571139970939868e+01
   4.3381271842379313e+01
   4.2340280520899015e+01
   4.1028959467965208e+01
   4.0422913694998769e+01
   4.0940717043384005e+01
   4.2634392963826421e+01
   4.5133192455752152e+01
   4.7599477841445498e+01
   4.9348846238035904e+01
   5.0381706979319418e+01
   5.0471133789752180e+01
   4.9650386963044994e+01
   4.8199959173578719e+01
   4.6436337962917790e+01
   4.4760758267358341e+01
   4.3340322272935211e+01
   4.2269564632732745e+01
   4.1494381797537216e+01
   4.1088187603558019e+01
   4.1016088911845827e+01
   4.1362418112561542e+01
   4.2221408211942119e+01
   4.3630574871031435e+01
   4.5546980172285167e+01
   4.7826164091362351e+01
   5.0095533484742717e+01
   5.1837913400473937e+01
   5.2744913788786164e+01
   5.2613038241739972e+01
   5.1419488334739796e+01
   4.9508652818800705e+01
   4.7281027736973975e+01
   4.5222829570033603e+01
   4.3755732255134788e+01
   4.3018779674293249e+01
   4.2890468445891663e+01
   4.3349042738993383e+01
   4.4271144638460513e+01
   4.4849529224628903e+01
   4.4611590059308817e+01
   4.3576742080772974e+01
   4.2096691402977775e+01
   4.0721153427988313e+01
   4.0168146530172606e+01
   4.0330479144469550e+01
   4.0066735946789777e+01
   3.9636518694822549e+01
   3.9872218318598939e+01
   4.0009811651895873e+01
   4.0275274724818189e+01
   4.0596360017647982e+01
   4.0828024692479957e+01
   4.0870663448898355e+01
   4.0717822205039404e+01
   4.0697321130507845e+01
   4.0911476619357458e+01
   4.1527458111903051e+01
   4.2394178087435463e+01
   4.2956303765629897e+01
   4.3828520826883995e+01
   4.4763200803618190e+01
   4.5429530509269682e+01
   4.5887409835438945e+01
   4.6084464577593621e+01
   4.6068118015092637e+01
   4.5840529268506131e+01
   4.5439543309641707e+01
   4.5068230120830862e+01
   4.4603798461385509e+01
   4.4220655207987946e+01
   4.3984772681738875e+01
   4.4012044610332723e+01
   4.4425821876170900e+01
   4.5191451081922722e+01
   4.6354313533265284e+01
   4.7691634747421013e+01
   4.8935571552597558e+01
   4.9883797073477297e+01
   5.0353661449894894e+01
   5.0221028495379670e+01
   4.9561842979747318e+01
   4.8448352139692005e+01
   4.7050410482362132e+01
   4.5507439897910004e+01
   4.4052730910115230e+01
   4.2857374542068548e+01
   4.2191055769613712e+01
   4.2098152710996963e+01
   4.2527588734804560e+01
   4.3551649072762736e+01
   4.4620092201726266e+01
   4.5163829187875855e+01
   4.5157926755060700e+01
   4.4538911036066416e+01
   4.3204867702671386e+01
   4.1567320780910109e+01
   4.0813219145221936e+01
   4.0627515776123175e+01
   4.0379313647600675e+01
   4.0076180111679655e+01
   3.9990211079707805e+01
   4.0156440259535813e+01
   4.0410991633190491e+01
   4.0776685921542565e+01
   4.1091734255990247e+01
   4.1250905242731051e+01
   4.1267234581169731e+01
   4.1060620729873463e+01
   4.0702018883163142e+01
   4.0545485425400095e+01
   4.0630904403528753e+01
   4.0558565286595481e+01
   4.0686923117554585e+01
   4.1474652217013542e+01
   4.2685371074976132e+01
   4.4092727890350645e+01
   4.5421429381515772e+01
   4.6497800044697627e+01
   4.7205067876280822e+01
   4.7416712487797881e+01
   4.7293030288896929e+01
   4.6983020726286540e+01
   4.6844505968319339e+01
   4.6768247340974796e+01
   4.6751367574424449e+01
   4.6772738399801696e+01
   4.6759393510366081e+01
   4.6626437282090734e+01
   4.6408512824200614e+01
   4.6168180475712433e+01
   4.6115465245138637e+01
   4.5999833179276330e+01
   4.6221321338945586e+01
   4.6171060624381639e+01
   4.6833818123439208e+01
   4.6466222706113214e+01
   4.7818037198570352e+01
