8.367170322906259727e+00
1.871587601881353180e+01
2.031563168952366638e+01
2.170630844026390349e+01
2.288661362825335743e+01
2.418326197586124593e+01
2.496715939282227126e+01
2.569200305305223253e+01
2.616015435700784764e+01
2.700788092712813793e+01
2.678429450301681314e+01
2.772713728329639693e+01
2.695661268888851225e+01
2.560537058590904991e+01
2.417133525515942694e+01
2.172336457219027750e+01
1.855626416693293024e+01
1.121188309519898851e+01
8.339751227263313638e+00
6.596931098714021502e+00
6.201949340261585064e+00
6.505681763107052262e+00
7.960589447620299630e+00
1.211909543419601221e+01
2.124745857927023707e+01
2.649228839571581062e+01
3.025805967599307778e+01
3.407688378855320366e+01
3.663691520972199811e+01
3.867751328785247011e+01
3.957878995260373500e+01
3.895198876732187898e+01
3.872774173281098342e+01
3.699567374651080343e+01
3.453929259145562725e+01
3.097372127000282660e+01
2.653919777334433405e+01
1.620488379638337761e+01
1.079448945698403861e+01
7.291595457555259507e+00
4.697560893870096344e+00
2.838966163819677035e+00
1.594007850031419871e+00
5.271794568699688099e-01
0.000000000000000000e+00
0.000000000000000000e+00
0.000000000000000000e+00
0.000000000000000000e+00
0.000000000000000000e+00
0.000000000000000000e+00
0.000000000000000000e+00
0.000000000000000000e+00
0.000000000000000000e+00
0.000000000000000000e+00
0.000000000000000000e+00
0.000000000000000000e+00
0.000000000000000000e+00
0.000000000000000000e+00
0.000000000000000000e+00
0.000000000000000000e+00
0.000000000000000000e+00
0.000000000000000000e+00
0.000000000000000000e+00
0.000000000000000000e+00
0.000000000000000000e+00
0.000000000000000000e+00
0.000000000000000000e+00
0.000000000000000000e+00
0.000000000000000000e+00
0.000000000000000000e+00
0.000000000000000000e+00
0.000000000000000000e+00
3.121334002200364388e-01
1.410221519456277939e+00
2.108203849330414492e+00
2.911733546377599513e+00
4.535094738098356615e+00
6.247741488360922801e+00
7.798624229299134569e+00
1.100508753847985943e+01
1.369891896974871059e+01
1.535094838382390670e+01
1.653722926310974373e+01
1.765091926981922299e+01
1.900735118664035284e+01
2.008006763713540010e+01
2.094773048404080384e+01
2.212959237379926236e+01
2.321090776111741505e+01
2.416626602117198175e+01
2.512047329449015365e+01
2.607990431279596777e+01
2.692869499400030264e+01
2.759449600793507784e+01
2.828661848767115927e+01
2.899002469856494457e+01
2.934050847473986678e+01
2.917780687205267753e+01
2.960816360680093240e+01
3.076200772336299849e+01
3.093011958148118623e+01
3.137609000094183642e+01
3.201922577799541614e+01
3.279186729933772426e+01
3.358861913983202641e+01
3.456889078688747929e+01
3.595063665940403297e+01
3.739604213079719841e+01
3.891484707394357656e+01
4.045768583410846020e+01
4.209842519592001508e+01
4.383478805917702914e+01
4.518268686457033567e+01
4.683885071612180440e+01
4.843938323903168452e+01
4.929997305959440723e+01
5.025526211220652328e+01
4.990106434915949762e+01
4.907379254456522233e+01
4.759984483362730856e+01
4.592180519774715464e+01
4.371290643819129684e+01
4.078874965517950102e+01
3.692395417785701994e+01
3.194261698882095146e+01
1.985234224988480278e+01
1.475847882721790150e+01
1.080219675701594007e+01
7.767329097202678945e+00
5.136180570151664071e+00
3.068907116997487527e+00
1.259355029224509259e+00
0.000000000000000000e+00
0.000000000000000000e+00
0.000000000000000000e+00
0.000000000000000000e+00
0.000000000000000000e+00
0.000000000000000000e+00
0.000000000000000000e+00
0.000000000000000000e+00
0.000000000000000000e+00
0.000000000000000000e+00
0.000000000000000000e+00
0.000000000000000000e+00
0.000000000000000000e+00
0.000000000000000000e+00
0.000000000000000000e+00
0.000000000000000000e+00
0.000000000000000000e+00
0.000000000000000000e+00
0.000000000000000000e+00
0.000000000000000000e+00
0.000000000000000000e+00
0.000000000000000000e+00
0.000000000000000000e+00
0.000000000000000000e+00
0.000000000000000000e+00
5.122190202291845296e-01
1.209875527379358662e+00
2.313278056574192831e+00
3.450550562176185387e+00
4.983504231291165709e+00
6.891017283219859735e+00
1.167292497653914474e+01
1.399039906423405277e+01
1.602598566407596081e+01
1.757428057566416513e+01
1.894316610651740618e+01
2.017239687682909022e+01
2.141377246720501049e+01
2.234504482275847437e+01
2.326931428181050876e+01
2.372087709727862048e+01
2.404047343115643542e+01
2.493970565673453166e+01
2.526466174787255525e+01
2.457570774329577290e+01
2.332434868913301429e+01
2.152236437124278012e+01
1.891229371417811578e+01
1.377939684295072809e+01
9.569836070385136395e+00
7.767866999272157180e+00
7.175734086249854649e+00
8.640738627940670824e+00
1.084289805062355327e+01
1.676005236176195723e+01
2.342735495619565711e+01
2.778279399712760167e+01
3.162554854671076754e+01
3.468574473657520940e+01
3.718342143362270491e+01
3.887759981069447690e+01
3.983725814245295993e+01
3.953595227415775071e+01
3.838913601803875508e+01
3.718690205404418236e+01
3.460034838926848266e+01
3.151350139795253824e+01
2.720291370062840741e+01
1.842005999607759748e+01
1.151813928708278212e+01
8.074464655212203468e+00
5.353924230371210236e+00
2.406351095295477194e+00
1.282159562147890952e-01
0.000000000000000000e+00
0.000000000000000000e+00
0.000000000000000000e+00
0.000000000000000000e+00
0.000000000000000000e+00
0.000000000000000000e+00
0.000000000000000000e+00
0.000000000000000000e+00
0.000000000000000000e+00
0.000000000000000000e+00
0.000000000000000000e+00
0.000000000000000000e+00
0.000000000000000000e+00
0.000000000000000000e+00
0.000000000000000000e+00
0.000000000000000000e+00
0.000000000000000000e+00
0.000000000000000000e+00
0.000000000000000000e+00
0.000000000000000000e+00
0.000000000000000000e+00
0.000000000000000000e+00
0.000000000000000000e+00
0.000000000000000000e+00
0.000000000000000000e+00
0.000000000000000000e+00
0.000000000000000000e+00
0.000000000000000000e+00
0.000000000000000000e+00
1.334569226382709140e-01
7.352439456206640855e-01
1.550142724806015782e+00
2.327694985122744420e+00
3.643975324843006902e+00
4.865276098086171785e+00
6.137804770054972714e+00
8.322770610895176446e+00
1.230388316188388131e+01
1.408608769287123863e+01
1.549923350308487535e+01
1.671345995330110412e+01
1.797989195469272161e+01
1.900282795443820660e+01
2.002146311629353903e+01
2.121125088349496579e+01
2.236244216082782899e+01
2.339432577811474800e+01
2.435181791634504123e+01
2.519011803011584050e+01
2.595468814171075422e+01
2.725102023497277770e+01
2.787585101726452308e+01
2.865329189474044114e+01
2.913382946138001017e+01
2.943161814652919617e+01
3.008822043233907095e+01
3.045939275139741298e+01
3.076269359303254092e+01
3.140364176579234368e+01
3.204133700193556678e+01
3.297364575891462835e+01
3.396846342978132327e+01
3.515530230532090172e+01
3.658139451020044675e+01
3.792251355412268055e+01
3.934730457249097668e+01
4.088584339185356242e+01
4.245416074439527421e+01
4.418427625534486225e+01
4.598539207007238616e+01
4.650673930808276424e+01
4.718974480767131041e+01
4.730057250332288277e+01
4.710132782496068415e+01
4.645725067962791144e+01
4.562858063995908253e+01
4.498589481340231089e+01
4.281982181698068501e+01
4.085591937775952687e+01
3.751574394116945399e+01
3.342775447726617699e+01
2.751431179299436280e+01
1.680675699007543855e+01
1.233823235779535921e+01
9.013876363225609367e+00
6.322956418987652150e+00
4.182609930517211971e+00
2.388457435512673754e+00
1.062737149606935105e+00
0.000000000000000000e+00
0.000000000000000000e+00
0.000000000000000000e+00
0.000000000000000000e+00
0.000000000000000000e+00
0.000000000000000000e+00
0.000000000000000000e+00
0.000000000000000000e+00
0.000000000000000000e+00
0.000000000000000000e+00
0.000000000000000000e+00
0.000000000000000000e+00
0.000000000000000000e+00
0.000000000000000000e+00
0.000000000000000000e+00
0.000000000000000000e+00
0.000000000000000000e+00
0.000000000000000000e+00
0.000000000000000000e+00
2.289146159794164248e-02
0.000000000000000000e+00
0.000000000000000000e+00
0.000000000000000000e+00
0.000000000000000000e+00
0.000000000000000000e+00
1.041338017533506299e-01
7.520752400262671333e-01
1.640013027158409464e+00
3.003913520586991126e+00
4.824566742552270249e+00
8.064917734152956541e+00
1.369966748393019351e+01
1.620286954751716735e+01
1.817530982472407786e+01
1.998183552007978037e+01
2.151336313369713693e+01
2.256957138760299841e+01
2.344593716266880534e+01
2.407175173681506664e+01
2.468386358202861075e+01
2.461532379477820598e+01
2.465486583023641742e+01
2.429478748093971774e+01
2.403731316260531514e+01
2.277645213979691263e+01
2.153947689143295108e+01
1.935780394190440745e+01
1.653456988226010083e+01
1.076927297442324871e+01
8.639586285813061650e+00
7.840298921223643802e+00
8.183110342686184424e+00
1.008034763818928603e+01
1.756721839709668842e+01
2.199586579215331739e+01
2.567123606156571824e+01
2.904780035085228107e+01
3.192582605567524112e+01
3.486711912089658227e+01
3.641229819216970043e+01
3.740116317347294483e+01
3.742703641515312540e+01
3.668148472442149455e+01
3.524021786719609395e+01
3.288128637859504266e+01
2.970909481667333196e+01
2.563536498919075868e+01
1.687332695405645211e+01
1.103197613685744827e+01
7.739482667977924280e+00
5.325300299977481444e+00
3.681760613384365222e+00
2.432946975906390641e+00
9.506127058853843792e-01
5.504543824976870781e-02
0.000000000000000000e+00
0.000000000000000000e+00
0.000000000000000000e+00
0.000000000000000000e+00
0.000000000000000000e+00
0.000000000000000000e+00
0.000000000000000000e+00
0.000000000000000000e+00
0.000000000000000000e+00
0.000000000000000000e+00
0.000000000000000000e+00
0.000000000000000000e+00
0.000000000000000000e+00
0.000000000000000000e+00
0.000000000000000000e+00
0.000000000000000000e+00
0.000000000000000000e+00
0.000000000000000000e+00
0.000000000000000000e+00
0.000000000000000000e+00
0.000000000000000000e+00
0.000000000000000000e+00
0.000000000000000000e+00
0.000000000000000000e+00
0.000000000000000000e+00
0.000000000000000000e+00
0.000000000000000000e+00
7.755493611034887103e-01
1.448235452463353390e+00
2.154896985502157580e+00
3.204448947964432026e+00
4.537145968235513749e+00
5.953860569566398198e+00
7.621919089291292693e+00
1.131089650254151735e+01
1.389994137795800810e+01
1.543316814013915028e+01
1.688133004963291484e+01
1.808842651651143285e+01
1.930623896536124562e+01
2.072904436741931988e+01
2.181506351839868785e+01
2.286464144600585868e+01
2.370683626657323728e+01
2.439594203324810806e+01
2.559028107803856500e+01
2.658017927240871714e+01
2.743091119618362583e+01
2.807076650781195681e+01
2.898472342944177882e+01
2.972199458136312344e+01
2.968891343376704128e+01
2.991648309282662410e+01
2.993441580874094754e+01
3.025582056697363953e+01
3.015977792898546639e+01
3.059872706063698544e+01
3.124077627817288771e+01
3.195949024153244267e+01
3.298094102768610725e+01
3.416187905204457564e+01
3.540573556993588511e+01
3.704369494284799202e+01
3.879531804424050989e+01
4.080389165864645662e+01
4.325061459043784851e+01
4.498620013112839899e+01
4.605751955080963000e+01
4.711266891756174147e+01
4.724987036787470629e+01
4.799031235878092616e+01
4.814211310617162098e+01
4.751811064578203059e+01
4.622969861268327207e+01
4.446593417748523791e+01
4.206378974525154035e+01
4.106295275421775415e+01
3.831364670792297034e+01
3.318838329328706038e+01
2.199094375934391365e+01
1.717352072527336659e+01
1.400125559590342128e+01
1.109738890967255642e+01
8.818485935987089519e+00
6.853726012666149003e+00
4.731164460255509852e+00
3.341840575532316393e+00
2.173133778568001162e+00
1.073841911281911976e+00
2.420031832196212207e-01
0.000000000000000000e+00
0.000000000000000000e+00
0.000000000000000000e+00
0.000000000000000000e+00
0.000000000000000000e+00
0.000000000000000000e+00
0.000000000000000000e+00
0.000000000000000000e+00
0.000000000000000000e+00
0.000000000000000000e+00
0.000000000000000000e+00
0.000000000000000000e+00
0.000000000000000000e+00
0.000000000000000000e+00
4.142714283558435184e-01
8.059630198858820371e-01
1.507880500717853067e-01
3.227959187162801058e-01
8.724817242519709026e-01
1.302870881845050510e+00
1.638754886611669015e+00
2.251661013113214871e+00
2.789982516976401428e+00
3.639837626118364255e+00
4.720054551245090657e+00
6.057324733590817800e+00
7.929797618384432312e+00
1.212263792282146113e+01
1.417933138495244805e+01
1.573419723269908133e+01
1.703936292007759690e+01
1.828763134637931032e+01
1.923544872843594788e+01
1.991362389184100934e+01
2.092161679882880065e+01
2.174955560114005237e+01
2.256336488704792487e+01
2.333205502775751938e+01
2.371138545719326629e+01
2.383882854505867144e+01
2.418990902579373525e+01
2.391155033854153444e+01
2.353435287890914296e+01
2.270616747536690738e+01
2.127607773173738437e+01
1.945930811344716815e+01
1.646311083860200597e+01
1.004485267115538072e+01
8.045818607797944111e+00
6.741333252482736960e+00
5.917061852577165659e+00
5.806689179284669322e+00
6.112967511290420042e+00
7.351068701017551277e+00
9.866988956027674007e+00
1.766506574227984672e+01
2.279650402686755228e+01
2.672230927524333310e+01
2.993902694471837478e+01
3.268096214192035376e+01
3.471712100901772402e+01
3.607230495619089083e+01
3.667543073104487661e+01
3.656520202719568857e+01
3.579655294042026981e+01
3.428010278674332767e+01
3.197411028485274898e+01
2.904684737949918016e+01
2.468904816022476822e+01
1.733297421741954025e+01
9.554405645540434477e+00
5.724416971245112506e+00
3.863757585951869800e+00
2.012538947446666171e+00
6.421360834257656691e-01
0.000000000000000000e+00
0.000000000000000000e+00
0.000000000000000000e+00
0.000000000000000000e+00
0.000000000000000000e+00
0.000000000000000000e+00
2.674240731610311173e-02
0.000000000000000000e+00
0.000000000000000000e+00
1.490757768580710518e-01
5.152271874217149161e-01
7.013493202878802180e-01
1.310950317521119679e+00
1.565969645377652597e+00
1.733662201018143278e+00
1.898318262909649334e+00
2.030626025463626583e+00
2.002404274132632445e+00
2.321137589090267461e+00
2.549007493366337584e+00
2.786085685268973933e+00
3.098187659220031698e+00
3.312699665662189652e+00
2.937598101811607521e+00
3.239162885204290632e+00
2.928724669318929941e+00
3.085512176634576775e+00
3.704700162268042885e+00
4.382582999879245378e+00
5.217783676213045396e+00
5.773716583484560516e+00
6.931810547743426199e+00
9.319059394296104415e+00
1.293419398829388278e+01
1.503828794223286280e+01
1.664705014444479048e+01
1.809966113355249817e+01
1.936925536872564280e+01
2.016324337455059634e+01
2.107225973626723814e+01
2.193226258473032786e+01
2.282070136258926141e+01
2.357717809455555980e+01
2.419764408291437618e+01
2.472436598668182128e+01
2.523621409390878512e+01
2.566777712528879718e+01
2.599787706231605711e+01
2.624872866577889141e+01
2.634347005001301056e+01
2.656925940245378825e+01
2.665840447408456271e+01
2.622719560931469474e+01
2.637684328821102042e+01
2.649786397454438003e+01
2.694582546842343618e+01
2.769774640520798314e+01
2.862929295541965047e+01
2.962865601080708799e+01
3.088153501028441994e+01
3.233303712585107093e+01
3.376875129548017185e+01
3.541979558456331034e+01
3.726561721266318017e+01
3.927050683287681920e+01
4.117340404258613518e+01
4.285739212195623793e+01
4.471982837634706698e+01
4.739845959006467524e+01
4.891191229359932890e+01
4.961625637032975078e+01
5.049162732642171392e+01
4.994482523271712893e+01
4.869910944415286735e+01
4.653326251687875015e+01
4.357696427311637422e+01
4.098175690504095314e+01
3.552522554262243659e+01
2.250365137791577652e+01
1.659083122076728500e+01
1.237864519381174588e+01
9.147010694804174946e+00
6.735589690936174989e+00
4.810118366748088903e+00
3.439888181903873132e+00
2.262190138672385942e+00
1.531898162605694225e+00
1.009481022191922150e+00
4.538671167146688390e-01
0.000000000000000000e+00
0.000000000000000000e+00
0.000000000000000000e+00
0.000000000000000000e+00
0.000000000000000000e+00
0.000000000000000000e+00
0.000000000000000000e+00
0.000000000000000000e+00
0.000000000000000000e+00
0.000000000000000000e+00
0.000000000000000000e+00
0.000000000000000000e+00
0.000000000000000000e+00
0.000000000000000000e+00
0.000000000000000000e+00
0.000000000000000000e+00
0.000000000000000000e+00
4.034493710432016655e-01
1.647867153551227482e+00
1.875744998723753554e+00
2.415397232466491406e+00
3.017669428659510711e+00
3.977785690628306892e+00
4.926900456139891915e+00
5.620211197077634502e+00
6.769111693679677799e+00
8.529002912179580065e+00
1.209738955106663560e+01
1.395682510158561129e+01
1.555416744335850154e+01
1.716631057442290498e+01
1.880168252548554264e+01
2.039927211877703073e+01
2.182788217449909851e+01
2.311742421378855994e+01
2.411579393888921885e+01
2.492555570655376584e+01
2.529810514034277702e+01
2.478088394542510287e+01
2.437012167904081394e+01
2.396744023446912308e+01
2.345247137814030935e+01
2.294023150412087730e+01
2.086230409180669909e+01
1.833733193773251102e+01
1.375534776963281303e+01
1.023738426076716479e+01
9.497088621536097008e+00
1.046377182401102957e+01
1.603785888544280880e+01
2.080432193476919878e+01
2.476865060708263044e+01
2.860682163429270020e+01
3.240255901591192611e+01
3.550324082910506007e+01
3.789008375048450006e+01
3.966398139045121951e+01
4.071433160607113422e+01
4.047302731329028092e+01
3.952821885262454060e+01
3.737310490759902137e+01
3.397203524660353935e+01
2.918798643738535503e+01
2.377695723597937416e+01
1.239812120637663995e+01
7.512708797403588434e+00
4.279991835700882596e+00
2.027563421272527755e+00
3.356502335343867216e-01
0.000000000000000000e+00
0.000000000000000000e+00
0.000000000000000000e+00
0.000000000000000000e+00
0.000000000000000000e+00
0.000000000000000000e+00
0.000000000000000000e+00
0.000000000000000000e+00
0.000000000000000000e+00
0.000000000000000000e+00
0.000000000000000000e+00
0.000000000000000000e+00
0.000000000000000000e+00
0.000000000000000000e+00
0.000000000000000000e+00
0.000000000000000000e+00
0.000000000000000000e+00
0.000000000000000000e+00
0.000000000000000000e+00
0.000000000000000000e+00
0.000000000000000000e+00
0.000000000000000000e+00
0.000000000000000000e+00
0.000000000000000000e+00
0.000000000000000000e+00
0.000000000000000000e+00
0.000000000000000000e+00
0.000000000000000000e+00
0.000000000000000000e+00
1.198974031593966316e+00
2.737516686721206405e+00
3.647867322422262859e+00
5.123832067884434238e+00
7.062381342184896660e+00
8.210141626860435693e+00
1.036996763459285553e+01
1.338950653028269677e+01
1.505594928885186690e+01
1.649121493249320025e+01
1.786351814564499207e+01
1.929439932039692707e+01
2.064944320741489037e+01
2.184274881930214462e+01
2.294194368080192703e+01
2.408195007135666188e+01
2.519578476844646531e+01
2.612086909912057564e+01
2.699970547252605257e+01
2.767532346343065086e+01
2.807443575677157455e+01
2.832271690271092623e+01
2.873831483833084377e+01
2.893902320078199608e+01
2.873090736058196626e+01
2.867302984324398807e+01
2.877381847347713517e+01
2.872692608869461139e+01
2.883253071218107166e+01
2.906920589005000366e+01
2.937432177830464397e+01
2.979771433431688266e+01
3.058968831414519229e+01
3.140088821820375387e+01
3.274278021038853836e+01
3.405757606833262940e+01
3.545445806173328407e+01
3.694522234094894486e+01
3.856592640805848760e+01
4.054463907590948679e+01
4.216475820646472528e+01
4.344654048311252836e+01
4.436062720002623649e+01
4.475522151654596570e+01
4.459966791150147714e+01
4.474606527804738931e+01
4.411613868415170714e+01
4.329848255241245170e+01
4.157676065836910340e+01
3.920644094833220805e+01
3.637677434936194487e+01
3.313103560470174358e+01
2.766531841844606987e+01
1.645621384862405989e+01
1.152812769127477033e+01
8.033705258712846131e+00
5.289558747840641395e+00
3.343488658540652914e+00
1.750776152497942384e+00
5.089337258899728766e-02
0.000000000000000000e+00
0.000000000000000000e+00
0.000000000000000000e+00
0.000000000000000000e+00
0.000000000000000000e+00
0.000000000000000000e+00
0.000000000000000000e+00
0.000000000000000000e+00
0.000000000000000000e+00
0.000000000000000000e+00
0.000000000000000000e+00
0.000000000000000000e+00
0.000000000000000000e+00
0.000000000000000000e+00
0.000000000000000000e+00
0.000000000000000000e+00
0.000000000000000000e+00
0.000000000000000000e+00
0.000000000000000000e+00
0.000000000000000000e+00
0.000000000000000000e+00
2.941580274007504769e-01
6.488801297142883229e-01
1.103707902301952704e+00
1.598932924314676374e+00
2.117690549343029360e+00
2.414708645442464885e+00
2.854261117719347318e+00
3.696694287268901924e+00
4.753330512882592451e+00
5.958258676496988926e+00
6.960729517984216130e+00
8.506466848750443788e+00
1.185114967714860157e+01
1.371433443737563529e+01
1.491566282540810384e+01
1.600861240537468433e+01
1.698224679674591542e+01
1.787811124735551260e+01
1.873060844956098592e+01
1.942288803539631559e+01
1.999452115080499226e+01
2.025952652396184561e+01
2.049899880055236068e+01
2.031762724223894523e+01
1.997898761241333077e+01
1.982546260246044056e+01
1.893608238989721571e+01
1.735779399069734197e+01
1.534108831708527632e+01
1.033893075869828770e+01
8.489060944374262618e+00
7.220931787034575500e+00
6.318321287683942522e+00
6.294245324170991474e+00
7.031965027686386982e+00
9.265834812468606074e+00
1.667830846852980642e+01
2.310457893846548671e+01
2.764550540590256489e+01
3.195984825658951678e+01
3.583554143875539921e+01
3.924952778437853596e+01
4.158984669072731322e+01
4.322327143875686062e+01
4.387479891838358270e+01
4.326993431705953697e+01
4.197586442858887068e+01
3.962097710276729856e+01
3.634699946316118258e+01
3.179870383630909814e+01
2.551186313706627828e+01
1.283106131355123480e+01
7.667935153607519538e+00
3.937835189973763583e+00
1.346737173355264439e+00
0.000000000000000000e+00
0.000000000000000000e+00
0.000000000000000000e+00
0.000000000000000000e+00
0.000000000000000000e+00
0.000000000000000000e+00
0.000000000000000000e+00
0.000000000000000000e+00
0.000000000000000000e+00
0.000000000000000000e+00
0.000000000000000000e+00
0.000000000000000000e+00
0.000000000000000000e+00
0.000000000000000000e+00
0.000000000000000000e+00
0.000000000000000000e+00
0.000000000000000000e+00
0.000000000000000000e+00
0.000000000000000000e+00
0.000000000000000000e+00
0.000000000000000000e+00
0.000000000000000000e+00
0.000000000000000000e+00
0.000000000000000000e+00
0.000000000000000000e+00
0.000000000000000000e+00
0.000000000000000000e+00
0.000000000000000000e+00
5.644753765571386417e-01
1.559610298129079808e+00
2.914716208895585581e+00
3.388817161151887802e+00
3.894871362818078886e+00
4.607307882853737269e+00
5.259944932254811079e+00
6.012431141335881080e+00
7.055147280286734102e+00
8.311340936243739819e+00
1.024246094925427286e+01
1.390006379315487450e+01
1.566116197915670583e+01
1.705691516100818461e+01
1.828936557192451673e+01
1.929745832386021931e+01
2.028485669592411256e+01
2.136677646660723440e+01
2.281614880867785189e+01
2.371723408355025953e+01
2.444586634259841418e+01
2.513750421241925892e+01
2.532704839011721987e+01
2.578825055969387492e+01
2.639816825261308608e+01
2.674938226713756606e+01
2.715748042580923283e+01
2.741426133778808705e+01
2.772920434403906498e+01
2.786211332695458154e+01
2.832007734899909934e+01
2.889251127415025167e+01
2.978922148590793029e+01
3.070193688245322861e+01
3.202773229214360384e+01
3.353686488298858137e+01
3.522071737854754048e+01
3.690246401751635830e+01
3.836117688545591164e+01
3.998857896081513275e+01
4.187802679522613403e+01
4.373246248597025243e+01
4.478405363043869158e+01
4.566220252699539373e+01
4.607328708753259150e+01
4.611349480116508914e+01
4.552177097471502520e+01
4.447887343607582977e+01
4.325576092473809098e+01
4.168274684652259054e+01
3.923249600196345455e+01
3.724290557839272964e+01
3.354161993432394695e+01
2.881204649736053014e+01
1.813076145762296676e+01
1.332612401038246119e+01
9.928990087701789591e+00
7.453359660878661863e+00
5.266955050130126992e+00
3.929184676834645451e+00
2.515721431391573226e+00
1.324460572818881410e+00
1.061209241053369112e-01
0.000000000000000000e+00
0.000000000000000000e+00
0.000000000000000000e+00
0.000000000000000000e+00
0.000000000000000000e+00
0.000000000000000000e+00
0.000000000000000000e+00
0.000000000000000000e+00
0.000000000000000000e+00
0.000000000000000000e+00
0.000000000000000000e+00
0.000000000000000000e+00
0.000000000000000000e+00
0.000000000000000000e+00
0.000000000000000000e+00
0.000000000000000000e+00
0.000000000000000000e+00
0.000000000000000000e+00
0.000000000000000000e+00
0.000000000000000000e+00
0.000000000000000000e+00
0.000000000000000000e+00
6.154690015953079296e-02
5.281979496786737283e-01
1.211790625018407841e+00
1.991575940616450602e+00
3.046812853246940733e+00
4.150866334348330966e+00
5.478199273211449061e+00
7.152615283199302176e+00
1.102312543885743601e+01
1.313038211929864119e+01
1.438435490062558131e+01
1.536653226143871009e+01
1.592097651325609498e+01
1.649211550433662765e+01
1.695682546768468058e+01
1.743674650758414657e+01
1.759505552269946449e+01
1.764935317073982191e+01
1.761191999229632899e+01
1.756754188454392107e+01
1.752992730109895447e+01
1.703023250798568000e+01
1.630602590009019792e+01
1.487672962744922600e+01
1.312739227599691816e+01
9.388954078134631231e+00
8.102375338144852890e+00
7.449258137676570968e+00
7.835501841650724941e+00
9.355496358118047695e+00
1.515159890787193042e+01
2.018227985461532370e+01
2.508991401159332923e+01
2.918451396979673262e+01
3.237661122000378100e+01
3.555465787463419503e+01
3.789106324998427766e+01
3.971531490057359548e+01
4.112413183239764436e+01
4.180988813601064180e+01
4.121568854832570139e+01
4.001914335240326892e+01
3.807699077180759417e+01
3.538803294450387682e+01
3.228895642328572535e+01
2.820720262675180834e+01
2.203421261460548308e+01
1.485511538128245768e+01
1.191857569477869028e+01
9.609363915462663996e+00
8.014141715181185788e+00
6.297073559086280525e+00
4.740363764914462763e+00
2.900576488560281163e+00
2.125497647955882030e+00
1.165393861280830556e+00
6.074897839078285955e-01
1.955389330390051583e-01
0.000000000000000000e+00
0.000000000000000000e+00
0.000000000000000000e+00
0.000000000000000000e+00
0.000000000000000000e+00
0.000000000000000000e+00
0.000000000000000000e+00
0.000000000000000000e+00
0.000000000000000000e+00
0.000000000000000000e+00
0.000000000000000000e+00
0.000000000000000000e+00
0.000000000000000000e+00
0.000000000000000000e+00
0.000000000000000000e+00
0.000000000000000000e+00
0.000000000000000000e+00
5.898056454414319916e-01
1.005062282054815626e+00
1.333443555559048033e+00
1.573437905985234142e+00
1.788594750311082393e+00
2.042013544209827280e+00
2.314451690412582252e+00
2.533742364733369001e+00
2.801350420021660348e+00
2.940151475141597359e+00
3.189763037920790190e+00
3.431807043268480406e+00
3.911401199471263190e+00
4.367072576538864936e+00
5.152726417552488059e+00
5.976640310113367605e+00
6.922005174720440301e+00
7.984359602812312495e+00
9.501688929630340397e+00
1.275250472645940647e+01
1.471089498504963444e+01
1.628117573046747424e+01
1.777809842202427859e+01
1.877518967332327193e+01
1.967564245470880024e+01
2.068101864068226448e+01
2.168806725381143963e+01
2.269830073249155689e+01
2.336432674524455422e+01
2.409069028324618955e+01
2.474764993605234054e+01
2.534697320804754739e+01
2.592457734436517569e+01
2.654521137824316668e+01
2.703549657233802606e+01
2.772109725855281326e+01
2.848489121698087345e+01
2.951166088154011291e+01
3.096486388380404975e+01
3.259117692261012422e+01
3.408738268342347055e+01
3.596158856380303348e+01
3.764086047108195743e+01
3.986547151793890009e+01
4.247662022713262786e+01
4.451237276624878803e+01
4.603288415153541280e+01
4.696506157808626369e+01
4.782203127031630174e+01
4.786854160522423740e+01
4.743881374530201356e+01
4.653846999303758025e+01
4.471097160815605065e+01
4.271313814236121686e+01
4.018909617395168254e+01
3.735481282234375300e+01
3.342407671214603226e+01
2.836131484023439597e+01
1.688095312892469479e+01
1.213411037331938047e+01
8.576731077547073312e+00
6.150647654841177925e+00
3.936836431581097528e+00
2.187236834961492349e+00
4.919676012434610612e-01
0.000000000000000000e+00
0.000000000000000000e+00
0.000000000000000000e+00
0.000000000000000000e+00
0.000000000000000000e+00
0.000000000000000000e+00
0.000000000000000000e+00
0.000000000000000000e+00
0.000000000000000000e+00
0.000000000000000000e+00
0.000000000000000000e+00
0.000000000000000000e+00
0.000000000000000000e+00
0.000000000000000000e+00
0.000000000000000000e+00
0.000000000000000000e+00
0.000000000000000000e+00
0.000000000000000000e+00
0.000000000000000000e+00
7.237751841647952489e-01
1.314745291136061311e+00
1.835447822926452588e+00
3.221654973485632567e-01
1.031995004399467675e+00
1.527099375038796225e+00
2.132318230346625487e+00
3.033003242691217238e+00
4.142374454398662031e+00
5.940049065830768527e+00
1.040423348471710163e+01
1.401748043344533201e+01
1.692345587198380130e+01
1.923760164862835964e+01
2.111281112666202020e+01
2.262529517169595650e+01
2.387699213537032250e+01
2.481664009666267390e+01
2.565295842769840817e+01
2.568593473037965680e+01
2.529700995242323103e+01
2.446411311935129973e+01
2.324564354096409247e+01
2.191615629682475586e+01
2.031161481396901181e+01
1.759399140596124766e+01
1.187242225504625104e+01
1.005086428853948100e+01
9.921742754888677851e+00
1.187539285287647672e+01
1.873302613420859331e+01
2.275432258323844792e+01
2.612370658764853459e+01
2.914719997631130965e+01
3.212574500555100343e+01
3.445134120049060300e+01
3.632423951545069229e+01
3.734977330712433741e+01
3.784366091670841570e+01
3.693914981385340468e+01
3.524657031268213103e+01
3.299821979926132798e+01
3.001813019623772760e+01
2.618946470532067039e+01
1.717211689956208431e+01
1.127036609095836184e+01
7.953784941454296487e+00
5.593140829939767578e+00
3.583107151604915330e+00
1.846384191432633770e+00
3.055831978343430677e-01
0.000000000000000000e+00
0.000000000000000000e+00
0.000000000000000000e+00
0.000000000000000000e+00
0.000000000000000000e+00
0.000000000000000000e+00
0.000000000000000000e+00
0.000000000000000000e+00
0.000000000000000000e+00
0.000000000000000000e+00
0.000000000000000000e+00
0.000000000000000000e+00
0.000000000000000000e+00
0.000000000000000000e+00
0.000000000000000000e+00
0.000000000000000000e+00
0.000000000000000000e+00
0.000000000000000000e+00
0.000000000000000000e+00
0.000000000000000000e+00
0.000000000000000000e+00
0.000000000000000000e+00
0.000000000000000000e+00
0.000000000000000000e+00
0.000000000000000000e+00
4.569400715369287269e-02
1.012314054286513887e+00
1.635779097175294794e+00
2.482644884507504202e+00
3.357881289410971526e+00
4.330955117520938202e+00
5.415486724320518697e+00
7.039716353992683473e+00
1.075567311508070567e+01
1.353488677447591115e+01
1.542382066579250477e+01
1.691364510454240389e+01
1.848137577313910640e+01
1.972449388343478915e+01
2.134333846688552683e+01
2.257815110630453503e+01
2.373915436776587384e+01
2.467621508856107226e+01
2.597625188643104721e+01
2.748923216724083574e+01
2.825701783885342877e+01
2.917858490449785336e+01
3.008067496083555881e+01
3.096783486604932278e+01
3.195657762645274147e+01
3.301416632213395275e+01
3.398341937650591404e+01
3.460739653220286982e+01
3.551158971425446964e+01
3.617634327368090652e+01
3.708239015741065714e+01
3.804511940381164692e+01
3.896759232415450924e+01
3.984156868683697184e+01
4.041315588173289086e+01
4.145429004356033431e+01
4.240037603408861600e+01
4.342678049433168752e+01
4.435300839876996548e+01
4.440456909422522358e+01
4.590214632126437522e+01
4.708329486075125914e+01
4.795872373148928602e+01
4.829205077052451855e+01
4.825777279703656575e+01
4.801660130333130638e+01
4.718957688949488016e+01
4.610324020622408625e+01
4.418569328097099458e+01
4.163498548652610509e+01
3.837400250007897995e+01
3.414724345248454540e+01
2.693691114936892816e+01
1.703910782198331475e+01
1.242860416697326187e+01
9.142827191947754173e+00
6.395642936489699615e+00
4.315006058234551745e+00
2.378226192697838748e+00
1.301662806506466374e+00
0.000000000000000000e+00
0.000000000000000000e+00
0.000000000000000000e+00
0.000000000000000000e+00
0.000000000000000000e+00
0.000000000000000000e+00
0.000000000000000000e+00
0.000000000000000000e+00
0.000000000000000000e+00
0.000000000000000000e+00
0.000000000000000000e+00
0.000000000000000000e+00
0.000000000000000000e+00
0.000000000000000000e+00
0.000000000000000000e+00
0.000000000000000000e+00
0.000000000000000000e+00
0.000000000000000000e+00
9.231591558705938283e-01
1.810526667444285032e+00
2.453995528526895065e+00
1.419671323788892270e+00
2.455683544234723126e+00
3.243925774987461264e+00
4.019813293616010696e+00
4.279706991083338075e+00
5.100445625821736328e+00
5.996717835647409345e+00
6.758478182060381201e+00
9.357163668650695598e+00
1.251260128116373416e+01
1.411653857797811007e+01
1.534983557120472142e+01
1.674406388837589787e+01
1.812065025749890879e+01
1.937637260465070810e+01
2.041650077268694830e+01
2.138285816310884968e+01
2.216484879697704713e+01
2.277860453037033039e+01
2.338783907707155763e+01
2.385908799981251960e+01
2.426433502998609626e+01
2.366717763819857367e+01
2.284174085785212327e+01
2.180651696412617468e+01
1.991047443547747164e+01
1.760120450943168890e+01
1.125137055669261166e+01
7.597075394824236660e+00
5.192538822146639532e+00
3.623194473303453567e+00
2.693389467082031086e+00
2.521650545070556415e+00
3.362635110604470512e+00
5.316649894491114026e+00
1.062238820010864160e+01
2.072762545334283146e+01
2.604107746448219984e+01
3.034836715589980827e+01
3.409091716047343112e+01
3.721310736580528555e+01
3.916504005316432568e+01
4.062045713806009672e+01
4.132370328805050264e+01
4.122405621000683595e+01
3.993666766507600130e+01
3.760855212588884910e+01
3.433606903113360431e+01
3.027747095122480303e+01
2.405580845878794705e+01
1.260210813022425214e+01
7.864162748060296693e+00
4.797371970265480456e+00
2.553036706287482360e+00
9.089411067568429203e-01
0.000000000000000000e+00
0.000000000000000000e+00
0.000000000000000000e+00
0.000000000000000000e+00
0.000000000000000000e+00
0.000000000000000000e+00
0.000000000000000000e+00
0.000000000000000000e+00
0.000000000000000000e+00
0.000000000000000000e+00
0.000000000000000000e+00
0.000000000000000000e+00
0.000000000000000000e+00
0.000000000000000000e+00
0.000000000000000000e+00
0.000000000000000000e+00
0.000000000000000000e+00
0.000000000000000000e+00
0.000000000000000000e+00
0.000000000000000000e+00
0.000000000000000000e+00
0.000000000000000000e+00
0.000000000000000000e+00
0.000000000000000000e+00
0.000000000000000000e+00
0.000000000000000000e+00
0.000000000000000000e+00
0.000000000000000000e+00
0.000000000000000000e+00
7.202199623580152199e-01
1.693382681497328734e+00
3.004159887149290054e+00
4.059422241913800633e+00
5.280354202257120377e+00
7.251240142167778124e+00
1.189241365951592755e+01
1.468258029054301872e+01
1.633288645879033396e+01
1.780575252726159974e+01
1.904864589990017265e+01
2.055115265618875142e+01
2.170179302466066673e+01
2.305396350916031167e+01
2.408583286405123758e+01
2.577978744906923225e+01
2.759555773919545985e+01
2.842514086461174472e+01
2.922128904605395761e+01
3.002040808736357391e+01
3.073646200116046856e+01
3.123370817312618897e+01
3.146842754416500298e+01
3.176628970133925378e+01
3.237234733519726149e+01
3.261019084264924572e+01
3.277367991450527285e+01
3.251060848095578848e+01
3.259942231085933173e+01
3.312447127411905967e+01
3.386920543313171095e+01
3.469869796210908675e+01
3.586432459648019488e+01
3.705901464244806931e+01
3.860449983183364964e+01
3.978798844968918047e+01
4.038437644559454043e+01
4.225129717708903598e+01
4.457665209034119869e+01
4.676247433658921437e+01
4.782721654179086102e+01
4.928710968210238974e+01
5.045689444762646758e+01
5.091196490845364053e+01
5.177492336022609010e+01
5.119336234522856444e+01
5.036336044185839000e+01
4.835278648482156427e+01
4.546650067042491372e+01
4.187517122231385969e+01
3.698264240369059053e+01
2.594805866259351035e+01
1.815178780751954690e+01
1.410708159015303842e+01
1.089560107458923355e+01
8.319439861944749381e+00
6.183764477289440009e+00
4.409737416365135942e+00
3.099818779625531207e+00
1.549934193271202076e+00
6.044884483945160980e-01
0.000000000000000000e+00
0.000000000000000000e+00
0.000000000000000000e+00
0.000000000000000000e+00
0.000000000000000000e+00
0.000000000000000000e+00
0.000000000000000000e+00
0.000000000000000000e+00
0.000000000000000000e+00
0.000000000000000000e+00
0.000000000000000000e+00
0.000000000000000000e+00
0.000000000000000000e+00
0.000000000000000000e+00
0.000000000000000000e+00
0.000000000000000000e+00
0.000000000000000000e+00
0.000000000000000000e+00
0.000000000000000000e+00
0.000000000000000000e+00
0.000000000000000000e+00
0.000000000000000000e+00
3.218530674067294761e-01
1.700525265201977110e+00
3.385467062581791087e+00
5.766495147977632740e+00
1.259485098676866777e+01
1.526125106986435931e+01
1.816607801640299158e+01
2.090082323191996139e+01
2.338850721344891426e+01
2.573773894869100332e+01
2.723890614424455592e+01
2.900853298834080007e+01
3.047997207692641908e+01
3.068647707018874016e+01
3.053873511970543575e+01
2.982678634809994378e+01
2.876257633820895521e+01
2.697225496656711030e+01
2.444501642120498275e+01
2.125614306678438581e+01
1.594553303941226829e+01
9.601891710719172579e+00
9.165923697604961617e+00
8.647441026384463214e+00
8.976441893299114128e+00
1.076711089026620982e+01
1.585486571332245731e+01
2.443050902285136061e+01
2.908961398177345359e+01
3.307109340586954715e+01
3.739834844438732375e+01
4.016415655920388872e+01
4.199418794231311836e+01
4.285801996834840111e+01
4.312454504159219937e+01
4.240172249119616765e+01
4.118645790764208670e+01
3.844031406193417411e+01
3.452399022736333478e+01
2.901929998736988026e+01
1.747635254089745160e+01
1.225935279344474793e+01
7.871142289993285246e+00
5.006132375301872273e+00
3.279913324012758480e+00
2.126258887357510119e+00
1.376435119451322464e+00
9.332472496872847856e-01
5.971533330688245655e-01
3.447972007279682671e-01
0.000000000000000000e+00
0.000000000000000000e+00
0.000000000000000000e+00
0.000000000000000000e+00
0.000000000000000000e+00
0.000000000000000000e+00
0.000000000000000000e+00
0.000000000000000000e+00
0.000000000000000000e+00
0.000000000000000000e+00
0.000000000000000000e+00
0.000000000000000000e+00
0.000000000000000000e+00
0.000000000000000000e+00
0.000000000000000000e+00
0.000000000000000000e+00
0.000000000000000000e+00
0.000000000000000000e+00
0.000000000000000000e+00
0.000000000000000000e+00
0.000000000000000000e+00
0.000000000000000000e+00
0.000000000000000000e+00
0.000000000000000000e+00
9.204895746428385372e-01
1.970666856003966405e+00
2.972016322757822682e+00
4.079180790043268168e+00
5.008034993179958150e+00
5.916038993259873813e+00
6.775905244047661924e+00
8.509318576541838652e+00
1.049236971044253153e+01
1.343414487094250198e+01
1.497298448774910895e+01
1.628007573849754408e+01
1.771144807861301373e+01
1.886159537029216438e+01
2.002262648092420605e+01
2.115234852607071403e+01
2.245601537837008266e+01
2.374706179869074418e+01
2.471828591879328485e+01
2.587774664052274787e+01
2.688778486348225272e+01
2.743126739217540333e+01
2.805558101323033071e+01
2.874892190454349716e+01
2.917726879811736040e+01
2.942832757058629056e+01
2.981232201272285920e+01
2.965128616911844261e+01
2.988067871977557388e+01
3.028248195813221955e+01
3.055441080058903935e+01
3.093061946674068352e+01
3.148260212670315994e+01
3.232819798156452862e+01
3.341823571908648915e+01
3.488055177808554674e+01
3.584570296502695896e+01
3.732000096420141233e+01
3.893003752502010428e+01
4.040777857887342606e+01
4.173605648674234203e+01
4.329545095973777791e+01
4.459547826764652712e+01
4.509732752556142543e+01
4.541036807266926445e+01
4.543617854581071214e+01
4.508331821886990554e+01
4.420400320801586957e+01
4.289049965104074857e+01
4.082003999303753972e+01
3.833528419230621864e+01
3.493456977448573753e+01
3.067446143393522817e+01
2.386329929982080955e+01
1.389086409998395411e+01
9.687659512063238054e+00
6.621385394319180939e+00
4.278186497449941506e+00
2.726992978705179205e+00
1.376504166622167347e+00
1.442366453328958187e-03
0.000000000000000000e+00
0.000000000000000000e+00
0.000000000000000000e+00
0.000000000000000000e+00
0.000000000000000000e+00
0.000000000000000000e+00
0.000000000000000000e+00
0.000000000000000000e+00
0.000000000000000000e+00
0.000000000000000000e+00
0.000000000000000000e+00
0.000000000000000000e+00
0.000000000000000000e+00
0.000000000000000000e+00
0.000000000000000000e+00
0.000000000000000000e+00
0.000000000000000000e+00
0.000000000000000000e+00
0.000000000000000000e+00
0.000000000000000000e+00
0.000000000000000000e+00
0.000000000000000000e+00
1.457180588463358184e-02
7.747127683428165490e-01
1.464942223868949789e+00
2.160753192675334056e+00
2.989429090381814369e+00
3.833117233956385483e+00
4.638236810982867553e+00
5.614431885555941193e+00
7.088572468746922262e+00
1.067861219436264442e+01
1.310438681342791511e+01
1.426665504676457630e+01
1.564182370302610892e+01
1.701308574313805266e+01
1.831273050403921232e+01
1.955591138887500335e+01
2.093411238200008029e+01
2.195592402546588318e+01
2.340039994027489456e+01
2.482196750813153940e+01
2.614955842370816086e+01
2.617960666131457970e+01
2.574950577817261532e+01
2.482072098540253435e+01
2.335915570441603251e+01
2.130084870906925687e+01
1.835275711391554765e+01
1.170794641892933718e+01
8.697102428290040876e+00
8.115054685181462446e+00
7.622252467775047613e+00
8.819451386547839888e+00
1.157638632534850132e+01
1.955061714331153766e+01
2.513275821904710838e+01
2.934668287267805553e+01
3.293713104362262811e+01
3.604208214528931364e+01
3.855700469589326218e+01
3.975091458981574988e+01
4.021566022491193593e+01
4.012090936528086615e+01
3.939578078928376215e+01
3.800841701679622986e+01
3.533902429338817797e+01
3.201916101494867917e+01
2.739985554955977420e+01
1.742652499957331713e+01
1.217200924431134013e+01
8.391933821045032715e+00
5.801892271283055180e+00
3.644501250529464720e+00
2.077959430970332200e+00
7.013446885691489996e-01
2.158521151943544325e-01
1.126448198275200596e-01
2.258771730303177350e-02
9.093709502148605850e-02
1.037537368262073656e-01
1.471781788169588268e-01
0.000000000000000000e+00
0.000000000000000000e+00
0.000000000000000000e+00
0.000000000000000000e+00
0.000000000000000000e+00
0.000000000000000000e+00
0.000000000000000000e+00
0.000000000000000000e+00
0.000000000000000000e+00
0.000000000000000000e+00
0.000000000000000000e+00
0.000000000000000000e+00
6.942860013319185342e-02
4.012220659178460380e-01
4.919641047382090626e-01
4.787199849581642574e-01
1.800590591106887572e-02
1.146596793831506922e-01
0.000000000000000000e+00
0.000000000000000000e+00
2.138037954158340526e-01
6.664122236601690563e-01
1.315526349139790829e+00
1.951409325772994308e+00
2.664934224441154687e+00
3.534876395060991605e+00
4.393769487657593231e+00
5.369096830296779643e+00
6.556821834336675536e+00
8.520916122998018594e+00
1.207063609534807824e+01
1.381201689245916420e+01
1.528863685344962420e+01
1.670602182299405314e+01
1.793890259835067980e+01
1.914931261585069322e+01
2.001510591069239808e+01
2.093012213175273217e+01
2.187310997599006868e+01
2.254953613504358856e+01
2.321752310662463969e+01
2.367541899995545052e+01
2.404895135513393001e+01
2.433881519316317821e+01
2.451572845322620253e+01
2.441220671066833603e+01
2.441091840334693686e+01
2.416672088914337024e+01
2.403179928957655065e+01
2.380019286694174241e+01
2.410415028022764261e+01
2.438157641945226572e+01
2.497147978826608750e+01
2.570548757000618423e+01
2.698730840604701342e+01
2.859138675902226367e+01
3.056064724041743474e+01
3.272203012636650499e+01
3.506411862263782098e+01
3.764062473039513890e+01
4.016188363516069870e+01
4.287836294839058127e+01
4.483328894994472336e+01
4.623538252534484627e+01
4.745021453206641127e+01
4.777257239541597755e+01
4.750458459075858286e+01
4.808362305166601658e+01
4.716288815245253119e+01
4.516339728450964230e+01
4.232217830912251344e+01
3.900999263375347681e+01
3.489001880843842684e+01
2.915026336395680318e+01
1.749652290205998995e+01
1.347450215861396572e+01
1.061009163625149476e+01
7.978875821669481283e+00
5.796588737862004237e+00
3.821012007860707271e+00
2.031662874320181444e+00
4.027603673076640689e-01
0.000000000000000000e+00
0.000000000000000000e+00
0.000000000000000000e+00
0.000000000000000000e+00
0.000000000000000000e+00
0.000000000000000000e+00
0.000000000000000000e+00
0.000000000000000000e+00
0.000000000000000000e+00
0.000000000000000000e+00
0.000000000000000000e+00
0.000000000000000000e+00
0.000000000000000000e+00
0.000000000000000000e+00
0.000000000000000000e+00
0.000000000000000000e+00
0.000000000000000000e+00
0.000000000000000000e+00
0.000000000000000000e+00
1.792331468001950867e-01
4.895697969889223344e-01
1.093363050906901890e+00
1.779693174863010707e+00
2.225073223650178900e+00
3.193246863100218214e+00
3.962742594991834899e+00
6.185321183042636228e+00
1.109856653861827702e+01
1.430828212995083248e+01
1.662245538702012126e+01
1.874720734361936891e+01
2.056376867153365495e+01
2.230299710658606926e+01
2.375700829050107998e+01
2.553479624736984022e+01
2.763077546851215160e+01
2.808808210900114233e+01
2.798020467868097327e+01
2.747176486244105931e+01
2.646818353367227772e+01
2.482783405817464484e+01
2.274815370603075593e+01
2.070071389292731823e+01
1.755037086806016688e+01
1.187196344738259768e+01
9.929840472163709464e+00
8.876230739038147632e+00
8.974498320208839530e+00
1.057626215017482707e+01
1.422342688908855379e+01
2.318483927276923851e+01
2.799473500317254704e+01
3.219593553037640277e+01
3.593883040364993064e+01
3.927341741731227387e+01
4.102963610027481423e+01
4.217378638754141207e+01
4.265498880783617608e+01
4.234106816692492714e+01
4.083595501857119814e+01
3.836945625174259789e+01
3.492856722869208141e+01
2.972578378212807593e+01
1.883610510391132209e+01
9.866766540058399926e+00
5.616275280116822088e+00
2.729046601682432183e+00
8.250704750223096795e-01
0.000000000000000000e+00
0.000000000000000000e+00
0.000000000000000000e+00
0.000000000000000000e+00
0.000000000000000000e+00
0.000000000000000000e+00
0.000000000000000000e+00
0.000000000000000000e+00
0.000000000000000000e+00
0.000000000000000000e+00
0.000000000000000000e+00
0.000000000000000000e+00
0.000000000000000000e+00
0.000000000000000000e+00
0.000000000000000000e+00
0.000000000000000000e+00
0.000000000000000000e+00
0.000000000000000000e+00
0.000000000000000000e+00
0.000000000000000000e+00
0.000000000000000000e+00
0.000000000000000000e+00
0.000000000000000000e+00
0.000000000000000000e+00
0.000000000000000000e+00
0.000000000000000000e+00
0.000000000000000000e+00
0.000000000000000000e+00
1.985718710732665704e-01
1.146720475548062668e+00
1.980393384845749338e+00
2.828816445280098790e+00
3.984538446867570638e+00
5.101116818559164656e+00
6.500573631521001872e+00
9.300637400189804893e+00
1.141211028466423727e+01
1.287547029173111923e+01
1.406269368417157928e+01
1.514324880490532443e+01
1.662146841810044862e+01
1.787335807284174649e+01
1.886729853444334992e+01
1.978011196769192281e+01
2.071168064987477209e+01
2.169773316647505723e+01
2.247558613827623830e+01
2.320124111764340213e+01
2.394410545132172530e+01
2.445890447106087606e+01
2.524304564217204216e+01
2.581616357797226158e+01
2.654403214894675145e+01
2.688608373028681342e+01
2.749636142848120457e+01
2.784573803333909225e+01
2.818373691130761216e+01
2.837262187298690819e+01
2.874321622831281076e+01
2.907091871382814574e+01
2.947795065567317963e+01
2.979301398514877519e+01
3.046879959473263710e+01
3.143507019214518650e+01
3.269146093216970428e+01
3.397263832952577189e+01
3.563483449722949103e+01
3.731462105925248096e+01
3.911309000770054922e+01
4.114157869012413471e+01
4.311701870182647411e+01
4.445570109783985657e+01
4.616790107692730061e+01
4.738988433843875470e+01
4.806193974635171173e+01
4.821501242830731115e+01
4.789874107955525062e+01
4.720773965396830363e+01
4.609022685191014546e+01
4.418564693965115708e+01
4.119816892203667180e+01
3.752724924234908599e+01
3.220875361818103499e+01
2.042332760003720438e+01
1.385121101066943083e+01
1.084651352833927973e+01
7.798461984150620196e+00
5.436507221633079645e+00
3.515745723069751527e+00
2.141330149885929401e+00
1.181458369165317990e+00
3.404417210652344039e-01
0.000000000000000000e+00
0.000000000000000000e+00
0.000000000000000000e+00
0.000000000000000000e+00
0.000000000000000000e+00
0.000000000000000000e+00
0.000000000000000000e+00
0.000000000000000000e+00
0.000000000000000000e+00
0.000000000000000000e+00
0.000000000000000000e+00
0.000000000000000000e+00
0.000000000000000000e+00
0.000000000000000000e+00
0.000000000000000000e+00
0.000000000000000000e+00
0.000000000000000000e+00
0.000000000000000000e+00
0.000000000000000000e+00
0.000000000000000000e+00
0.000000000000000000e+00
0.000000000000000000e+00
6.391176399598919033e-02
8.738486357859946985e-01
1.908542592681418126e+00
3.232624656284588838e+00
4.838760260989135809e+00
6.436437022351261916e+00
1.128167172544515751e+01
1.409483009638242201e+01
1.608115667528669590e+01
1.761375079437469893e+01
1.910921821174254021e+01
2.034914875452174599e+01
2.148407399843759791e+01
2.240948235319186210e+01
2.343309254182565837e+01
2.410727001567799732e+01
2.481478107053745319e+01
2.505413748208033553e+01
2.502515634743573258e+01
2.479771909876192737e+01
2.399596954128081450e+01
2.288592161002762992e+01
2.133622086126896988e+01
1.925605839565155009e+01
1.574370443572676770e+01
9.679123922008081138e+00
6.991149166154914774e+00
5.447709808008113441e+00
4.622935249506769040e+00
5.081682163735819380e+00
6.104567294096749919e+00
8.866512366873251949e+00
1.731921049505386989e+01
2.293028246660863800e+01
2.747525139006672745e+01
3.090919375459306906e+01
3.396980529845399133e+01
3.627332682692986765e+01
3.801281674705771252e+01
3.848512617479804021e+01
3.832631489207996367e+01
3.736184195039039224e+01
3.524466227069824953e+01
3.240798897528480893e+01
2.837335498356401331e+01
2.300887235703409317e+01
1.163035558486809506e+01
7.063343014921122709e+00
3.815747908935529509e+00
1.039209512188510320e+00
0.000000000000000000e+00
0.000000000000000000e+00
0.000000000000000000e+00
0.000000000000000000e+00
0.000000000000000000e+00
0.000000000000000000e+00
0.000000000000000000e+00
0.000000000000000000e+00
0.000000000000000000e+00
0.000000000000000000e+00
0.000000000000000000e+00
0.000000000000000000e+00
0.000000000000000000e+00
0.000000000000000000e+00
0.000000000000000000e+00
