0.000000000000000000e+00
0.000000000000000000e+00
0.000000000000000000e+00
0.000000000000000000e+00
0.000000000000000000e+00
0.000000000000000000e+00
0.000000000000000000e+00
0.000000000000000000e+00
0.000000000000000000e+00
0.000000000000000000e+00
0.000000000000000000e+00
0.000000000000000000e+00
0.000000000000000000e+00
0.000000000000000000e+00
0.000000000000000000e+00
0.000000000000000000e+00
0.000000000000000000e+00
0.000000000000000000e+00
0.000000000000000000e+00
0.000000000000000000e+00
0.000000000000000000e+00
0.000000000000000000e+00
0.000000000000000000e+00
0.000000000000000000e+00
0.000000000000000000e+00
0.000000000000000000e+00
0.000000000000000000e+00
0.000000000000000000e+00
0.000000000000000000e+00
0.000000000000000000e+00
0.000000000000000000e+00
0.000000000000000000e+00
0.000000000000000000e+00
0.000000000000000000e+00
0.000000000000000000e+00
0.000000000000000000e+00
0.000000000000000000e+00
0.000000000000000000e+00
0.000000000000000000e+00
0.000000000000000000e+00
0.000000000000000000e+00
0.000000000000000000e+00
0.000000000000000000e+00
0.000000000000000000e+00
0.000000000000000000e+00
0.000000000000000000e+00
0.000000000000000000e+00
0.000000000000000000e+00
0.000000000000000000e+00
0.000000000000000000e+00
0.000000000000000000e+00
0.000000000000000000e+00
0.000000000000000000e+00
0.000000000000000000e+00
0.000000000000000000e+00
0.000000000000000000e+00
0.000000000000000000e+00
0.000000000000000000e+00
0.000000000000000000e+00
0.000000000000000000e+00
0.000000000000000000e+00
0.000000000000000000e+00
0.000000000000000000e+00
0.000000000000000000e+00
0.000000000000000000e+00
0.000000000000000000e+00
0.000000000000000000e+00
0.000000000000000000e+00
0.000000000000000000e+00
0.000000000000000000e+00
0.000000000000000000e+00
0.000000000000000000e+00
0.000000000000000000e+00
0.000000000000000000e+00
0.000000000000000000e+00
0.000000000000000000e+00
0.000000000000000000e+00
0.000000000000000000e+00
0.000000000000000000e+00
0.000000000000000000e+00
3.116462700587521173e+00
6.923126077477760099e+00
1.074942355856955878e+01
1.473021645460243079e+01
1.872247862960184150e+01
2.267720094354319116e+01
2.663189619311773626e+01
3.035350875864865117e+01
3.406180970331386249e+01
3.735915945701061247e+01
4.063040292331780989e+01
4.334762363116097816e+01
4.602864597579171146e+01
4.805700771246046088e+01
5.004302450538545344e+01
5.132412801600652585e+01
5.256059539295701200e+01
5.308273040683398136e+01
5.356083636600128983e+01
5.335219688520258075e+01
5.310205972100701644e+01
5.222457023103520868e+01
5.130963389554540299e+01
4.985432470988869369e+01
4.836733066670092285e+01
4.645021276918991049e+01
4.450909938861804704e+01
4.226502236220374442e+01
4.000628360124755289e+01
3.757942192757973743e+01
3.514800145429273215e+01
3.267984130727887759e+01
3.021664082727778222e+01
2.783313484506964741e+01
2.546208730181888669e+01
2.326307410982572321e+01
2.108123252936722025e+01
1.913479643109650752e+01
1.720781022687318185e+01
1.555050402683587052e+01
1.391339114473467475e+01
1.255465513139581368e+01
1.121577039762943961e+01
1.014356276169616677e+01
9.089594039058662034e+00
8.276376616932953567e+00
7.478229081696873948e+00
6.887085234149319390e+00
6.306438053701864277e+00
5.897346950662790022e+00
5.493614910670157059e+00
5.229599916802503579e+00
4.966628029850624237e+00
4.818910299205332315e+00
4.670265377109248384e+00
4.621848084311579896e+00
4.573843509307225830e+00
4.619900989501849686e+00
4.670606203981548354e+00
4.814957199091612239e+00
4.969075703458624815e+00
5.217290305265319894e+00
5.478630948646163290e+00
5.830545266599734155e+00
6.195321673500341575e+00
6.640006378540708631e+00
7.093595177326817769e+00
7.608850310293519215e+00
8.127113996951452535e+00
8.683072001604520196e+00
9.236854881146177476e+00
9.801692045948417586e+00
1.036192238710430225e+01
1.090659808626325855e+01
1.144729851183956093e+01
1.194756146318334800e+01
1.244608735170859504e+01
1.288182355429667147e+01
1.331742119958302339e+01
1.367127971833656197e+01
1.402423121532335237e+01
1.428167196129021299e+01
1.453491047446871143e+01
1.468692366914384451e+01
1.483064449028515064e+01
1.487903766573558073e+01
1.491722554682713842e+01
1.488037861362894709e+01
1.483641130910381634e+01
1.475240976303403073e+01
1.467044500368200843e+01
1.459470651936295660e+01
1.453452770816361728e+01
1.453061869401666684e+01
1.455583588231778691e+01
1.468095439691977688e+01
1.484328583569658022e+01
1.513260297282118927e+01
1.545721924969985395e+01
1.591223961690356958e+01
1.638938264955102042e+01
1.697517782596608171e+01
1.756167833359284103e+01
1.821459352272506038e+01
1.884474830284652569e+01
1.948724133754427612e+01
2.008810788928826341e+01
2.064515660263323937e+01
2.115063097853317942e+01
2.156186951991090694e+01
2.192141270281180354e+01
2.214713808646360960e+01
2.232911556268784636e+01
2.235123273164645852e+01
2.234251696682888877e+01
2.216214235309001523e+01
2.196530169103887786e+01
2.159819150601783377e+01
2.122723868873611153e+01
2.069853211731152598e+01
2.017470532794195037e+01
1.951420834954517503e+01
1.886275292092328115e+01
1.810195801851077135e+01
1.735049210758637273e+01
1.652103390750228229e+01
1.569889850440634227e+01
1.483210669640568824e+01
1.397017100393285993e+01
1.309678170557399746e+01
1.222679469379786887e+01
1.137619904022506567e+01
1.052924343597831758e+01
9.727899233751998054e+00
8.931900165765327415e+00
8.200996149920557698e+00
7.477739973739604196e+00
6.830882432725855047e+00
6.193519347241794648e+00
5.635285783326658304e+00
5.087145954378241797e+00
4.612934166370669331e+00
4.147971006666007376e+00
3.745694475581996308e+00
3.350726931082326221e+00
3.003526247436047125e+00
2.661244856405500236e+00
2.350497509045098798e+00
2.042410164214451207e+00
1.750200205214339277e+00
1.458802139508047269e+00
1.169416029253648182e+00
8.793422137896661495e-01
5.795803002992185871e-01
2.777945907272522663e-01
0.000000000000000000e+00
0.000000000000000000e+00
0.000000000000000000e+00
0.000000000000000000e+00
0.000000000000000000e+00
0.000000000000000000e+00
0.000000000000000000e+00
0.000000000000000000e+00
0.000000000000000000e+00
0.000000000000000000e+00
0.000000000000000000e+00
0.000000000000000000e+00
0.000000000000000000e+00
0.000000000000000000e+00
0.000000000000000000e+00
0.000000000000000000e+00
0.000000000000000000e+00
0.000000000000000000e+00
0.000000000000000000e+00
0.000000000000000000e+00
0.000000000000000000e+00
0.000000000000000000e+00
0.000000000000000000e+00
0.000000000000000000e+00
0.000000000000000000e+00
0.000000000000000000e+00
0.000000000000000000e+00
0.000000000000000000e+00
0.000000000000000000e+00
0.000000000000000000e+00
0.000000000000000000e+00
0.000000000000000000e+00
0.000000000000000000e+00
0.000000000000000000e+00
0.000000000000000000e+00
0.000000000000000000e+00
0.000000000000000000e+00
0.000000000000000000e+00
0.000000000000000000e+00
0.000000000000000000e+00
0.000000000000000000e+00
0.000000000000000000e+00
0.000000000000000000e+00
0.000000000000000000e+00
0.000000000000000000e+00
0.000000000000000000e+00
0.000000000000000000e+00
0.000000000000000000e+00
0.000000000000000000e+00
0.000000000000000000e+00
0.000000000000000000e+00
0.000000000000000000e+00
0.000000000000000000e+00
0.000000000000000000e+00
0.000000000000000000e+00
0.000000000000000000e+00
0.000000000000000000e+00
0.000000000000000000e+00
0.000000000000000000e+00
0.000000000000000000e+00
0.000000000000000000e+00
0.000000000000000000e+00
0.000000000000000000e+00
0.000000000000000000e+00
0.000000000000000000e+00
0.000000000000000000e+00
0.000000000000000000e+00
0.000000000000000000e+00
0.000000000000000000e+00
0.000000000000000000e+00
0.000000000000000000e+00
0.000000000000000000e+00
0.000000000000000000e+00
0.000000000000000000e+00
0.000000000000000000e+00
0.000000000000000000e+00
0.000000000000000000e+00
0.000000000000000000e+00
0.000000000000000000e+00
0.000000000000000000e+00
0.000000000000000000e+00
0.000000000000000000e+00
0.000000000000000000e+00
0.000000000000000000e+00
0.000000000000000000e+00
2.743196695640646166e+00
6.576893734376104028e+00
1.043430830268288823e+01
1.438440031630012506e+01
1.832590445625480413e+01
2.219344515715178545e+01
2.601877159287914765e+01
2.960574510425793804e+01
3.311950377647226418e+01
3.625046233624866687e+01
3.928337506626359499e+01
4.182210899167320406e+01
4.424643497126245961e+01
4.610488628497279961e+01
4.784153084834171210e+01
4.898036170207089413e+01
4.999772679639652040e+01
5.042075476820903646e+01
5.072817130644611439e+01
5.047417953371301991e+01
5.011382846668091418e+01
4.924909866435823602e+01
4.828962931618184484e+01
4.690291713499842530e+01
4.543581605592798667e+01
4.363539667605662231e+01
4.177262946680318834e+01
3.968252538015636333e+01
3.755212709711639008e+01
3.530539758980524567e+01
3.304318707569580482e+01
3.077143255839320801e+01
2.850920957943315059e+01
2.633057549182946744e+01
2.418365280291241248e+01
2.219216481263007168e+01
2.024889522075664416e+01
1.850693703396452960e+01
1.682190877025341891e+01
1.535724733897429317e+01
1.394968492299725327e+01
1.275782015919708812e+01
1.161609758883084353e+01
1.066851941175317364e+01
9.760314894594566582e+00
9.016406108219085169e+00
8.301047228256386745e+00
7.719614859974723409e+00
7.158426176723029499e+00
6.705530123505855755e+00
6.267848454459340246e+00
5.919829973048192251e+00
5.584855136130082442e+00
5.328214899003111960e+00
5.084605401932009272e+00
4.914356289988335291e+00
4.758759085474514983e+00
4.676184558172833405e+00
4.610884510390412139e+00
4.620289120443719533e+00
4.649610602447507013e+00
4.754331504634439654e+00
4.880493220398344434e+00
5.078906293048428111e+00
5.298384574038223604e+00
5.581392027275305701e+00
5.883012610119630281e+00
6.233454317767047392e+00
6.598361866543609011e+00
6.992224989816726577e+00
7.395235434745784708e+00
7.803838438656334198e+00
8.215326524815461440e+00
8.607592828818749098e+00
8.995570920881739596e+00
9.340668324026930591e+00
9.673761619228081088e+00
9.944823852973383893e+00
1.019684830410889020e+01
1.037612237447982366e+01
1.053213099815876141e+01
1.061690199324573314e+01
1.067938838617545372e+01
1.068685128839482701e+01
1.067985590959743547e+01
1.064855911950395040e+01
1.061742982143258018e+01
1.060373386594054779e+01
1.060948796643249459e+01
1.067879930379826448e+01
1.078742816980419228e+01
1.100125070926835313e+01
1.126956353752965789e+01
1.167075174722384823e+01
1.213170806450600736e+01
1.273143601921318080e+01
1.338276377059182565e+01
1.415284784887348657e+01
1.495246886152844290e+01
1.582621725574090021e+01
1.669688258207313680e+01
1.757929287064997581e+01
1.842236322328579590e+01
1.920853091562097958e+01
1.992446052052387628e+01
2.052194672100090500e+01
2.103173250561992447e+01
2.137953577423497720e+01
2.163955383170585733e+01
2.171732240875800102e+01
2.172261525378040048e+01
2.154704701084763485e+01
2.132282324928849704e+01
2.093429354502733020e+01
2.052082823505011433e+01
1.996697554786508988e+01
1.940506617041459947e+01
1.872819446830259338e+01
1.805068180790173926e+01
1.728260142097842689e+01
1.651350826317343135e+01
1.567769075850016591e+01
1.483699706090261117e+01
1.395448384455257873e+01
1.306450546073453545e+01
1.215983327231616684e+01
1.124968729518826471e+01
1.035364542554781586e+01
9.459374438646742433e+00
8.607027788141150992e+00
7.766990746381003952e+00
6.991782745934995269e+00
6.239259189547395223e+00
5.565839424312159167e+00
4.922024380218402051e+00
4.360980584826979367e+00
3.831134656657042115e+00
3.377452714257320743e+00
2.951244036960622985e+00
2.586763338249433719e+00
2.242284800362221553e+00
1.940978224761991555e+00
1.650760793914854752e+00
1.384786676432600006e+00
1.121758859324309077e+00
8.666633467574342831e-01
6.085682860495266189e-01
3.462515283141253120e-01
7.761786363727299354e-02
0.000000000000000000e+00
0.000000000000000000e+00
0.000000000000000000e+00
0.000000000000000000e+00
0.000000000000000000e+00
0.000000000000000000e+00
0.000000000000000000e+00
0.000000000000000000e+00
0.000000000000000000e+00
0.000000000000000000e+00
0.000000000000000000e+00
0.000000000000000000e+00
0.000000000000000000e+00
0.000000000000000000e+00
0.000000000000000000e+00
0.000000000000000000e+00
0.000000000000000000e+00
0.000000000000000000e+00
0.000000000000000000e+00
0.000000000000000000e+00
0.000000000000000000e+00
0.000000000000000000e+00
0.000000000000000000e+00
0.000000000000000000e+00
0.000000000000000000e+00
0.000000000000000000e+00
0.000000000000000000e+00
0.000000000000000000e+00
0.000000000000000000e+00
0.000000000000000000e+00
0.000000000000000000e+00
0.000000000000000000e+00
0.000000000000000000e+00
0.000000000000000000e+00
0.000000000000000000e+00
0.000000000000000000e+00
0.000000000000000000e+00
0.000000000000000000e+00
0.000000000000000000e+00
0.000000000000000000e+00
0.000000000000000000e+00
0.000000000000000000e+00
0.000000000000000000e+00
0.000000000000000000e+00
0.000000000000000000e+00
0.000000000000000000e+00
0.000000000000000000e+00
0.000000000000000000e+00
0.000000000000000000e+00
0.000000000000000000e+00
0.000000000000000000e+00
0.000000000000000000e+00
0.000000000000000000e+00
0.000000000000000000e+00
0.000000000000000000e+00
0.000000000000000000e+00
0.000000000000000000e+00
0.000000000000000000e+00
0.000000000000000000e+00
0.000000000000000000e+00
0.000000000000000000e+00
0.000000000000000000e+00
0.000000000000000000e+00
0.000000000000000000e+00
0.000000000000000000e+00
0.000000000000000000e+00
0.000000000000000000e+00
0.000000000000000000e+00
0.000000000000000000e+00
0.000000000000000000e+00
0.000000000000000000e+00
0.000000000000000000e+00
0.000000000000000000e+00
0.000000000000000000e+00
0.000000000000000000e+00
0.000000000000000000e+00
0.000000000000000000e+00
0.000000000000000000e+00
0.000000000000000000e+00
0.000000000000000000e+00
0.000000000000000000e+00
0.000000000000000000e+00
0.000000000000000000e+00
0.000000000000000000e+00
0.000000000000000000e+00
1.047118182385750274e+00
4.703358893816892206e+00
8.427791069689888559e+00
1.230784181091200402e+01
1.620258056328307816e+01
2.011908754595819815e+01
2.399198026691934160e+01
2.774470754795682126e+01
3.139719036275396036e+01
3.479508038741591491e+01
3.804373515664276084e+01
4.092420413489393383e+01
4.361819270951284011e+01
4.585965299690847985e+01
4.789055314056976442e+01
4.941644930235013788e+01
5.071998971267952072e+01
5.149620025949227653e+01
5.204899594012184139e+01
5.207924581093199379e+01
5.189503705475608797e+01
5.121794511613334322e+01
5.034576314149148857e+01
4.903400848116067579e+01
4.755759245018045078e+01
4.571705639435191415e+01
4.375268060563244887e+01
4.151780959756597156e+01
3.920722586307292090e+01
3.673051212999514092e+01
3.422798248715924530e+01
3.166412901682963010e+01
2.911966843612772493e+01
2.660838035806150970e+01
2.415149484811790614e+01
2.180321484601824622e+01
1.953117554708872206e+01
1.741949916974218127e+01
1.539289238895364775e+01
1.355473716312996046e+01
1.180063565833420469e+01
1.024368444216857554e+01
8.764748099808494786e+00
7.478719522244938744e+00
6.264416658539208704e+00
5.232320497426094619e+00
4.268211283320738403e+00
3.473359923239527802e+00
2.745325443269610144e+00
2.172827306017467208e+00
1.666222266569645782e+00
1.300052886726555057e+00
9.962479857999669841e-01
8.155731827401550005e-01
6.895606720038565118e-01
6.674518784213813172e-01
6.888937530027607892e-01
7.950694886248943494e-01
9.329668519392261272e-01
1.139194851313781731e+00
1.367912403770910501e+00
1.653475347584689947e+00
1.957020445386114638e+00
2.310948283298027928e+00
2.682830404985004247e+00
3.101355502887563897e+00
3.539835105699241868e+00
4.020268736559813760e+00
4.521338580723370804e+00
5.055315198813060462e+00
5.606671713742900742e+00
6.175906041115670320e+00
6.754411626480592901e+00
7.330442740500661358e+00
7.903884052771815050e+00
8.452028163616901679e+00
8.984379254557296690e+00
9.469933510025686729e+00
9.927955463458600249e+00
1.032280050401889326e+01
1.068208461168394230e+01
1.096975950924640131e+01
1.121913571353939076e+01
1.139835841837882491e+01
1.154276419719321289e+01
1.162910960963977303e+01
1.169059112533641098e+01
1.171609705120284950e+01
1.173236671242383267e+01
1.174232537416468425e+01
1.176225731670599828e+01
1.180890568690897524e+01
1.188501634503186466e+01
1.201868650482932921e+01
1.219770988916570786e+01
1.245723672772329138e+01
1.277075599487866420e+01
1.317492956921266867e+01
1.363183501539213083e+01
1.417364559597420026e+01
1.475592250251617088e+01
1.540089949931735624e+01
1.606390482909835882e+01
1.675332868824798638e+01
1.743139525753570496e+01
1.809111882035251995e+01
1.870849452397537505e+01
1.926206032134420454e+01
1.974688291370721416e+01
2.012961242047883914e+01
2.042674659819907390e+01
2.059632059511484670e+01
2.067518191419630824e+01
2.061620253211771825e+01
2.047259577798277519e+01
2.019549682146583791e+01
1.984858463383353921e+01
1.938434831537191627e+01
1.887003912443521259e+01
1.826207446285635783e+01
1.762454776435440706e+01
1.691997331969164975e+01
1.620387923788019435e+01
1.544671963972573181e+01
1.469181476822854293e+01
1.391887549274405877e+01
1.315736159635267022e+01
1.239685186720386234e+01
1.165300919839176430e+01
1.092501173648975055e+01
1.021619882897441656e+01
9.534193473061613133e+00
8.872298444552185970e+00
8.244619784109481486e+00
7.637227272551246671e+00
7.068248909539541103e+00
6.519353215138193214e+00
6.010077546575618435e+00
5.520219473212108596e+00
5.068297235374942034e+00
4.634399711453371040e+00
4.234124100586618589e+00
3.849476098559994952e+00
3.491930952205364758e+00
3.146434477882323222e+00
2.819827630724324408e+00
2.500601029487968141e+00
2.191103494100945070e+00
1.883514784181679280e+00
1.576320734000416834e+00
1.265317925781256125e+00
9.460751495113637333e-01
6.178696014863074293e-01
2.744277975966801231e-01
0.000000000000000000e+00
0.000000000000000000e+00
0.000000000000000000e+00
0.000000000000000000e+00
0.000000000000000000e+00
0.000000000000000000e+00
0.000000000000000000e+00
0.000000000000000000e+00
0.000000000000000000e+00
0.000000000000000000e+00
0.000000000000000000e+00
0.000000000000000000e+00
0.000000000000000000e+00
0.000000000000000000e+00
0.000000000000000000e+00
0.000000000000000000e+00
0.000000000000000000e+00
0.000000000000000000e+00
0.000000000000000000e+00
0.000000000000000000e+00
0.000000000000000000e+00
0.000000000000000000e+00
0.000000000000000000e+00
0.000000000000000000e+00
0.000000000000000000e+00
0.000000000000000000e+00
0.000000000000000000e+00
0.000000000000000000e+00
0.000000000000000000e+00
0.000000000000000000e+00
0.000000000000000000e+00
0.000000000000000000e+00
0.000000000000000000e+00
0.000000000000000000e+00
0.000000000000000000e+00
0.000000000000000000e+00
0.000000000000000000e+00
0.000000000000000000e+00
0.000000000000000000e+00
0.000000000000000000e+00
0.000000000000000000e+00
0.000000000000000000e+00
0.000000000000000000e+00
0.000000000000000000e+00
0.000000000000000000e+00
0.000000000000000000e+00
0.000000000000000000e+00
0.000000000000000000e+00
0.000000000000000000e+00
0.000000000000000000e+00
0.000000000000000000e+00
0.000000000000000000e+00
0.000000000000000000e+00
0.000000000000000000e+00
0.000000000000000000e+00
0.000000000000000000e+00
0.000000000000000000e+00
0.000000000000000000e+00
0.000000000000000000e+00
0.000000000000000000e+00
0.000000000000000000e+00
0.000000000000000000e+00
0.000000000000000000e+00
0.000000000000000000e+00
0.000000000000000000e+00
0.000000000000000000e+00
0.000000000000000000e+00
0.000000000000000000e+00
0.000000000000000000e+00
0.000000000000000000e+00
0.000000000000000000e+00
0.000000000000000000e+00
0.000000000000000000e+00
0.000000000000000000e+00
0.000000000000000000e+00
0.000000000000000000e+00
0.000000000000000000e+00
0.000000000000000000e+00
0.000000000000000000e+00
0.000000000000000000e+00
4.080428974775586193e-01
3.764426626883271787e+00
7.200319857798286094e+00
1.074687312240384784e+01
1.429880731678403549e+01
1.785539311787490035e+01
2.134078887846895611e+01
2.472275496974988584e+01
2.796319375355058412e+01
3.100184036498060536e+01
3.384181234782995062e+01
3.640045222866617536e+01
3.872008639471650326e+01
4.070227328961288293e+01
4.242227453939574389e+01
4.377258568887904033e+01
4.485273594179491141e+01
4.555250842905969932e+01
4.598667919349972522e+01
4.604826463936160508e+01
4.585936815048088988e+01
4.532198371446239804e+01
4.455940808635692463e+01
4.348807510543383614e+01
4.222759198002532344e+01
4.071325215570152523e+01
3.905631410873913012e+01
3.721329527670782511e+01
3.528204816031756508e+01
3.324013205064499488e+01
3.116690230085810853e+01
2.905855600216766632e+01
2.697204914182528412e+01
2.491835202604049115e+01
2.292998907281541676e+01
2.102805110773257624e+01
1.922113280360856891e+01
1.753571990444575235e+01
1.595910380703374187e+01
1.451906052579167294e+01
1.318626761392169477e+01
1.198713071651712170e+01
1.088192383879700387e+01
9.894866741721207504e+00
8.982610828606485853e+00
8.167834016670246555e+00
7.409603907206957274e+00
6.730253250179996094e+00
6.095369207431436287e+00
5.527827586520043468e+00
5.001252958079451361e+00
4.539151032992040591e+00
4.122335054744193705e+00
3.774186930057794154e+00
3.480192977516577635e+00
3.262360502254292083e+00
3.107691766840935177e+00
3.035551014605928355e+00
3.031733337021528918e+00
3.112109069433761199e+00
3.259615048081103694e+00
3.486395194498925321e+00
3.772349599973428447e+00
4.126228869569213309e+00
4.525888482056106277e+00
4.977282758786508055e+00
5.458043113192434959e+00
5.971842206281025689e+00
6.498035698042568420e+00
7.038175425128779139e+00
7.575063906804591518e+00
8.107930758508144820e+00
8.624222880097940802e+00
9.120503573732820612e+00
9.589573123380196407e+00
1.002520222379289372e+01
1.042586315244442829e+01
1.078295074437625090e+01
1.110066371475159031e+01
1.136911002707681462e+01
1.159803586717845292e+01
1.177794236720774990e+01
1.192352049021287641e+01
1.202770859459117503e+01
1.210930606264105336e+01
1.216579670837943539e+01
1.221867986644974735e+01
1.227159175516063350e+01
1.234669649019088489e+01
1.245417456737724393e+01
1.261375144661578140e+01
1.284069254397610216e+01
1.314820311886661841e+01
1.355321700934069895e+01
1.405799549228654399e+01
1.467643863454786235e+01
1.539620652644490839e+01
1.622357539376583802e+01
1.713048136666288812e+01
1.811283757181397291e+01
1.912942275938542380e+01
2.016618759457858800e+01
2.117534419827098802e+01
2.213665380033762276e+01
2.300528327984878274e+01
2.376080240124223764e+01
2.437116812454599568e+01
2.482166560140233003e+01
2.510019622098447556e+01
2.520108915334428801e+01
2.513422152727167713e+01
2.490226980515004840e+01
2.453340508174816037e+01
2.403436568293978581e+01
2.344393464254778792e+01
2.276721766201321273e+01
2.204487583651048510e+01
2.127595159399469793e+01
2.049623372973186619e+01
1.969745264635868409e+01
1.890729746173671444e+01
1.811242892339347677e+01
1.733267100618959233e+01
1.655402094097891563e+01
1.579064919667974642e+01
1.503235977427220327e+01
1.428999959978944645e+01
1.355992243113851181e+01
1.285075741311433184e+01
1.216550373720298950e+01
1.151008251961839335e+01
1.089178426032442637e+01
1.031222266492993711e+01
9.779396579855408334e+00
9.289083048310205371e+00
8.846720301438155687e+00
8.441869996748959437e+00
8.075633286817947010e+00
7.732739249870576259e+00
7.410204189695986265e+00
7.090837366714513479e+00
6.769595326194579599e+00
6.431144480086745219e+00
6.071281195304244704e+00
5.679997834175729565e+00
5.256443709205942838e+00
4.797754823608223695e+00
4.307303787422926966e+00
3.788748786618429509e+00
3.248431701624042045e+00
2.693799380856013670e+00
2.131602114319352204e+00
1.569574321055191790e+00
1.012444162952147231e+00
4.656349650435046006e-01
0.000000000000000000e+00
0.000000000000000000e+00
0.000000000000000000e+00
0.000000000000000000e+00
0.000000000000000000e+00
0.000000000000000000e+00
0.000000000000000000e+00
0.000000000000000000e+00
0.000000000000000000e+00
0.000000000000000000e+00
0.000000000000000000e+00
0.000000000000000000e+00
0.000000000000000000e+00
0.000000000000000000e+00
0.000000000000000000e+00
0.000000000000000000e+00
0.000000000000000000e+00
0.000000000000000000e+00
0.000000000000000000e+00
0.000000000000000000e+00
0.000000000000000000e+00
0.000000000000000000e+00
0.000000000000000000e+00
0.000000000000000000e+00
0.000000000000000000e+00
0.000000000000000000e+00
0.000000000000000000e+00
0.000000000000000000e+00
0.000000000000000000e+00
0.000000000000000000e+00
0.000000000000000000e+00
0.000000000000000000e+00
0.000000000000000000e+00
0.000000000000000000e+00
0.000000000000000000e+00
0.000000000000000000e+00
0.000000000000000000e+00
0.000000000000000000e+00
0.000000000000000000e+00
0.000000000000000000e+00
0.000000000000000000e+00
0.000000000000000000e+00
0.000000000000000000e+00
0.000000000000000000e+00
0.000000000000000000e+00
0.000000000000000000e+00
0.000000000000000000e+00
0.000000000000000000e+00
0.000000000000000000e+00
0.000000000000000000e+00
0.000000000000000000e+00
0.000000000000000000e+00
0.000000000000000000e+00
0.000000000000000000e+00
0.000000000000000000e+00
0.000000000000000000e+00
0.000000000000000000e+00
0.000000000000000000e+00
0.000000000000000000e+00
0.000000000000000000e+00
0.000000000000000000e+00
0.000000000000000000e+00
0.000000000000000000e+00
0.000000000000000000e+00
0.000000000000000000e+00
0.000000000000000000e+00
0.000000000000000000e+00
0.000000000000000000e+00
0.000000000000000000e+00
0.000000000000000000e+00
0.000000000000000000e+00
0.000000000000000000e+00
0.000000000000000000e+00
0.000000000000000000e+00
0.000000000000000000e+00
0.000000000000000000e+00
0.000000000000000000e+00
1.723065792272180818e+00
5.427914069595223268e+00
9.204660037901991387e+00
1.304551809637868942e+01
1.685089156487640238e+01
2.062522181147680911e+01
2.425696727284208620e+01
2.776362217210528982e+01
3.103247075400206612e+01
3.409356575635344910e+01
3.684255193121594374e+01
3.932035514299155921e+01
4.143779129110202319e+01
4.324401931468857896e+01
4.466874890890014882e+01
4.576599782585032727e+01
4.648553570880572750e+01
4.688236153658742467e+01
4.692599674396035425e+01
4.666844648429540143e+01
4.609814021051842303e+01
4.526063282421335288e+01
4.416241863522599687e+01
4.284018896211054539e+01
4.131740813057016481e+01
3.962072606027629718e+01
3.778842706850375777e+01
3.583700100587981296e+01
3.381601003161338781e+01
3.173224866436210334e+01
2.964133456521138044e+01
2.754104467262606093e+01
2.548700604615484622e+01
2.346888124246722285e+01
2.153681109171122543e+01
1.967388879990202000e+01
1.792121583436466992e+01
1.625774549477550224e+01
1.471449823587045813e+01
1.326921417040079554e+01
1.194397344910655967e+01
1.071779413313071494e+01
9.605892024044983657e+00
8.589831759494297003e+00
7.680224128724256971e+00
6.861112488748855931e+00
6.140540877075211235e+00
5.504076455596806028e+00
4.958964841545425273e+00
4.491066132870737526e+00
4.108286992033506557e+00
3.795776308516819686e+00
3.563135973955707136e+00
3.394312106447250343e+00
3.301106124942540632e+00
3.266343656851692145e+00
3.303801470078965963e+00
3.395737504322941192e+00
3.556916369177464787e+00
3.769805407595830715e+00
4.048381128309959998e+00
4.376128733651391656e+00
4.764033183302634811e+00
5.197460536804879183e+00
5.682287634783981467e+00
6.206792686578925355e+00
6.770300201052069866e+00
7.365087928536289574e+00
7.983307167083189881e+00
8.622064153679881215e+00
9.266556044996788088e+00
9.918981454501592410e+00
1.055858819126007653e+01
1.119227560936730015e+01
1.179507269383361567e+01
1.237771577643764687e+01
1.291364046542144983e+01
1.341630854494682978e+01
1.386075190120028289e+01
1.426194249610308162e+01
1.459984630638235359e+01
1.488965403119768283e+01
1.511927046571095268e+01
1.530273253628101671e+01
1.543790547214965159e+01
1.553625252910376098e+01
1.560615259929858212e+01
1.565511064591960100e+01
1.570095100380159536e+01
1.574602489809501016e+01
1.581484802212390406e+01
1.590389813167332278e+01
1.604045765140912039e+01
1.621521642080086778e+01
1.645376209295032410e+01
1.674218422301738940e+01
1.710024847359379407e+01
1.751164911029731641e+01
1.798700877870587789e+01
1.851033822684866337e+01
1.908079468823184754e+01
1.968530454946620978e+01
2.031053174994465493e+01
2.094844218998369101e+01
2.157373277072481343e+01
2.218506123632658955e+01
2.274754237520404843e+01
2.326767170599928747e+01
2.370472101975615686e+01
2.407339934538241977e+01
2.433154763936751408e+01
2.450132711910838523e+01
2.454334107248416430e+01
2.448545820127044337e+01
2.429462234262047460e+01
2.400213157305354628e+01
2.358410838652813624e+01
2.307276102025394948e+01
2.245504568466596496e+01
2.176147841236546299e+01
2.099010633501686129e+01
2.016712754840175137e+01
1.930041711964923579e+01
1.840950434734827823e+01
1.750977599786190453e+01
1.661244715356619039e+01
1.573757654447334886e+01
1.488751048740411775e+01
1.408428925238391116e+01
1.332195550774753201e+01
1.262216655307947377e+01
1.197209356395623558e+01
1.139119668662892515e+01
1.086167695390653520e+01
1.039950445073781893e+01
9.984075117869346983e+00
9.627365484017738950e+00
9.308220475415664552e+00
9.034738398290713235e+00
8.787371865377403779e+00
8.571061351270225614e+00
8.369604524618873498e+00
8.185508852404195679e+00
8.007019160798774848e+00
7.834835339463706028e+00
7.661986186434832646e+00
7.487560739819641320e+00
7.309113388246197829e+00
7.124068074741161993e+00
6.933871610127522622e+00
6.734030417903423604e+00
6.529150808290633989e+00
6.312564298760062087e+00
6.091328046743756275e+00
5.856334081831691130e+00
5.616440492909614335e+00
5.359899765803961103e+00
5.096868887465240583e+00
4.813011980479084073e+00
4.519517089313793257e+00
4.199823424335245470e+00
3.866107463105487696e+00
3.500263129572807941e+00
3.115502637083286341e+00
2.693099272465087068e+00
2.247264914581804884e+00
1.759661974918177663e+00
1.245271865506429210e+00
6.871929821921748394e-01
1.007018124956625543e-01
0.000000000000000000e+00
0.000000000000000000e+00
0.000000000000000000e+00
0.000000000000000000e+00
0.000000000000000000e+00
0.000000000000000000e+00
0.000000000000000000e+00
0.000000000000000000e+00
0.000000000000000000e+00
0.000000000000000000e+00
0.000000000000000000e+00
0.000000000000000000e+00
0.000000000000000000e+00
0.000000000000000000e+00
0.000000000000000000e+00
0.000000000000000000e+00
0.000000000000000000e+00
0.000000000000000000e+00
0.000000000000000000e+00
0.000000000000000000e+00
0.000000000000000000e+00
0.000000000000000000e+00
0.000000000000000000e+00
0.000000000000000000e+00
0.000000000000000000e+00
0.000000000000000000e+00
0.000000000000000000e+00
0.000000000000000000e+00
0.000000000000000000e+00
0.000000000000000000e+00
0.000000000000000000e+00
0.000000000000000000e+00
0.000000000000000000e+00
0.000000000000000000e+00
0.000000000000000000e+00
0.000000000000000000e+00
0.000000000000000000e+00
0.000000000000000000e+00
0.000000000000000000e+00
0.000000000000000000e+00
0.000000000000000000e+00
0.000000000000000000e+00
0.000000000000000000e+00
0.000000000000000000e+00
0.000000000000000000e+00
0.000000000000000000e+00
0.000000000000000000e+00
0.000000000000000000e+00
0.000000000000000000e+00
0.000000000000000000e+00
0.000000000000000000e+00
0.000000000000000000e+00
0.000000000000000000e+00
0.000000000000000000e+00
0.000000000000000000e+00
0.000000000000000000e+00
0.000000000000000000e+00
0.000000000000000000e+00
0.000000000000000000e+00
0.000000000000000000e+00
0.000000000000000000e+00
0.000000000000000000e+00
2.782592321782948463e+00
5.997872987282479862e+00
9.051221097299006146e+00
1.199558570334746399e+01
1.466336972038016029e+01
1.715844439825013623e+01
1.929571452253922814e+01
2.122213787832135523e+01
2.275095887777328585e+01
2.405858354183862247e+01
2.496887264141538409e+01
2.567058609224058685e+01
2.600702217421443407e+01
2.616194882095183161e+01
2.600455165791336754e+01
2.569888437718445928e+01
2.514507640434024083e+01
2.447698621625644577e+01
2.362917184359067235e+01
2.269951852682601157e+01
2.165816817552185114e+01
2.056560668467136210e+01
1.942565408422716189e+01
1.826356091756957412e+01
1.711160461004345379e+01
1.596465191748912105e+01
1.487536972469123242e+01
1.381483853589696231e+01
1.284652448926647494e+01
1.192507868043426278e+01
1.111504644541458475e+01
1.036198197298726065e+01
9.723244961088752802e+00
9.141924680914920387e+00
8.662703566728062299e+00
8.231739185336769182e+00
7.879152645404977839e+00
7.558564815494435152e+00
7.287458651311202296e+00
7.029982773617902581e+00
6.795877931323073717e+00
6.560838934686748836e+00
6.332604137869783045e+00
6.096847569487587215e+00
5.864250399315682039e+00
5.626476967125867645e+00
5.400097999268510307e+00
5.177631878052088688e+00
4.982606898796134054e+00
4.803630660915144013e+00
4.670616847456066978e+00
4.565308054783207226e+00
4.522319564996048591e+00
4.516034512816257340e+00
4.583277508850095217e+00
4.692761306185440517e+00
4.880112288636208717e+00
5.111560886428340389e+00
5.417682893673866573e+00
5.765959909561949814e+00
6.177909353062649878e+00
6.625877535880611013e+00
7.119070795840777066e+00
7.637730690695622826e+00
8.177183570597021500e+00
8.727819971006017141e+00
9.271821145153916532e+00
9.811039702365981441e+00
1.031768504183447988e+01
1.080506388114969418e+01
1.124041058745768318e+01
1.164670399685925872e+01
1.199183086754699090e+01
1.230471776310127296e+01
1.255918662371398398e+01
1.278481594812289579e+01
1.296545952960597781e+01
1.312566831782674903e+01
1.326220650839536574e+01
1.338978399172292910e+01
1.351929545220502327e+01
1.365277079415690231e+01
1.381470515172360791e+01
1.399394555077500435e+01
1.422574677673843091e+01
1.448751953115086089e+01
1.482002080094504315e+01
1.519257423001131002e+01
1.564384369324515767e+01
1.613944039814041176e+01
1.670729358173183954e+01
1.731436934953446283e+01
1.796994666121466722e+01
1.864819899963660177e+01
1.933477080528824388e+01
2.001737416074368525e+01
2.065717451905407742e+01
2.126136812567186851e+01
2.176993546203776120e+01
2.221360554286562916e+01
2.251729119870869056e+01
2.273590835988574099e+01
2.278653547920410105e+01
2.274491901358880597e+01
2.252740286215999177e+01
2.222366770117307055e+01
2.175533452261506184e+01
2.121693440566929212e+01
2.054017027648754379e+01
1.981470148257207242e+01
1.898573602301611984e+01
1.812949210575205683e+01
1.720699184728658437e+01
1.627492518794656462e+01
1.531146178649768075e+01
1.435080163815465859e+01
1.338855540158910884e+01
1.243653142362733277e+01
1.150677215001408094e+01
1.059128019386757380e+01
9.716229403234139639e+00
8.857941251376468372e+00
8.053131414424706591e+00
7.267244169163824097e+00
6.543094119021091615e+00
5.840009054396015920e+00
5.202225427477538133e+00
4.587232472679917628e+00
4.036474215698871326e+00
3.509164809525076478e+00
3.040749342082605722e+00
2.594884735918375540e+00
2.199109024246785449e+00
1.823328373328883423e+00
1.486551905539116536e+00
1.165878780650115187e+00
8.722769737751751018e-01
5.902116574499215451e-01
3.238289628509735674e-01
6.449958129213176350e-02
0.000000000000000000e+00
0.000000000000000000e+00
0.000000000000000000e+00
0.000000000000000000e+00
0.000000000000000000e+00
0.000000000000000000e+00
0.000000000000000000e+00
0.000000000000000000e+00
0.000000000000000000e+00
0.000000000000000000e+00
0.000000000000000000e+00
0.000000000000000000e+00
0.000000000000000000e+00
0.000000000000000000e+00
0.000000000000000000e+00
0.000000000000000000e+00
0.000000000000000000e+00
0.000000000000000000e+00
0.000000000000000000e+00
0.000000000000000000e+00
0.000000000000000000e+00
0.000000000000000000e+00
0.000000000000000000e+00
0.000000000000000000e+00
0.000000000000000000e+00
0.000000000000000000e+00
0.000000000000000000e+00
0.000000000000000000e+00
0.000000000000000000e+00
0.000000000000000000e+00
0.000000000000000000e+00
0.000000000000000000e+00
0.000000000000000000e+00
0.000000000000000000e+00
0.000000000000000000e+00
0.000000000000000000e+00
0.000000000000000000e+00
0.000000000000000000e+00
0.000000000000000000e+00
0.000000000000000000e+00
0.000000000000000000e+00
0.000000000000000000e+00
0.000000000000000000e+00
0.000000000000000000e+00
0.000000000000000000e+00
0.000000000000000000e+00
0.000000000000000000e+00
0.000000000000000000e+00
0.000000000000000000e+00
0.000000000000000000e+00
0.000000000000000000e+00
0.000000000000000000e+00
0.000000000000000000e+00
0.000000000000000000e+00
0.000000000000000000e+00
0.000000000000000000e+00
0.000000000000000000e+00
0.000000000000000000e+00
0.000000000000000000e+00
0.000000000000000000e+00
0.000000000000000000e+00
0.000000000000000000e+00
0.000000000000000000e+00
0.000000000000000000e+00
0.000000000000000000e+00
0.000000000000000000e+00
0.000000000000000000e+00
0.000000000000000000e+00
0.000000000000000000e+00
0.000000000000000000e+00
0.000000000000000000e+00
0.000000000000000000e+00
0.000000000000000000e+00
0.000000000000000000e+00
0.000000000000000000e+00
0.000000000000000000e+00
0.000000000000000000e+00
0.000000000000000000e+00
0.000000000000000000e+00
0.000000000000000000e+00
0.000000000000000000e+00
0.000000000000000000e+00
0.000000000000000000e+00
0.000000000000000000e+00
0.000000000000000000e+00
4.524582108233168865e-01
3.878351520266056340e+00
7.367908526411753201e+00
1.091182285809937724e+01
1.447843441590110913e+01
1.795495686259602763e+01
2.140831449098739370e+01
2.463055858028677747e+01
2.778399121605943378e+01
3.058349419134895086e+01
3.327411031667647023e+01
3.551766142238015789e+01
3.762238342601015972e+01
3.922307927210093226e+01
4.066799735605366095e+01
4.158982041591907830e+01
4.235275671243074669e+01
4.260903884425232491e+01
4.271593627519229130e+01
4.236294077265144864e+01
4.187973515983768635e+01
4.100658487256941953e+01
4.002807066056541174e+01
3.874436454325805812e+01
3.738168416690743356e+01
3.580481525363978790e+01
3.417371163696621750e+01
3.241776284775792050e+01
3.062903423929959246e+01
2.879693158949545051e+01
2.695014325395973742e+01
2.512930196273028116e+01
2.330919527146997439e+01
2.156961890988736741e+01
1.984401093042379216e+01
1.823751688877299060e+01
1.665574083100358038e+01
1.521549074927751022e+01
1.380735150258632871e+01
1.254836350297659386e+01
1.132508217090156677e+01
1.024711599404406570e+01
9.205336631691743321e+00
8.298344520366759625e+00
7.426318987074623124e+00
6.676744635737070332e+00
5.960411427766906023e+00
5.355815265103561984e+00
4.782570070965465270e+00
4.313539544546168614e+00
3.873573170853473080e+00
3.533622302842962526e+00
3.220007213801753476e+00
3.005112228508025396e+00
2.814087995640995654e+00
2.722856763313756812e+00
2.654505617210304536e+00
2.688481338459448811e+00
2.746647344173497984e+00
2.909458048747525005e+00
3.099688210509070174e+00
3.393725939040773465e+00
3.718443042693598599e+00
4.139623359826315685e+00
4.592147049514671231e+00
5.124604674512798219e+00
5.684418952383534673e+00
6.298079824485772527e+00
6.930259623708188599e+00
7.583264300081392406e+00
8.243028231264046823e+00
8.888761766660104868e+00
9.529703106567476212e+00
1.012574428087115308e+01
1.070830978435625980e+01
1.122358606726294994e+01
1.172052343950357134e+01
1.213839118274312057e+01
1.253626648284905798e+01
1.285425605678339700e+01
1.315287164032265821e+01
1.338118202002981505e+01
1.359276222672446899e+01
1.375320992706089740e+01
1.390221632192044687e+01
1.402736291587706141e+01
1.414970529091314155e+01
1.428087002026693497e+01
1.442104633736547470e+01
1.460355838261899386e+01
1.480836022728522394e+01
1.508372614230373188e+01
1.539290943860479643e+01
1.578894440934307752e+01
1.622456338287429389e+01
1.674560613680241872e+01
1.730266752303278466e+01
1.792306143416999475e+01
1.856499960879594369e+01
1.922894213645508898e+01
1.989068276316636741e+01
2.052006364931747839e+01
2.111929508212364581e+01
2.162915916766717928e+01
2.208407506858585734e+01
2.240144448985617487e+01
2.264920346298519505e+01
2.272968400969674363e+01
2.274027507913057988e+01
2.257725481852186178e+01
2.235853488475060047e+01
2.198259582703107640e+01
2.157518510107446730e+01
2.104330659259566971e+01
2.050620567937922090e+01
1.988387670421229458e+01
1.927593652125096568e+01
1.861884027805665554e+01
1.798345755415019909e+01
1.732604975247441104e+01
1.668508657822755836e+01
1.603971172554510005e+01
1.539762442412958876e+01
1.476278587458178748e+01
1.411734760727648030e+01
1.348955555456967659e+01
1.284269026809925585e+01
1.222549352732141337e+01
1.158884641813337879e+01
1.099535771557144592e+01
1.038909289493303056e+01
9.838345211614079489e+00
9.285238046027592063e+00
8.795844857059515576e+00
8.314783282996783598e+00
7.899589714729180479e+00
7.501377748544813429e+00
7.164936203538523785e+00
6.851040961601478685e+00
6.589471945927626528e+00
6.352485474271542643e+00
6.154061438246632321e+00
5.978209404987424591e+00
5.823507571521986392e+00
5.684936217781467960e+00
5.547502594376710228e+00
5.416031834204818374e+00
5.265089759066701625e+00
5.108513352065847890e+00
4.914568629201351513e+00
4.705363129847441428e+00
4.446968030567388652e+00
4.168610987944585844e+00
3.837157252654928019e+00
3.486953422445553841e+00
3.086952883458893737e+00
2.673949658021931075e+00
2.218889864058339878e+00
1.758324524950585221e+00
1.264317132046359538e+00
7.712498595767010023e-01
2.513470527818443268e-01
0.000000000000000000e+00
0.000000000000000000e+00
0.000000000000000000e+00
0.000000000000000000e+00
0.000000000000000000e+00
0.000000000000000000e+00
0.000000000000000000e+00
0.000000000000000000e+00
0.000000000000000000e+00
0.000000000000000000e+00
0.000000000000000000e+00
0.000000000000000000e+00
0.000000000000000000e+00
0.000000000000000000e+00
0.000000000000000000e+00
0.000000000000000000e+00
0.000000000000000000e+00
0.000000000000000000e+00
0.000000000000000000e+00
0.000000000000000000e+00
0.000000000000000000e+00
0.000000000000000000e+00
0.000000000000000000e+00
0.000000000000000000e+00
0.000000000000000000e+00
0.000000000000000000e+00
0.000000000000000000e+00
0.000000000000000000e+00
0.000000000000000000e+00
0.000000000000000000e+00
0.000000000000000000e+00
0.000000000000000000e+00
0.000000000000000000e+00
0.000000000000000000e+00
0.000000000000000000e+00
0.000000000000000000e+00
0.000000000000000000e+00
0.000000000000000000e+00
0.000000000000000000e+00
0.000000000000000000e+00
0.000000000000000000e+00
0.000000000000000000e+00
0.000000000000000000e+00
0.000000000000000000e+00
0.000000000000000000e+00
0.000000000000000000e+00
0.000000000000000000e+00
0.000000000000000000e+00
0.000000000000000000e+00
0.000000000000000000e+00
0.000000000000000000e+00
0.000000000000000000e+00
0.000000000000000000e+00
0.000000000000000000e+00
0.000000000000000000e+00
0.000000000000000000e+00
0.000000000000000000e+00
0.000000000000000000e+00
0.000000000000000000e+00
0.000000000000000000e+00
0.000000000000000000e+00
0.000000000000000000e+00
0.000000000000000000e+00
0.000000000000000000e+00
0.000000000000000000e+00
0.000000000000000000e+00
0.000000000000000000e+00
0.000000000000000000e+00
1.542834271960740189e-01
3.773780568626111442e+00
7.433613182374987360e+00
1.117449906480331379e+01
1.493359618814807988e+01
1.859401596773291132e+01
2.224592660502012720e+01
2.562132460057980765e+01
2.896044831104881823e+01
3.186704295302811474e+01
3.471309487436408148e+01
3.700817324298210309e+01
3.922623681402286167e+01
4.082157938067194891e+01
4.233383850605267185e+01
4.320035549139366537e+01
4.398800928018231104e+01
4.415148343426048427e+01
4.424777335693224245e+01
4.377829687429704109e+01
4.325640559895959569e+01
4.225466356954490976e+01
4.121394225921990540e+01
3.979719096095330855e+01
3.835030502331406410e+01
3.663950019275153380e+01
3.490163339617347305e+01
3.301157076958630654e+01
3.109339564740781725e+01
2.912780252235513956e+01
2.713325415509788741e+01
2.518494718817169087e+01
2.321225215333899428e+01
2.136595122125463320e+01
1.950839421381691707e+01
1.784106845581369782e+01
1.618296160348895896e+01
1.475897036043991051e+01
1.336667165553813064e+01
1.222877489112555693e+01
1.114009507521863185e+01
1.030117495803447270e+01
9.518531810126191317e+00
8.958417262064571673e+00
8.449031283271439818e+00
8.118504711493574888e+00
7.822238765352991230e+00
7.653377221372706707e+00
7.496059128664231963e+00
7.416431358883546210e+00
7.325465386317741689e+00
7.272356448395175477e+00
7.190627795972495129e+00
7.122342643664783424e+00
7.017826517562736122e+00
6.919470574946370967e+00
6.788291611470028464e+00
6.671023691812468570e+00
6.533672893698863504e+00
6.427594753241135273e+00
6.319371239226713399e+00
6.262029624842107012e+00
6.220400260744980869e+00
6.244374753280379053e+00
6.297083770836325201e+00
6.420108149908533512e+00
6.577305713588623703e+00
6.797806232081990530e+00
7.050265403154156729e+00
7.349199530005155800e+00
7.672330436254083175e+00
8.019567903548782795e+00
8.380692425223312370e+00
8.743252479458496040e+00
9.109551173986309536e+00
9.458970941129926757e+00
9.803941350424214107e+00
1.012156036347227328e+01
1.042940276610523220e+01
1.070908948627869250e+01
1.097680218377926842e+01
1.122560237956974838e+01
1.146330983679639637e+01
1.169987302454404698e+01
1.192904408368323033e+01
1.218061511172722078e+01
1.243083400386638715e+01
1.272833871924181359e+01
1.303193483125713215e+01
1.340375897723469123e+01
1.378899487421229964e+01
1.425375607100499309e+01
1.473698526763535455e+01
1.529621238608651801e+01
1.587433352452854152e+01
1.650679386064641818e+01
1.715235311904881854e+01
1.781273445340551120e+01
1.847459564591558845e+01
1.909841491543482306e+01
1.970904223681278111e+01
2.022372593659609663e+01
2.071176030581588279e+01
2.105068709010821237e+01
2.135478005736455032e+01
2.146992385519538260e+01
2.154952649730195091e+01
2.141902836369578011e+01
2.125934739078438440e+01
2.088835324347042288e+01
2.049897360018677261e+01
1.991466223777499778e+01
1.932350343658261238e+01
1.856699739485469181e+01
1.781261303698956766e+01
1.693049277084751836e+01
1.605516720385064033e+01
1.509338406751202299e+01
1.413901971050017892e+01
1.313984857939335171e+01
1.214629113547524142e+01
1.114741440246853266e+01
1.015187240920955958e+01
9.186228754671580177e+00
8.222598957664189356e+00
7.317801425263723125e+00
6.415162113598559479e+00
5.592302790641954680e+00
4.772877142088170821e+00
4.045064984481956394e+00
3.322301172106082223e+00
2.693676666028708144e+00
2.071276557962943077e+00
1.537151655550271334e+00
1.009549966057133430e+00
5.578435627980455891e-01
1.120364232795838105e-01
0.000000000000000000e+00
0.000000000000000000e+00
0.000000000000000000e+00
0.000000000000000000e+00
0.000000000000000000e+00
0.000000000000000000e+00
0.000000000000000000e+00
0.000000000000000000e+00
0.000000000000000000e+00
0.000000000000000000e+00
0.000000000000000000e+00
0.000000000000000000e+00
0.000000000000000000e+00
0.000000000000000000e+00
0.000000000000000000e+00
0.000000000000000000e+00
0.000000000000000000e+00
0.000000000000000000e+00
0.000000000000000000e+00
0.000000000000000000e+00
0.000000000000000000e+00
0.000000000000000000e+00
0.000000000000000000e+00
0.000000000000000000e+00
0.000000000000000000e+00
0.000000000000000000e+00
0.000000000000000000e+00
0.000000000000000000e+00
0.000000000000000000e+00
0.000000000000000000e+00
0.000000000000000000e+00
0.000000000000000000e+00
0.000000000000000000e+00
0.000000000000000000e+00
0.000000000000000000e+00
0.000000000000000000e+00
0.000000000000000000e+00
0.000000000000000000e+00
0.000000000000000000e+00
0.000000000000000000e+00
0.000000000000000000e+00
0.000000000000000000e+00
0.000000000000000000e+00
0.000000000000000000e+00
0.000000000000000000e+00
0.000000000000000000e+00
0.000000000000000000e+00
0.000000000000000000e+00
0.000000000000000000e+00
0.000000000000000000e+00
0.000000000000000000e+00
0.000000000000000000e+00
0.000000000000000000e+00
0.000000000000000000e+00
0.000000000000000000e+00
0.000000000000000000e+00
0.000000000000000000e+00
0.000000000000000000e+00
0.000000000000000000e+00
0.000000000000000000e+00
0.000000000000000000e+00
0.000000000000000000e+00
0.000000000000000000e+00
0.000000000000000000e+00
0.000000000000000000e+00
0.000000000000000000e+00
0.000000000000000000e+00
0.000000000000000000e+00
0.000000000000000000e+00
0.000000000000000000e+00
0.000000000000000000e+00
0.000000000000000000e+00
0.000000000000000000e+00
0.000000000000000000e+00
0.000000000000000000e+00
0.000000000000000000e+00
0.000000000000000000e+00
0.000000000000000000e+00
0.000000000000000000e+00
0.000000000000000000e+00
0.000000000000000000e+00
0.000000000000000000e+00
0.000000000000000000e+00
0.000000000000000000e+00
0.000000000000000000e+00
0.000000000000000000e+00
0.000000000000000000e+00
0.000000000000000000e+00
0.000000000000000000e+00
0.000000000000000000e+00
0.000000000000000000e+00
0.000000000000000000e+00
3.302543473736131219e+00
7.115688514435015932e+00
1.103661903570648661e+01
1.495775178424128882e+01
1.878589349397964270e+01
2.261179230113051730e+01
2.614983934883670713e+01
2.968420575715620302e+01
3.276261884542469005e+01
3.583781707395697680e+01
3.833045541943253909e+01
4.082237168359664281e+01
4.265290899476335085e+01
4.448626211053460366e+01
4.562595227288577604e+01
4.677110022894106578e+01
4.723062454778379760e+01
4.769520605351610243e+01
4.751504531830704536e+01
4.733528885623278626e+01
4.657817384332506094e+01
4.581322619107265126e+01
4.456036830134302562e+01
4.329048130814055639e+01
4.164027889913898406e+01
3.996645483565972512e+01
3.803298962160777563e+01
3.607477751566904089e+01
3.398266525942820948e+01
3.187104055789198043e+01
2.974625539668911856e+01
2.761216718385749758e+01
2.556980265023176457e+01
2.353033133311254232e+01
2.166289513295800973e+01
1.980911673148703755e+01
1.817808998109657992e+01
1.656738597779878575e+01
1.520050336751709885e+01
1.385521933316364951e+01
1.274931675408985932e+01
1.166086920185486697e+01
1.078877261803045151e+01
9.925366905569770637e+00
9.244756897179442490e+00
8.561130978327714303e+00
8.024675575373924730e+00
7.473535941431570073e+00
7.039916464530948659e+00
6.583939250911339691e+00
6.228244231026265787e+00
5.849830292598827697e+00
5.569316025586446450e+00
5.273811227372819488e+00
5.086334770621373735e+00
4.897220859373885737e+00
4.832236102847168091e+00
4.779987025626225794e+00
4.865663889997990488e+00
4.974743872734911143e+00
5.225962284990845141e+00
5.504418508502663343e+00
5.915248612642051818e+00
6.349685842510822020e+00
6.892216151162796400e+00
7.449115174937799289e+00
8.078398550131828060e+00
8.710809009068061215e+00
9.374223367684832553e+00
1.003174935589757766e+01
1.068035415188224846e+01
1.131975068547436081e+01
1.191805238476521822e+01
1.251081975209030794e+01
1.304203194606018634e+01
1.357663472208786004e+01
1.404130846304744651e+01
1.451920826750912141e+01
1.492851043672725808e+01
1.535663188038621563e+01
1.572345293388663201e+01
1.610696441105823595e+01
1.643975626447820559e+01
1.677948900602033788e+01
1.708159335055081485e+01
1.737723714659147944e+01
1.765191228212974650e+01
1.790918843195987264e+01
1.816637895239441747e+01
1.840296002542891074e+01
1.866277695422496308e+01
1.890801589748738465e+01
1.919668062715690837e+01
1.948286762551882134e+01
1.982157974711958204e+01
2.016974130024531320e+01
2.056117433717654919e+01
2.096737038524475949e+01
2.138559978156111185e+01
2.181331823774900514e+01
2.220218347750717669e+01
2.258486345815800433e+01
2.286632993169049044e+01
2.312035707523003936e+01
2.321238139940653156e+01
2.325823952502382141e+01
2.309718866098337031e+01
2.288195320781286668e+01
2.244174004392597510e+01
2.195463502229606689e+01
2.125532863223252988e+01
2.053058144552241515e+01
1.963329269981048952e+01
1.873957609973051675e+01
1.772934989309605669e+01
1.675002650169495766e+01
1.571396997458528233e+01
1.472629059077696745e+01
1.373437497233419791e+01
1.279425622112975169e+01
1.188861140092196500e+01
1.102475957049046507e+01
1.021862203942542990e+01
9.435216953500688675e+00
8.719406377060293423e+00
8.004188276746605268e+00
7.356866513889823267e+00
6.690582210399213636e+00
6.087302327784398948e+00
5.452227339940767692e+00
4.873667501037809657e+00
4.259284584758805892e+00
3.695801110829014746e+00
3.101066016582708418e+00
2.553282826474969625e+00
1.985079056326362279e+00
1.460698970963340448e+00
9.291914165925234670e-01
4.373666980288071215e-01
0.000000000000000000e+00
0.000000000000000000e+00
0.000000000000000000e+00
0.000000000000000000e+00
0.000000000000000000e+00
0.000000000000000000e+00
0.000000000000000000e+00
0.000000000000000000e+00
0.000000000000000000e+00
0.000000000000000000e+00
0.000000000000000000e+00
0.000000000000000000e+00
0.000000000000000000e+00
0.000000000000000000e+00
0.000000000000000000e+00
0.000000000000000000e+00
0.000000000000000000e+00
0.000000000000000000e+00
0.000000000000000000e+00
0.000000000000000000e+00
0.000000000000000000e+00
0.000000000000000000e+00
0.000000000000000000e+00
0.000000000000000000e+00
0.000000000000000000e+00
0.000000000000000000e+00
0.000000000000000000e+00
0.000000000000000000e+00
0.000000000000000000e+00
0.000000000000000000e+00
0.000000000000000000e+00
0.000000000000000000e+00
0.000000000000000000e+00
0.000000000000000000e+00
0.000000000000000000e+00
0.000000000000000000e+00
0.000000000000000000e+00
0.000000000000000000e+00
0.000000000000000000e+00
0.000000000000000000e+00
0.000000000000000000e+00
0.000000000000000000e+00
0.000000000000000000e+00
0.000000000000000000e+00
0.000000000000000000e+00
0.000000000000000000e+00
0.000000000000000000e+00
0.000000000000000000e+00
0.000000000000000000e+00
0.000000000000000000e+00
0.000000000000000000e+00
0.000000000000000000e+00
0.000000000000000000e+00
0.000000000000000000e+00
0.000000000000000000e+00
0.000000000000000000e+00
0.000000000000000000e+00
0.000000000000000000e+00
0.000000000000000000e+00
0.000000000000000000e+00
0.000000000000000000e+00
0.000000000000000000e+00
0.000000000000000000e+00
0.000000000000000000e+00
0.000000000000000000e+00
0.000000000000000000e+00
0.000000000000000000e+00
0.000000000000000000e+00
0.000000000000000000e+00
0.000000000000000000e+00
0.000000000000000000e+00
0.000000000000000000e+00
0.000000000000000000e+00
0.000000000000000000e+00
0.000000000000000000e+00
0.000000000000000000e+00
0.000000000000000000e+00
0.000000000000000000e+00
0.000000000000000000e+00
0.000000000000000000e+00
0.000000000000000000e+00
0.000000000000000000e+00
0.000000000000000000e+00
0.000000000000000000e+00
0.000000000000000000e+00
0.000000000000000000e+00
0.000000000000000000e+00
0.000000000000000000e+00
0.000000000000000000e+00
0.000000000000000000e+00
2.578998423008736829e+00
6.157950030898013516e+00
9.747984045308349721e+00
1.330024355404042957e+01
1.683443061606199009e+01
2.015599723040424252e+01
2.342705279964082621e+01
2.632492028191273903e+01
2.914159223508664809e+01
3.145662751438930016e+01
3.366753221567243770e+01
3.529340381733812393e+01
3.680502063120319889e+01
3.769913844435751571e+01
3.848378693749280899e+01
3.866782764062039490e+01
3.876013942707093918e+01
3.831029129115023579e+01
3.779398236218517582e+01
3.682388874614893837e+01
3.581337395498341891e+01
3.445474700171716620e+01
3.307699299505841850e+01
3.146254951571807013e+01
2.984301561192473429e+01
2.809480440646728994e+01
2.634906565524031663e+01
2.457259633996199355e+01
2.280280760330329315e+01
2.108586280618153808e+01
1.937992892424385261e+01
1.779300583147199077e+01
1.622323653457688053e+01
1.481856307650126148e+01
1.343788389375878900e+01
1.224629238023129929e+01
1.108318441708550495e+01
1.011079012593329907e+01
9.166387153255822540e+00
8.395255501677015175e+00
7.646178133440063363e+00
7.040324912303947968e+00
6.447192376201382302e+00
5.963236556835784796e+00
5.482899050199105950e+00
5.082184418457424968e+00
4.679881463896596649e+00
4.338284352702426183e+00
3.995937780037637665e+00
3.708486889094462668e+00
3.426780435026278937e+00
3.205373517858487453e+00
2.999149780608159954e+00
2.864965316053996514e+00
2.754700701964118092e+00
2.728730150584000480e+00
2.731742190819130833e+00
2.826782630016587916e+00
2.950892146922433401e+00
3.167250502401123935e+00
3.408199125684957753e+00
3.733034128430595455e+00
4.075029061043321299e+00
4.484651206608083918e+00
4.903031466245773018e+00
5.366709118720081051e+00
5.831435560560239928e+00
6.315493314048779894e+00
6.794677605374065621e+00
7.266493850251165121e+00
7.729821428443964138e+00
8.161504773805161150e+00
8.583441656562779798e+00
8.954946486820409390e+00
9.317516711542712216e+00
9.618838725452551586e+00
9.913538602754215390e+00
1.014573824523439960e+01
1.037424559171186189e+01
1.054870418247528185e+01
1.072218679771935435e+01
1.085889383970246769e+01
1.099680811157602101e+01
1.112231424233300459e+01
1.125117197529670676e+01
1.139676118823025774e+01
1.154894545140774298e+01
1.174889801944642009e+01
1.196075254546135014e+01
1.224924547839214384e+01
1.255679591500627268e+01
1.296247455315287311e+01
1.339408705071229910e+01
1.393184010614441881e+01
1.449845773469063559e+01
1.516046085754686068e+01
1.584670284815397601e+01
1.659662925880641637e+01
1.735700153415426783e+01
1.813085459159293933e+01
1.889371367335878205e+01
1.960850044367440148e+01
2.028762485187431963e+01
2.085610848640855508e+01
2.136689796947671027e+01
2.171420364407049419e+01
2.198976982087204135e+01
2.206725998281410384e+01
2.207003857024845672e+01
2.186279141388233427e+01
2.158896925785586518e+01
2.111561680818327957e+01
2.059229872933992667e+01
1.989842093745669516e+01
1.917545916885219626e+01
1.832313685657252122e+01
1.746247577688743746e+01
1.651898925718252897e+01
1.558428470742887129e+01
1.461243916986975755e+01
1.366083288488078473e+01
1.271211808202522775e+01
1.178901589349315060e+01
1.090026735803041902e+01
1.003744277596740098e+01
9.230911837068880743e+00
8.447433691296344804e+00
7.733077432537823093e+00
7.037716556815020397e+00
6.416393001638326155e+00
5.810295568817079648e+00
5.276748856839057922e+00
4.755602186640978779e+00
4.300557669361235291e+00
3.855987346567216978e+00
3.467476261661794901e+00
3.088006981995262468e+00
2.752404967059276952e+00
2.424404712817785690e+00
2.127268021061114567e+00
1.835934009793698696e+00
1.562927714510705002e+00
1.293456247812839077e+00
1.031302133963951428e+00
7.701233548716549526e-01
5.076050471376963857e-01
2.436250092935049461e-01
0.000000000000000000e+00
0.000000000000000000e+00
0.000000000000000000e+00
0.000000000000000000e+00
0.000000000000000000e+00
0.000000000000000000e+00
0.000000000000000000e+00
0.000000000000000000e+00
0.000000000000000000e+00
0.000000000000000000e+00
0.000000000000000000e+00
0.000000000000000000e+00
0.000000000000000000e+00
0.000000000000000000e+00
0.000000000000000000e+00
0.000000000000000000e+00
0.000000000000000000e+00
0.000000000000000000e+00
0.000000000000000000e+00
0.000000000000000000e+00
0.000000000000000000e+00
0.000000000000000000e+00
0.000000000000000000e+00
0.000000000000000000e+00
0.000000000000000000e+00
0.000000000000000000e+00
0.000000000000000000e+00
0.000000000000000000e+00
0.000000000000000000e+00
0.000000000000000000e+00
0.000000000000000000e+00
0.000000000000000000e+00
0.000000000000000000e+00
0.000000000000000000e+00
0.000000000000000000e+00
0.000000000000000000e+00
0.000000000000000000e+00
0.000000000000000000e+00
0.000000000000000000e+00
0.000000000000000000e+00
0.000000000000000000e+00
0.000000000000000000e+00
0.000000000000000000e+00
0.000000000000000000e+00
0.000000000000000000e+00
0.000000000000000000e+00
0.000000000000000000e+00
0.000000000000000000e+00
0.000000000000000000e+00
0.000000000000000000e+00
0.000000000000000000e+00
0.000000000000000000e+00
0.000000000000000000e+00
0.000000000000000000e+00
0.000000000000000000e+00
0.000000000000000000e+00
0.000000000000000000e+00
0.000000000000000000e+00
0.000000000000000000e+00
0.000000000000000000e+00
0.000000000000000000e+00
0.000000000000000000e+00
0.000000000000000000e+00
0.000000000000000000e+00
0.000000000000000000e+00
0.000000000000000000e+00
0.000000000000000000e+00
0.000000000000000000e+00
0.000000000000000000e+00
0.000000000000000000e+00
0.000000000000000000e+00
0.000000000000000000e+00
0.000000000000000000e+00
0.000000000000000000e+00
0.000000000000000000e+00
0.000000000000000000e+00
0.000000000000000000e+00
0.000000000000000000e+00
0.000000000000000000e+00
0.000000000000000000e+00
0.000000000000000000e+00
2.300539360398475619e+00
5.993891798289427086e+00
9.703219763577704882e+00
1.344648946666445788e+01
1.715726344150382587e+01
2.075148882589726540e+01
2.426558629858042337e+01
2.752044906086423737e+01
3.065375581670545202e+01
3.340790633004358057e+01
3.600950217466846937e+01
3.814508948973470126e+01
4.010983546951008805e+01
4.155913965697082801e+01
4.283216622091313042e+01
4.357682543483237225e+01
4.415111583059152167e+01
4.421644779943876102e+01
4.412643388996058036e+01
4.357384550081690833e+01
4.288782227767147504e+01
4.180705533429387089e+01
4.061978727771570163e+01
3.912157247767585488e+01
3.754705638681607383e+01
3.575508534591579490e+01
3.391832858579354593e+01
3.196010450104303757e+01
2.998755072051857340e+01
2.798415226883496132e+01
2.599343018902271751e+01
2.405005255955398624e+01
2.214118788210768685e+01
2.034057951600673420e+01
1.859044350885438845e+01
1.699009228352508671e+01
1.545053218694223496e+01
1.408356503347959610e+01
1.278259591234733961e+01
1.166055544219451079e+01
1.060517619811794177e+01
9.722073544926971067e+00
8.902089435696797892e+00
8.238431792217760119e+00
7.630570350195696072e+00
7.157678079287665085e+00
6.730295067968249612e+00
6.414796268080315222e+00
6.132961717564419324e+00
5.941521963346453106e+00
5.772047002092394408e+00
5.675440323729334935e+00
5.590998625988330417e+00
5.567309107972740811e+00
5.549465086708543993e+00
5.586152408472440989e+00
5.627123927234182865e+00
5.721984534682241552e+00
5.824774446784098281e+00
5.984863035983149615e+00
6.160689205106958610e+00
6.398329969311779664e+00
6.660847217388243813e+00
6.986750056683966648e+00
7.344279482657151803e+00
7.760243779013724641e+00
8.208956250131517862e+00
8.702722515547282711e+00
9.223266993114533463e+00
9.767791291765000494e+00
1.032691465832956368e+01
1.088462213832644565e+01
1.144160946513758326e+01
1.197276638735701759e+01
1.248909140903192672e+01
1.296189239572692031e+01
1.341139605104337740e+01
1.381120579468569431e+01
1.418789794982284924e+01
1.452229227157338087e+01
1.484283601608257896e+01
1.514055660536327608e+01
1.544014330433092574e+01
1.574335383944292133e+01
1.606549244804510224e+01
1.641719149319900595e+01
1.680026694573461299e+01
1.723077266065716273e+01
1.769570736911259345e+01
1.821242937211715684e+01
1.875557812712517958e+01
1.933986316356221025e+01
1.993326636453721434e+01
2.054419797144793947e+01
2.114165624728859783e+01
2.172448026477150052e+01
2.227060413152076279e+01
2.276669933206786922e+01
2.320643818905871569e+01
2.356285605134472760e+01
2.384972847719224376e+01
2.402629305795698400e+01
2.412777868916955271e+01
2.410108130712550434e+01
2.400104738228497681e+01
2.376531278653316193e+01
2.346404371705840219e+01
2.303013488133321118e+01
2.254300342515334066e+01
2.193620533939329320e+01
2.129147659770173462e+01
2.054839385956172748e+01
1.978393307410514979e+01
1.894804754554735737e+01
1.810650110451399897e+01
1.722258478075023547e+01
1.634589711910174259e+01
1.545457573349880676e+01
1.457949736582445510e+01
1.371383651181811025e+01
1.286964848609236789e+01
1.205406322981224498e+01
1.126228901596404697e+01
1.051315775568239275e+01
9.788464470361795122e+00
9.115637457118200615e+00
8.467073453380603354e+00
7.875199551321178326e+00
7.307082288612379628e+00
6.796605827018793455e+00
6.309022228677764410e+00
5.876653779116306708e+00
5.465700097829400583e+00
5.104786555215823363e+00
4.763081938044661179e+00
4.464465063030655045e+00
4.182191468906189868e+00
3.935233064641781908e+00
3.701441013563685267e+00
3.495400951654167088e+00
3.299445461582651618e+00
3.124599880148686282e+00
2.957147892241594800e+00
2.805320303914803137e+00
2.658720749610993472e+00
2.523300804066306302e+00
2.391249246794788785e+00
2.266304650115086972e+00
2.142810726183390191e+00
2.022033394166810272e+00
1.900279606940463495e+00
1.775813188587116009e+00
1.647223115790589221e+00
1.509191734570334509e+00
1.363187947502220831e+00
1.199784895366828197e+00
1.024107681084759802e+00
8.223025496512854637e-01
6.038420623057985104e-01
3.504685940323879478e-01
7.646542100167118272e-02
0.000000000000000000e+00
0.000000000000000000e+00
0.000000000000000000e+00
0.000000000000000000e+00
0.000000000000000000e+00
0.000000000000000000e+00
0.000000000000000000e+00
0.000000000000000000e+00
0.000000000000000000e+00
0.000000000000000000e+00
0.000000000000000000e+00
0.000000000000000000e+00
0.000000000000000000e+00
0.000000000000000000e+00
0.000000000000000000e+00
0.000000000000000000e+00
0.000000000000000000e+00
0.000000000000000000e+00
0.000000000000000000e+00
0.000000000000000000e+00
0.000000000000000000e+00
0.000000000000000000e+00
0.000000000000000000e+00
0.000000000000000000e+00
0.000000000000000000e+00
0.000000000000000000e+00
0.000000000000000000e+00
0.000000000000000000e+00
0.000000000000000000e+00
0.000000000000000000e+00
0.000000000000000000e+00
0.000000000000000000e+00
0.000000000000000000e+00
0.000000000000000000e+00
0.000000000000000000e+00
0.000000000000000000e+00
0.000000000000000000e+00
0.000000000000000000e+00
0.000000000000000000e+00
0.000000000000000000e+00
0.000000000000000000e+00
0.000000000000000000e+00
0.000000000000000000e+00
0.000000000000000000e+00
0.000000000000000000e+00
0.000000000000000000e+00
0.000000000000000000e+00
0.000000000000000000e+00
0.000000000000000000e+00
0.000000000000000000e+00
0.000000000000000000e+00
0.000000000000000000e+00
0.000000000000000000e+00
0.000000000000000000e+00
0.000000000000000000e+00
0.000000000000000000e+00
0.000000000000000000e+00
0.000000000000000000e+00
0.000000000000000000e+00
0.000000000000000000e+00
0.000000000000000000e+00
0.000000000000000000e+00
0.000000000000000000e+00
0.000000000000000000e+00
0.000000000000000000e+00
0.000000000000000000e+00
0.000000000000000000e+00
7.783987380154855362e-02
3.716008042167613823e+00
7.383964808176241235e+00
1.109367697870716896e+01
1.475718428635538970e+01
1.832913985570526805e+01
2.178064357110010008e+01
2.501376487141568106e+01
2.806225648400338812e+01
3.078572624370630351e+01
3.327678124876950250e+01
3.536578824216696404e+01
3.719432924448549471e+01
3.857754547696383440e+01
3.969218324617511229e+01
4.035124934000338470e+01
4.075171478052889995e+01
4.071588267221927993e+01
4.044654047018158138e+01
3.978481156099783789e+01
3.892656322867716767e+01
3.773931542210912227e+01
3.640100939490987741e+01
3.481083474005167488e+01
3.311969059965029771e+01
3.126107371290557424e+01
2.935196233962452084e+01
2.735997714448182094e+01
2.536425686254808554e+01
2.336362017582123229e+01
2.139901279459887107e+01
1.949525338880122405e+01
1.765819519318145581e+01
1.593192953934396883e+01
1.429317726243224662e+01
1.279794330416735626e+01
1.140151803850419654e+01
1.016468340497432443e+01
9.029321263114892915e+00
8.054758440494818927e+00
7.176737324511079485e+00
6.448382892773925512e+00
5.804924562624105278e+00
5.290400597105299418e+00
4.843698517582431862e+00
4.499115064164191935e+00
4.201975315531149668e+00
3.978335523798055107e+00
3.781924902159817581e+00
3.633741479105469185e+00
3.497139030645129321e+00
3.391878999132817096e+00
3.291172583613862557e+00
3.216584881276088659e+00
3.149946668507679792e+00
3.115634157691218320e+00
3.101079603122515849e+00
3.132083777184634599e+00
3.197762391485975186e+00
3.322457248141703623e+00
3.493361618331451979e+00
3.730340410381023819e+00
4.016703667682148371e+00
4.365854416160741103e+00
4.757561622665281043e+00
5.198408819391173274e+00
5.666990058727876090e+00
6.164173433035441185e+00
6.670967826166030790e+00
7.184391869497274818e+00
7.691198441708964495e+00
8.186256034716066665e+00
8.664085623809089753e+00
9.118403944476183298e+00
9.551644973381604231e+00
9.956705179398539940e+00
1.034239954455287602e+01
1.070090494978424545e+01
1.104487497301978038e+01
1.136616709695534944e+01
1.167849022530604586e+01
1.197445819340327766e+01
1.226658381162679490e+01
1.255005223909228107e+01
1.283471177414081232e+01
1.312033890168677885e+01
1.341338760819156306e+01
1.371952060809661056e+01
1.404106683921160759e+01
1.438921658990663666e+01
1.476133452285070646e+01
1.517192138701271986e+01
1.561254597858567550e+01
1.609748612793719857e+01
1.661238999987977039e+01
1.716748944648156794e+01
1.774367148173669406e+01
1.834399706561245225e+01
1.894725942766098825e+01
1.954761033279308435e+01
2.012540548949771235e+01
2.066574126156735502e+01
2.115471315402511721e+01
2.156972359118487503e+01
2.190625518768680635e+01
2.213655703183680146e+01
2.226821838126619468e+01
2.227167793590272993e+01
2.216786034368184843e+01
2.192873957139913088e+01
2.158766458469099803e+01
2.112035974869331056e+01
2.056913406081307016e+01
1.991392879917010816e+01
1.920071695194343064e+01
1.841294287750289627e+01
1.759446311646851413e+01
1.673137165195359088e+01
1.586089479551588255e+01
1.497157268574204636e+01
1.409140638059602146e+01
1.321192752881266053e+01
1.235132772381248323e+01
1.150505308836412155e+01
1.068232627708147398e+01
9.883240324496956219e+00
9.109677848260407274e+00
8.366482926641740647e+00
7.649933459124219404e+00
6.968911263224939034e+00
6.315620581219427265e+00
5.701580604430852794e+00
5.116130102233924504e+00
4.571687339571693265e+00
4.055665572290899412e+00
3.579716070252187965e+00
3.130223754938008529e+00
2.716832022935196544e+00
2.325782155149279884e+00
1.964043532302653050e+00
1.618718180363768688e+00
1.294016703226645859e+00
9.788128447556261325e-01
6.749142973657995537e-01
3.737136961644859645e-01
7.522311350341769065e-02
0.000000000000000000e+00
0.000000000000000000e+00
0.000000000000000000e+00
0.000000000000000000e+00
0.000000000000000000e+00
0.000000000000000000e+00
0.000000000000000000e+00
0.000000000000000000e+00
0.000000000000000000e+00
0.000000000000000000e+00
0.000000000000000000e+00
0.000000000000000000e+00
0.000000000000000000e+00
0.000000000000000000e+00
0.000000000000000000e+00
0.000000000000000000e+00
0.000000000000000000e+00
0.000000000000000000e+00
0.000000000000000000e+00
0.000000000000000000e+00
0.000000000000000000e+00
0.000000000000000000e+00
0.000000000000000000e+00
0.000000000000000000e+00
0.000000000000000000e+00
0.000000000000000000e+00
0.000000000000000000e+00
0.000000000000000000e+00
0.000000000000000000e+00
0.000000000000000000e+00
0.000000000000000000e+00
0.000000000000000000e+00
0.000000000000000000e+00
0.000000000000000000e+00
0.000000000000000000e+00
0.000000000000000000e+00
0.000000000000000000e+00
0.000000000000000000e+00
0.000000000000000000e+00
0.000000000000000000e+00
0.000000000000000000e+00
0.000000000000000000e+00
0.000000000000000000e+00
0.000000000000000000e+00
0.000000000000000000e+00
0.000000000000000000e+00
0.000000000000000000e+00
0.000000000000000000e+00
0.000000000000000000e+00
0.000000000000000000e+00
0.000000000000000000e+00
0.000000000000000000e+00
0.000000000000000000e+00
0.000000000000000000e+00
0.000000000000000000e+00
0.000000000000000000e+00
0.000000000000000000e+00
0.000000000000000000e+00
0.000000000000000000e+00
0.000000000000000000e+00
0.000000000000000000e+00
0.000000000000000000e+00
0.000000000000000000e+00
0.000000000000000000e+00
0.000000000000000000e+00
0.000000000000000000e+00
0.000000000000000000e+00
0.000000000000000000e+00
0.000000000000000000e+00
0.000000000000000000e+00
0.000000000000000000e+00
0.000000000000000000e+00
0.000000000000000000e+00
0.000000000000000000e+00
0.000000000000000000e+00
0.000000000000000000e+00
0.000000000000000000e+00
0.000000000000000000e+00
0.000000000000000000e+00
0.000000000000000000e+00
0.000000000000000000e+00
0.000000000000000000e+00
0.000000000000000000e+00
0.000000000000000000e+00
0.000000000000000000e+00
1.438963114705598123e+00
4.976310685572843617e+00
8.660211439529003741e+00
1.238886115030604351e+01
1.616646614397854265e+01
1.989205604705198738e+01
2.356080695080992271e+01
2.708242480416933518e+01
3.044367512702582701e+01
3.357288116914104137e+01
3.645032324504951049e+01
3.902813055217729499e+01
4.128314564971830691e+01
4.319348133175014226e+01
4.473610883697607932e+01
4.591474050202567270e+01
4.670965940283069529e+01
4.714795604675103391e+01
4.721519110412643272e+01
4.695818453921601332e+01
4.636810519139021380e+01
4.550669445566343541e+01
4.436959574162827380e+01
4.302775777292439585e+01
4.147938563516846955e+01
3.979831346368546008e+01
3.798343030615685478e+01
3.610525849415779476e+01
3.416210521670836897e+01
3.221570065583861719e+01
3.026337723115871725e+01
2.835433204636439086e+01
2.648540117371945257e+01
2.469163596196616339e+01
2.297039609075781641e+01
2.134310672173115719e+01
1.980858028197098974e+01
1.837650668692662137e+01
1.704734882061937284e+01
1.582153529815395387e+01
1.470038869039134433e+01
1.367742573862430611e+01
1.275335940018889680e+01
1.191706922833084192e+01
1.116725607813211951e+01
1.049049079632507819e+01
9.882966568691907483e+00
9.331707509907564813e+00
8.831169129881040192e+00
8.371598530334544819e+00
7.947402481494977522e+00
7.554336794259008059e+00
7.188702593317646716e+00
6.852891187968527476e+00
6.546576374253390895e+00
6.278234101592383709e+00
6.051127750029618113e+00
5.877291080375993459e+00
5.762208095486877291e+00
5.717356208218146385e+00
5.748062173811517184e+00
5.860911941710735817e+00
6.058732719703988856e+00
6.339908543954585696e+00
6.703421576901002155e+00
7.138211822723687483e+00
7.639559915544881008e+00
8.188052722043680731e+00
8.776809409614331869e+00
9.381113564358830814e+00
9.994272926275554525e+00
1.059045810403667787e+01
1.116549607935658628e+01
1.169672576396460961e+01
1.218409176997783483e+01
1.261153386038283486e+01
1.298354282224481793e+01
1.329275907301352255e+01
1.354726687430277110e+01
1.374867872127077284e+01
1.390646171964758437e+01
1.402971340356898011e+01
1.412644797053604684e+01
1.421075406689415743e+01
1.428670418596560410e+01
1.437067097059173904e+01
1.446153938332485644e+01
1.457573149486744768e+01
1.470739308145082980e+01
1.487156477155149759e+01
1.505960193440379946e+01
1.528428452191973896e+01
1.553685018905749615e+01
1.582689655003396290e+01
1.614781162414307403e+01
1.650445536777848687e+01
1.689323741451486427e+01
1.731187430131265614e+01
1.775917728886398095e+01
1.822340501523463629e+01
1.870457591812319009e+01
1.918067342115441676e+01
1.965233802225053594e+01
2.008886661878018742e+01
2.049217216655667073e+01
2.082686898216731208e+01
2.109770692574846862e+01
2.126981929462977305e+01
2.135232183711444165e+01
2.131587595316504746e+01
2.117453485596143636e+01
2.090799129136093626e+01
2.053438881245695669e+01
2.004394411508624430e+01
1.945669488105238187e+01
1.877289628804635058e+01
1.801156104031781524e+01
1.718118423066971800e+01
1.629702787141343023e+01
1.537356965435513700e+01
1.442052307991596116e+01
1.345620856617832573e+01
1.248419205065682114e+01
1.152477608381810903e+01
1.057585305810361120e+01
9.658266244010563994e+00
8.765424454310489111e+00
7.917434820285055963e+00
7.104739921606183728e+00
6.345648618670296059e+00
5.629112832543059497e+00
4.970679193012746744e+00
4.359012720435176291e+00
3.806111261231222453e+00
3.301199767464548795e+00
2.852206787442603364e+00
2.449427824626436045e+00
2.096450020911347689e+00
1.784918006366025045e+00
1.514296872635096491e+00
1.277734770476647741e+00
1.071138205999621063e+00
8.893120503259748233e-01
7.255092754929208798e-01
5.763687295077742911e-01
4.336135329668169280e-01
2.958417432210345144e-01
1.543360258806475704e-01
9.622407104553466067e-03
0.000000000000000000e+00
0.000000000000000000e+00
0.000000000000000000e+00
0.000000000000000000e+00
0.000000000000000000e+00
0.000000000000000000e+00
0.000000000000000000e+00
0.000000000000000000e+00
0.000000000000000000e+00
0.000000000000000000e+00
0.000000000000000000e+00
0.000000000000000000e+00
0.000000000000000000e+00
0.000000000000000000e+00
0.000000000000000000e+00
0.000000000000000000e+00
0.000000000000000000e+00
0.000000000000000000e+00
0.000000000000000000e+00
0.000000000000000000e+00
0.000000000000000000e+00
0.000000000000000000e+00
0.000000000000000000e+00
0.000000000000000000e+00
0.000000000000000000e+00
0.000000000000000000e+00
0.000000000000000000e+00
0.000000000000000000e+00
0.000000000000000000e+00
0.000000000000000000e+00
0.000000000000000000e+00
0.000000000000000000e+00
0.000000000000000000e+00
0.000000000000000000e+00
0.000000000000000000e+00
0.000000000000000000e+00
0.000000000000000000e+00
0.000000000000000000e+00
0.000000000000000000e+00
0.000000000000000000e+00
0.000000000000000000e+00
0.000000000000000000e+00
0.000000000000000000e+00
0.000000000000000000e+00
0.000000000000000000e+00
0.000000000000000000e+00
0.000000000000000000e+00
0.000000000000000000e+00
0.000000000000000000e+00
0.000000000000000000e+00
0.000000000000000000e+00
0.000000000000000000e+00
0.000000000000000000e+00
0.000000000000000000e+00
0.000000000000000000e+00
0.000000000000000000e+00
0.000000000000000000e+00
0.000000000000000000e+00
0.000000000000000000e+00
0.000000000000000000e+00
0.000000000000000000e+00
0.000000000000000000e+00
0.000000000000000000e+00
0.000000000000000000e+00
0.000000000000000000e+00
0.000000000000000000e+00
0.000000000000000000e+00
0.000000000000000000e+00
0.000000000000000000e+00
0.000000000000000000e+00
0.000000000000000000e+00
0.000000000000000000e+00
0.000000000000000000e+00
0.000000000000000000e+00
0.000000000000000000e+00
0.000000000000000000e+00
0.000000000000000000e+00
0.000000000000000000e+00
0.000000000000000000e+00
1.949972913840433142e+00
5.299000440950379698e+00
8.692499253403937587e+00
1.204145165593478950e+01
1.536190257511876212e+01
1.853009861062822594e+01
2.159709808864970881e+01
2.441569258984719326e+01
2.706867865310335475e+01
2.939820674267997092e+01
3.151263125310272883e+01
3.325578301677648341e+01
3.475343240299428516e+01
3.586161079932397655e+01
3.671434627269775319e+01
3.718811838405141401e+01
3.741581113839309580e+01
3.730017100884803227e+01
3.696396088656730683e+01
3.633965050566703070e+01
3.553201189179927155e+01
3.450441747883610333e+01
3.333765888072438344e+01
3.202482796182236058e+01
3.061939899998705528e+01
2.914066907662473227e+01
2.761453068199847394e+01
2.608106847771239245e+01
2.454113319713012586e+01
2.304858044850182708e+01
2.158388239438872702e+01
2.020694215242804148e+01
1.888373840538661952e+01
1.767290762894827338e+01
1.653205612061432817e+01
1.551241136556004108e+01
1.456876972596491093e+01
1.374093233460974695e+01
1.298545410412492629e+01
1.232926302293768650e+01
1.173416535666785876e+01
1.121537050399085622e+01
1.074210694831675994e+01
1.032091372980448263e+01
9.928996227715884970e+00
9.568072013267164166e+00
9.222378325063141702e+00
8.892670634946167496e+00
8.568237754339666168e+00
8.252210057230444207e+00
7.936503155505731932e+00
7.628945744410370544e+00
7.321830205704273453e+00
7.028832158379812789e+00
6.740931094425707926e+00
6.477500076128379192e+00
6.227143550764156821e+00
6.013360290982966205e+00
5.821845315890033845e+00
5.677568531692167575e+00
5.563373208345634424e+00
5.502613378350968532e+00
5.476194519453549958e+00
5.503275573864248038e+00
5.564565541331330856e+00
5.673457940390068899e+00
5.812614279742899015e+00
5.989102118095940952e+00
6.189508659461835371e+00
6.415131746096848886e+00
6.657718809903773405e+00
6.914105724299869138e+00
7.181481488732235796e+00
7.454248425761753616e+00
7.734173122357430152e+00
8.015516263027000932e+00
8.302651041741148319e+00
8.591791912636280060e+00
8.887213141693386831e+00
9.188795280519244102e+00
9.497881123604111409e+00
9.819183409906116822e+00
1.014890542417119512e+01
1.049715614895572813e+01
1.085409324856554925e+01
1.123519101113953944e+01
1.162526466481191534e+01
1.204421598995977050e+01
1.247363589298810105e+01
1.293577994990989311e+01
1.341180952667403403e+01
1.392266877707230144e+01
1.445186615566301036e+01
1.501416279802023190e+01
1.559767757514641495e+01
1.620562543100900399e+01
1.683244374523479436e+01
1.746532323311497947e+01
1.810646198648970184e+01
1.872477826246240085e+01
1.933182386952922371e+01
1.987918723471173621e+01
2.038949746429313592e+01
2.080113221949581614e+01
2.114910344251520868e+01
2.136481018263249609e+01
2.149577871007067742e+01
2.147335662093688313e+01
2.135586508447200416e+01
2.108081122413381792e+01
2.071341874012324880e+01
2.020158369465026382e+01
1.961170319122675210e+01
1.890408456998628850e+01
1.813973837512051901e+01
1.729158020908568005e+01
1.640944334196384347e+01
1.547825940444133508e+01
1.453290440457640642e+01
1.356939139698756769e+01
1.260640085473165861e+01
1.165005231543977793e+01
1.070379672224773415e+01
9.782528598799364872e+00
8.877003203689996624e+00
8.009166826874720257e+00
7.160390015041983247e+00
6.357485079766850511e+00
5.575877964267568210e+00
4.844819130736398805e+00
4.136848895445459640e+00
3.481157258900838603e+00
2.849864667715515498e+00
2.269939985806153082e+00
1.714880852542877365e+00
1.207791679837173948e+00
7.247610980569891836e-01
2.841255041522780522e-01
0.000000000000000000e+00
0.000000000000000000e+00
0.000000000000000000e+00
0.000000000000000000e+00
0.000000000000000000e+00
0.000000000000000000e+00
0.000000000000000000e+00
0.000000000000000000e+00
0.000000000000000000e+00
0.000000000000000000e+00
0.000000000000000000e+00
0.000000000000000000e+00
0.000000000000000000e+00
0.000000000000000000e+00
0.000000000000000000e+00
0.000000000000000000e+00
0.000000000000000000e+00
0.000000000000000000e+00
0.000000000000000000e+00
0.000000000000000000e+00
0.000000000000000000e+00
0.000000000000000000e+00
0.000000000000000000e+00
0.000000000000000000e+00
0.000000000000000000e+00
0.000000000000000000e+00
0.000000000000000000e+00
0.000000000000000000e+00
0.000000000000000000e+00
0.000000000000000000e+00
0.000000000000000000e+00
0.000000000000000000e+00
0.000000000000000000e+00
0.000000000000000000e+00
0.000000000000000000e+00
0.000000000000000000e+00
0.000000000000000000e+00
0.000000000000000000e+00
0.000000000000000000e+00
0.000000000000000000e+00
0.000000000000000000e+00
0.000000000000000000e+00
0.000000000000000000e+00
0.000000000000000000e+00
0.000000000000000000e+00
0.000000000000000000e+00
0.000000000000000000e+00
0.000000000000000000e+00
0.000000000000000000e+00
0.000000000000000000e+00
0.000000000000000000e+00
0.000000000000000000e+00
0.000000000000000000e+00
0.000000000000000000e+00
0.000000000000000000e+00
0.000000000000000000e+00
0.000000000000000000e+00
0.000000000000000000e+00
0.000000000000000000e+00
0.000000000000000000e+00
0.000000000000000000e+00
0.000000000000000000e+00
0.000000000000000000e+00
0.000000000000000000e+00
0.000000000000000000e+00
0.000000000000000000e+00
0.000000000000000000e+00
0.000000000000000000e+00
0.000000000000000000e+00
0.000000000000000000e+00
0.000000000000000000e+00
0.000000000000000000e+00
0.000000000000000000e+00
0.000000000000000000e+00
0.000000000000000000e+00
0.000000000000000000e+00
0.000000000000000000e+00
0.000000000000000000e+00
0.000000000000000000e+00
0.000000000000000000e+00
0.000000000000000000e+00
0.000000000000000000e+00
0.000000000000000000e+00
0.000000000000000000e+00
0.000000000000000000e+00
0.000000000000000000e+00
0.000000000000000000e+00
1.890616855044032540e+00
5.458499932005989486e+00
9.111876890791746675e+00
1.281134506325031808e+01
1.646122695510224077e+01
2.009957002376894408e+01
2.354978637756504156e+01
2.692655644532686310e+01
2.998786445487510477e+01
3.291734273207407568e+01
3.542866294476143452e+01
3.776144675987898580e+01
3.960794249256245081e+01
4.124732776796172828e+01
4.237172257970746614e+01
4.328158173597957159e+01
4.368656610504650928e+01
4.388966726463144852e+01
4.363181241993514448e+01
4.320046093020849298e+01
4.237805091431796711e+01
4.142024102166689659e+01
4.015821739391859779e+01
3.880244181763396227e+01
3.723698237100261110e+01
3.561758272140902903e+01
3.388183179252085608e+01
3.212588521166452438e+01
3.033756163338586020e+01
2.855379052107716831e+01
2.680582653243263991e+01
2.507695463059209473e+01
2.343259903336461036e+01
2.181253250846685887e+01
2.030611252006620759e+01
1.882270525094948255e+01
1.746558516061935151e+01
1.612763271023863965e+01
1.491715458186207321e+01
1.372311344321336790e+01
1.265163455758049516e+01
1.159746298430602884e+01
1.065929762300197758e+01
9.743657038235063794e+00
8.938515054192812670e+00
8.164308272364145580e+00
7.496601701983081512e+00
6.868682984900722488e+00
6.343452899015920465e+00
5.863900270040644180e+00
5.481283255194934867e+00
5.144633619873330233e+00
4.895982831511708433e+00
4.687603628092205987e+00
4.555763051231158656e+00
4.454732325792313041e+00
4.418884592153719204e+00
4.404527791215675059e+00
4.447068747383577048e+00
4.505542871102031555e+00
4.617523049917851452e+00
4.745216424300769731e+00
4.926981368567293629e+00
5.128261803340631531e+00
5.385010840798729603e+00
5.665947332833330741e+00
6.000762820641387663e+00
6.362105641187895344e+00
6.770217830165215389e+00
7.203155342959561835e+00
7.670064009779688163e+00
8.156352813414658343e+00
8.660156346005917882e+00
9.175917899082106644e+00
9.692403312981404895e+00
1.021359654164388964e+01
1.072151429829673930e+01
1.122849584524202449e+01
1.171292309062271642e+01
1.219266312229065896e+01
1.264580951658685848e+01
1.309190302102676640e+01
1.351203483638042258e+01
1.392359460854900277e+01
1.431368023833948122e+01
1.469460281946989078e+01
1.506159715239977004e+01
1.542034277049965141e+01
1.577466136610318159e+01
1.612352686989576966e+01
1.647754526608957448e+01
1.683031905934880612e+01
1.719517627394212056e+01
1.756303309638625620e+01
1.794436796692244229e+01
1.833128584255002735e+01
1.872548885399429963e+01
1.912489945231152078e+01
1.951734002927891254e+01
1.991119291753977194e+01
2.027719365344710667e+01
2.063797017388545996e+01
2.094648049242146470e+01
2.124187278681688085e+01
2.146141913216955288e+01
2.166086271904212168e+01
2.176597217456022548e+01
2.184647369973708919e+01
2.182179775989646586e+01
2.177038145149553827e+01
2.161057589313467986e+01
2.142245990314758686e+01
2.112833941392018744e+01
2.080276102886742962e+01
2.037706256172229047e+01
1.991474322350569537e+01
1.936133423002732457e+01
1.876618764092082969e+01
1.809338331522535270e+01
1.737700018639189281e+01
1.660198730003968492e+01
1.578713624335167154e+01
1.493775627678802209e+01
1.405791953437717545e+01
1.317013114632860749e+01
1.226497602049016322e+01
1.137738590512581816e+01
1.048666275223158095e+01
9.634827178439675066e+00
8.793008098575974429e+00
8.005121819438036468e+00
7.237622284699032349e+00
6.531696782261903422e+00
5.852619291685072334e+00
5.235258293625378201e+00
4.647009371446474191e+00
4.114165277081613503e+00
3.609051819958828844e+00
3.148399798355762780e+00
2.711419006069833770e+00
2.305286174266354848e+00
1.917084455399608700e+00
1.545377399940947916e+00
1.185169892329460462e+00
8.280386304430380484e-01
4.762089363778143625e-01
1.164126605668802245e-01
0.000000000000000000e+00
0.000000000000000000e+00
0.000000000000000000e+00
0.000000000000000000e+00
0.000000000000000000e+00
0.000000000000000000e+00
0.000000000000000000e+00
0.000000000000000000e+00
0.000000000000000000e+00
0.000000000000000000e+00
0.000000000000000000e+00
0.000000000000000000e+00
0.000000000000000000e+00
0.000000000000000000e+00
0.000000000000000000e+00
0.000000000000000000e+00
0.000000000000000000e+00
0.000000000000000000e+00
0.000000000000000000e+00
0.000000000000000000e+00
0.000000000000000000e+00
0.000000000000000000e+00
0.000000000000000000e+00
0.000000000000000000e+00
0.000000000000000000e+00
0.000000000000000000e+00
0.000000000000000000e+00
0.000000000000000000e+00
0.000000000000000000e+00
0.000000000000000000e+00
0.000000000000000000e+00
0.000000000000000000e+00
0.000000000000000000e+00
0.000000000000000000e+00
0.000000000000000000e+00
0.000000000000000000e+00
0.000000000000000000e+00
0.000000000000000000e+00
0.000000000000000000e+00
0.000000000000000000e+00
0.000000000000000000e+00
0.000000000000000000e+00
0.000000000000000000e+00
0.000000000000000000e+00
0.000000000000000000e+00
0.000000000000000000e+00
0.000000000000000000e+00
0.000000000000000000e+00
0.000000000000000000e+00
0.000000000000000000e+00
0.000000000000000000e+00
0.000000000000000000e+00
0.000000000000000000e+00
0.000000000000000000e+00
0.000000000000000000e+00
0.000000000000000000e+00
0.000000000000000000e+00
0.000000000000000000e+00
0.000000000000000000e+00
0.000000000000000000e+00
0.000000000000000000e+00
0.000000000000000000e+00
0.000000000000000000e+00
0.000000000000000000e+00
0.000000000000000000e+00
0.000000000000000000e+00
0.000000000000000000e+00
0.000000000000000000e+00
0.000000000000000000e+00
0.000000000000000000e+00
0.000000000000000000e+00
0.000000000000000000e+00
0.000000000000000000e+00
0.000000000000000000e+00
0.000000000000000000e+00
0.000000000000000000e+00
0.000000000000000000e+00
0.000000000000000000e+00
0.000000000000000000e+00
0.000000000000000000e+00
0.000000000000000000e+00
2.172431514296876198e+00
5.908956594433082188e+00
9.772777969339854209e+00
1.366995715859298244e+01
1.752751752142129504e+01
2.138521704173524540e+01
2.503309416613982208e+01
2.864602471738373524e+01
3.189385888168800420e+01
3.507370544325385708e+01
3.776302311590630723e+01
4.035705089366545906e+01
4.237407151954196394e+01
4.427694038833999457e+01
4.555852912219312856e+01
4.671674025638037620e+01
4.724991017083945621e+01
4.765971863517142282e+01
4.747700282739768340e+01
4.717887071796095455e+01
4.635180989384615202e+01
4.542359977332363741e+01
4.405548607315341769e+01
4.260510025190362171e+01
4.082238470170447897e+01
3.897883891420151770e+01
3.692043534055549259e+01
3.482294682082913795e+01
3.262788632751522755e+01
3.041397645396012450e+01
2.821022732978908110e+01
2.600569372957870939e+01
2.390220407803703040e+01
2.181405228195762902e+01
1.989642487824862371e+01
1.800840250546387367e+01
1.633673843400695347e+01
1.470601759066072134e+01
1.331322860727706825e+01
1.196774840292438924e+01
1.085896785520195884e+01
9.797348696785570965e+00
8.952504588805199504e+00
8.148423144977307686e+00
7.529182875420715959e+00
6.940343412975363613e+00
6.500159179158088385e+00
6.079291279401200399e+00
5.773628888518093305e+00
5.478036263500462688e+00
5.271003342222342347e+00
5.067594236473563996e+00
4.934230639723203637e+00
4.800807792289050191e+00
4.726558082615564871e+00
4.651200798585290563e+00
4.630494645682499133e+00
4.610445604403326847e+00
4.645473552646265603e+00
4.685884472778674592e+00
4.784564358009491869e+00
4.895539696944974928e+00
5.067709811073370041e+00
5.259121554711977176e+00
5.510654611354189214e+00
5.785405693889049239e+00
6.111950743363843586e+00
6.460356426145425601e+00
6.844146831737607073e+00
7.242747735861553515e+00
7.654264605203171534e+00
8.069741621837337675e+00
8.474352666650791122e+00
8.871815983947204387e+00
9.239250516962657755e+00
9.592024898994381488e+00
9.905484558288767616e+00
1.020304051189969208e+01
1.046467189352387805e+01
1.071580932736729430e+01
1.094637049635129245e+01
1.117633500902647370e+01
1.140881743928228786e+01
1.165135296642304752e+01
1.192131245206341283e+01
1.220929289687640029e+01
1.254564160302800602e+01
1.290358717563361068e+01
1.332268100877831074e+01
1.376279889130097267e+01
1.426635729970673339e+01
1.478753287206252587e+01
1.536297118987719479e+01
1.595086818578801768e+01
1.657195777585362961e+01
1.719849964139301335e+01
1.782550162541142313e+01
1.844806879532745114e+01
1.902818046025145904e+01
1.959054674298656806e+01
2.006163269669498206e+01
2.049979973939916889e+01
2.079929139894866807e+01
2.105276170280814796e+01
2.113058088010783564e+01
2.115604328537926193e+01
2.098691034223671892e+01
2.076864791635462382e+01
2.035810663960960909e+01
1.991051460275829754e+01
1.929245625002209508e+01
1.865453848587267061e+01
1.788162029519094176e+01
1.710606984529981744e+01
1.623738730505362682e+01
1.537904586082711234e+01
1.446911699248374816e+01
1.357616947606491742e+01
1.266832204818496876e+01
1.177815487624994617e+01
1.090267212640115346e+01
1.004165532848546150e+01
9.217225158173873112e+00
8.402615647195245785e+00
7.639232549339102896e+00
6.881591251479939331e+00
6.183196617067927114e+00
5.488030698129431784e+00
4.854356978691631852e+00
4.222984571146477073e+00
3.650270666915879314e+00
3.079885971301352221e+00
2.561312663510794341e+00
2.045322432519327993e+00
1.571511875567381145e+00
1.100303058039193926e+00
6.605059048562251789e-01
2.230715427139844109e-01
0.000000000000000000e+00
0.000000000000000000e+00
0.000000000000000000e+00
0.000000000000000000e+00
0.000000000000000000e+00
0.000000000000000000e+00
0.000000000000000000e+00
0.000000000000000000e+00
0.000000000000000000e+00
0.000000000000000000e+00
0.000000000000000000e+00
0.000000000000000000e+00
0.000000000000000000e+00
0.000000000000000000e+00
0.000000000000000000e+00
0.000000000000000000e+00
0.000000000000000000e+00
0.000000000000000000e+00
0.000000000000000000e+00
0.000000000000000000e+00
0.000000000000000000e+00
0.000000000000000000e+00
0.000000000000000000e+00
0.000000000000000000e+00
0.000000000000000000e+00
0.000000000000000000e+00
0.000000000000000000e+00
0.000000000000000000e+00
0.000000000000000000e+00
0.000000000000000000e+00
0.000000000000000000e+00
0.000000000000000000e+00
0.000000000000000000e+00
0.000000000000000000e+00
0.000000000000000000e+00
0.000000000000000000e+00
0.000000000000000000e+00
0.000000000000000000e+00
0.000000000000000000e+00
0.000000000000000000e+00
0.000000000000000000e+00
0.000000000000000000e+00
0.000000000000000000e+00
0.000000000000000000e+00
0.000000000000000000e+00
0.000000000000000000e+00
0.000000000000000000e+00
0.000000000000000000e+00
0.000000000000000000e+00
0.000000000000000000e+00
0.000000000000000000e+00
0.000000000000000000e+00
0.000000000000000000e+00
0.000000000000000000e+00
0.000000000000000000e+00
0.000000000000000000e+00
0.000000000000000000e+00
0.000000000000000000e+00
0.000000000000000000e+00
0.000000000000000000e+00
0.000000000000000000e+00
0.000000000000000000e+00
0.000000000000000000e+00
0.000000000000000000e+00
0.000000000000000000e+00
0.000000000000000000e+00
0.000000000000000000e+00
0.000000000000000000e+00
0.000000000000000000e+00
0.000000000000000000e+00
0.000000000000000000e+00
0.000000000000000000e+00
0.000000000000000000e+00
0.000000000000000000e+00
0.000000000000000000e+00
0.000000000000000000e+00
0.000000000000000000e+00
0.000000000000000000e+00
0.000000000000000000e+00
0.000000000000000000e+00
0.000000000000000000e+00
0.000000000000000000e+00
0.000000000000000000e+00
0.000000000000000000e+00
0.000000000000000000e+00
0.000000000000000000e+00
2.927741047791518447e+00
6.457819058269222090e+00
1.022637886941013186e+01
1.401962840605819594e+01
1.788878732261050430e+01
2.177953598971662785e+01
2.556875270653789656e+01
2.937362553320429015e+01
3.290205099253206100e+01
3.643695339044294457e+01
3.953881344766789141e+01
4.263483882008677028e+01
4.517127070940497191e+01
4.768741363521220222e+01
4.955411769938980626e+01
5.138585088854880922e+01
5.251732372239595747e+01
5.360138333082266371e+01
5.397300737740626175e+01
5.428939412062345582e+01
5.391834431425857588e+01
5.349053253247811313e+01
5.243540002488430218e+01
5.132882537233439280e+01
4.968710231655275322e+01
4.800535020808294462e+01
4.590734617678557328e+01
4.378495682231113051e+01
4.138356112999076686e+01
3.897505480278233847e+01
3.643166035228324517e+01
3.389714941254219838e+01
3.136549449412827428e+01
2.885459404884997170e+01
2.646501595874823920e+01
2.410156477257564589e+01
2.194838437236620976e+01
1.981898680957521464e+01
1.795408830915505050e+01
1.610370584257652027e+01
1.453829072545132739e+01
1.297434710245077838e+01
1.168879308419123753e+01
1.039267431423526844e+01
9.351553269473747321e+00
8.293501500176668983e+00
7.460599161495295562e+00
6.612415986723554795e+00
5.960329679673925796e+00
5.301409116949471034e+00
4.813510828350196391e+00
4.330008863044123579e+00
3.996109907836199682e+00
3.675897180102235762e+00
3.486117395607324809e+00
3.313946238706290792e+00
3.254037345809940973e+00
3.209241628068436381e+00
3.259535254411211280e+00
3.317513539844364701e+00
3.455493042331495790e+00
3.592114913798276632e+00
3.797434461686563623e+00
3.994479251194074987e+00
4.253444243606024244e+00
4.501977313023963312e+00
4.809503541799269755e+00
5.109856293021686646e+00
5.467428970301296154e+00
5.825167812211862639e+00
6.236107207249926176e+00
6.656029821973914018e+00
7.119403431602957966e+00
7.599208790478243714e+00
8.104988826740360253e+00
8.631065174858221667e+00
9.157869972029827110e+00
9.704131749670066753e+00
1.022013249649557842e+01
1.075020953552203196e+01
1.121707425016074744e+01
1.168955249580572087e+01
1.206896761025724807e+01
1.244491368878749427e+01
1.270624479131800655e+01
1.295709197894460729e+01
1.308417394663081268e+01
1.319770006349612324e+01
1.319229409697678079e+01
1.317449330885160741e+01
1.305526507508046485e+01
1.292767252928569910e+01
1.272493793117839367e+01
1.251845042128242369e+01
1.226678728248499262e+01
1.201457983129878215e+01
1.201257077633332671e+01
