3.297173642901204005e+01
3.322717938485313738e+01
3.348148878934090789e+01
3.373996875955028685e+01
3.399311270462375489e+01
3.426033804720184150e+01
3.452078649399027199e+01
3.480614439651211711e+01
3.508598106558910246e+01
3.540085153808335861e+01
3.571291230515443971e+01
3.606734897498282066e+01
3.642162429654012357e+01
3.682140989786522312e+01
3.722270495567587290e+01
3.766811208239537478e+01
3.811570887511068406e+01
3.860208500929418562e+01
3.909085378055667093e+01
3.961023252130274130e+01
4.013213875011557974e+01
4.067427358268169257e+01
4.121887518153073415e+01
4.177125671814346219e+01
4.232516726749554437e+01
4.287215310741272845e+01
4.341815277647248195e+01
4.394050974261493536e+01
4.445788317812409218e+01
4.493439518505653041e+01
4.540167606474733475e+01
4.581299816872478203e+01
4.621245130941064616e+01
4.654570594075028822e+01
4.686742507478147246e+01
4.711933139991299413e+01
4.736283657607552300e+01
4.753940239526706790e+01
4.771182584618224354e+01
4.782528520595472088e+01
4.793794525571541243e+01
4.800323309388473803e+01
4.806889219643127831e+01
4.810133278985787797e+01
4.813297437625513453e+01
4.814745840230684593e+01
4.815844621008591986e+01
4.816970393120968197e+01
4.817490118194537985e+01
4.819851609213358046e+01
4.821554295143229041e+01
4.826837108531049836e+01
4.831727495905688841e+01
4.841548883339242337e+01
4.851536057142327252e+01
4.866974244963688534e+01
4.883250790781297468e+01
4.904128755712184073e+01
4.926356812058195800e+01
4.950486779892961664e+01
4.976036151767060289e+01
4.998667855069561483e+01
5.022177083578191770e+01
5.035905329273791153e+01
5.049409239932009541e+01
5.044748461628990555e+01
5.038488664754353863e+01
5.005076256502886167e+01
4.968835720469139261e+01
4.896959830731433527e+01
4.821550760728345608e+01
4.703665630451273216e+01
4.582248965017117825e+01
4.414153115835772212e+01
4.243168880678584287e+01
4.024743945122084199e+01
3.804470334224651396e+01
3.540043529679670087e+01
3.274906200137848344e+01
2.973255397389634780e+01
2.671898430149084902e+01
2.345898312596115076e+01
2.020958406357576465e+01
1.686772222481294747e+01
1.354187550490261494e+01
1.029864285509588484e+01
7.075244983348122574e+00
4.109195346237302537e+00
1.165708362341835613e+00
0.000000000000000000e+00
0.000000000000000000e+00
0.000000000000000000e+00
0.000000000000000000e+00
0.000000000000000000e+00
0.000000000000000000e+00
0.000000000000000000e+00
0.000000000000000000e+00
0.000000000000000000e+00
0.000000000000000000e+00
0.000000000000000000e+00
0.000000000000000000e+00
0.000000000000000000e+00
0.000000000000000000e+00
0.000000000000000000e+00
0.000000000000000000e+00
0.000000000000000000e+00
0.000000000000000000e+00
0.000000000000000000e+00
0.000000000000000000e+00
0.000000000000000000e+00
1.150632624697937700e+00
3.154413404796731157e+00
5.155943565076116286e+00
7.118173435626838241e+00
9.072675777039044931e+00
1.090197652425240626e+01
1.271964838725840075e+01
1.435126596887059947e+01
1.596895555797905608e+01
1.736630719329752637e+01
1.874876018391213606e+01
1.990029884584307851e+01
2.103696546805494805e+01
2.195067780868022922e+01
2.285026424142848001e+01
2.354710511300460496e+01
2.423107500578225881e+01
2.473865829290250673e+01
2.523492158903989591e+01
2.558206765969073615e+01
2.591949074328988445e+01
2.613209796075218705e+01
2.633638062310750172e+01
2.643496258903066476e+01
2.652625097550051692e+01
2.652510507042298471e+01
2.651728156171687090e+01
2.642516280167176390e+01
2.632665127256095161e+01
2.614861996777073117e+01
2.596435345139456174e+01
2.570423998726570503e+01
2.543820919819881610e+01
2.510130293467091889e+01
2.475921623687001727e+01
2.435439639076875551e+01
2.394570322406905305e+01
2.348694691606369744e+01
2.302615127027362618e+01
2.253270145487524090e+01
2.203938311525868698e+01
2.153491163123888441e+01
2.103279434762171718e+01
2.054351999983875032e+01
2.005859082494450618e+01
1.961080024286165724e+01
1.916889977837986692e+01
1.878613574139052744e+01
1.841024696449073517e+01
1.811057031872074319e+01
1.781814608228281216e+01
1.761172422640211366e+01
1.741229958320033333e+01
1.729966203191766994e+01
1.719309819316644905e+01
1.716415164979953190e+01
1.713969019550829387e+01
1.717408455393453082e+01
1.721077203751368145e+01
1.727951121843080884e+01
1.734792822025529446e+01
1.741653284028778259e+01
1.748208117725144817e+01
1.751495606346170320e+01
1.754233299630687171e+01
1.750775959654488290e+01
1.746602082737688733e+01
1.734133693722045777e+01
1.720896956683167645e+01
1.698447896383434852e+01
1.675312022883029428e+01
1.643443364393339934e+01
1.611091286251764743e+01
1.571872930978420335e+01
1.532460147694598973e+01
1.489217252379830292e+01
1.446103512396203250e+01
1.402981603403737410e+01
1.360292848558135859e+01
1.321695487537269287e+01
1.283781627710977880e+01
1.253845091903025022e+01
1.224785349084672248e+01
1.206946652752888127e+01
1.190147111117265410e+01
1.186876169017629223e+01
1.184800101687750384e+01
1.197441206844690598e+01
1.211416775337064422e+01
1.240103135413176005e+01
1.270199024658945319e+01
1.313833635970037861e+01
1.358829205880418023e+01
1.415156928559905225e+01
1.472643884932529090e+01
1.538492419140820644e+01
1.605158156178155338e+01
1.676791293343140765e+01
1.748815184836669445e+01
1.822385619910749810e+01
1.895915806750228683e+01
1.967916664045925756e+01
2.039524931743069658e+01
2.107170189935822080e+01
2.174212624680972894e+01
2.235677602275650244e+01
2.296496315043409808e+01
2.350986461595565657e+01
2.404927640246820886e+01
2.452553597026271603e+01
2.499801671138919801e+01
2.541330872345806924e+01
2.582638148563003355e+01
2.619169907559869159e+01
2.655542527694751698e+01
2.688211633901442710e+01
2.720655126703919180e+01
2.750442927006116633e+01
2.779836787232138917e+01
2.807536150983574075e+01
2.834662722960364079e+01
2.860994905251903475e+01
2.886687845124453133e+01
2.912488549514652902e+01
2.937799601925318171e+01
2.964174590376310903e+01
2.990455085829277948e+01
3.018784444911902654e+01
3.047585491832625237e+01
3.079340137568325630e+01
3.112142293496043521e+01
3.148565208822626005e+01
3.186436545730349224e+01
3.228207222195437964e+01
3.271522884208037141e+01
3.318574555250972224e+01
3.366932735584282455e+01
3.418463208247372620e+01
3.470805598407412873e+01
3.525497006041771186e+01
3.580406824883396411e+01
3.636775204384995419e+01
3.692847348246183259e+01
3.749597355579282265e+01
3.805750695857451404e+01
3.862011721139467824e+01
3.917644964400784602e+01
3.973045156870710315e+01
4.028036658489651245e+01
4.082643540882060051e+01
4.137242027475889472e+01
4.191399701147013701e+01
4.246016558730093493e+01
4.300100497014278744e+01
4.355014228113741126e+01
4.409094566944175142e+01
4.464110051999281836e+01
4.517664860965598450e+01
4.571885330892445154e+01
4.623660298578460015e+01
4.675454267106152173e+01
4.723558736587320084e+01
4.770775624770617895e+01
4.813023736660655771e+01
4.853420427270540216e+01
4.887810651187808730e+01
4.919553133533442946e+01
4.944752857476581198e+01
4.966851384817633175e+01
4.982549330190588677e+01
4.995117271203691445e+01
5.002158477771762790e+01
5.006465008397837124e+01
5.006801980625205317e+01
5.005160338310838597e+01
5.001634542337706790e+01
4.997135727201836630e+01
4.993122203389088298e+01
4.989247901244459626e+01
4.988178974298413237e+01
4.988288592246420450e+01
4.993057868264835975e+01
4.999750251634701925e+01
5.012022952936258235e+01
5.026468299603409662e+01
5.046088654598788281e+01
5.067676022538184100e+01
5.093186122329163368e+01
5.119527189502380082e+01
5.144749391642606184e+01
5.169751482060063807e+01
5.189717214671358647e+01
5.208047145421369351e+01
5.215450127907348588e+01
5.219731292847244930e+01
5.206478161701519980e+01
5.188627988095441168e+01
5.146364440408869001e+01
5.097884801357525930e+01
5.017234837751740884e+01
4.929470915856955315e+01
4.805609168473272774e+01
4.673669801269268476e+01
4.501397635851227363e+01
4.320788827648730290e+01
4.099132563304920041e+01
3.869679973149578700e+01
3.602144097515156318e+01
3.328291443950469386e+01
3.023453440173403450e+01
2.714683201188726258e+01
2.385992127895065451e+01
2.056427480618912185e+01
1.721096945989001981e+01
1.388237780719917502e+01
1.065294090875097055e+01
7.479783794791082130e+00
4.556924207610945743e+00
1.715350629197891941e+00
0.000000000000000000e+00
0.000000000000000000e+00
0.000000000000000000e+00
0.000000000000000000e+00
0.000000000000000000e+00
0.000000000000000000e+00
0.000000000000000000e+00
0.000000000000000000e+00
0.000000000000000000e+00
0.000000000000000000e+00
0.000000000000000000e+00
0.000000000000000000e+00
0.000000000000000000e+00
0.000000000000000000e+00
0.000000000000000000e+00
0.000000000000000000e+00
0.000000000000000000e+00
0.000000000000000000e+00
0.000000000000000000e+00
0.000000000000000000e+00
1.183653863297450926e+00
3.000447408624630441e+00
4.838324661338827326e+00
6.664654081101952343e+00
8.433619328168083129e+00
1.017714818276414057e+01
1.180286382967485714e+01
1.339387579261821770e+01
1.482830009678848882e+01
1.622341978104581628e+01
1.744439353209766352e+01
1.862547081352798983e+01
1.963258845542736708e+01
2.060217600661805193e+01
2.141062089457403417e+01
2.218566586747587621e+01
2.281947464005092385e+01
2.342460906957494871e+01
2.391037218040656143e+01
2.437187735705997227e+01
2.473402499296106427e+01
2.507546340966766252e+01
2.533333122357453249e+01
2.557301327325181717e+01
2.573990307326619842e+01
2.589019021909889773e+01
2.597380247297157041e+01
2.604172140984910655e+01
2.604583932167471971e+01
2.603481776100680989e+01
2.596143713211289494e+01
2.587353979759663503e+01
2.572541917686272228e+01
2.556392507721875873e+01
2.534697176547619080e+01
2.511871712195825879e+01
2.484382426222145313e+01
2.456089982366314572e+01
2.424485633385619110e+01
2.392521436703523463e+01
2.359012217831314473e+01
2.325668021825795506e+01
2.292810665651731483e+01
2.260651966301196580e+01
2.231016233149426853e+01
2.202534582633067828e+01
2.178322549606235725e+01
2.155555784034764599e+01
2.138219829373658243e+01
2.122390994354644533e+01
2.112329567789133833e+01
2.103578257945889973e+01
2.099978138966912766e+01
2.097243885335258540e+01
2.098101094877137029e+01
2.099186063761181131e+01
2.101521012284088741e+01
2.103337986621110645e+01
2.103580275826995916e+01
2.102561760302325311e+01
2.097076434215694007e+01
2.089702586896459025e+01
2.075350376299696364e+01
2.058703765940094854e+01
2.033390330025962101e+01
2.005677364264860785e+01
1.968769102347621214e+01
1.929700381388246910e+01
1.882256837639110358e+01
1.833225670554389808e+01
1.777959012594286747e+01
1.721954979922346141e+01
1.662956106717046367e+01
1.604244592888412058e+01
1.546474748261700860e+01
1.490069800334236838e+01
1.438746876771804040e+01
1.389799532889502487e+01
1.349773626594562792e+01
1.312977230994141031e+01
1.288224434691359477e+01
1.267338570218571192e+01
1.260603107368144826e+01
1.258107748959682226e+01
1.270668951428989857e+01
1.287539947406597207e+01
1.319127950215078471e+01
1.354751341100467066e+01
1.403552854686410001e+01
1.455758658400255889e+01
1.518580501105420311e+01
1.583856531970710435e+01
1.656459027159770869e+01
1.730351582783070441e+01
1.807951086443162225e+01
1.885629463873189593e+01
1.963512832451870693e+01
2.040418583979364087e+01
2.114574993386579038e+01
2.187034729193411309e+01
2.254656804186431884e+01
2.320302533161685687e+01
2.380022937462372568e+01
2.437902527232737881e+01
2.489693967489274584e+01
2.540046065634146188e+01
2.584820527414832725e+01
2.628614641584523781e+01
2.667702599832979615e+01
2.706142261040110597e+01
2.740827428559958889e+01
2.774976889565154181e+01
2.806228015951470667e+01
2.836851362964474177e+01
2.865274419596618216e+01
2.892872362114663431e+01
2.918848074375764767e+01
2.943837656664036473e+01
2.967759380334058150e+01
2.990723778252468890e+01
3.013277224042481350e+01
3.035208233675044198e+01
3.057573826759319857e+01
3.079976944802661620e+01
3.103829777349207575e+01
3.128580223509029778e+01
3.155801731422432255e+01
3.184728464684525306e+01
3.216898598811238941e+01
3.251237300531076357e+01
3.289101112247364256e+01
3.329060956147913686e+01
3.372251273483070122e+01
3.416944241265737503e+01
3.464128319610178153e+01
3.511953593286423114e+01
3.561420728805977376e+01
3.610798841710312246e+01
3.661255996801967427e+01
3.711402316396458900e+01
3.762635040877089665e+01
3.814015100395490521e+01
3.867066779462035697e+01
3.921246380721386515e+01
3.977925642765507774e+01
4.036770506282797299e+01
4.098631489780370174e+01
4.163162993938991008e+01
4.230369787136193338e+01
4.299789149437065561e+01
4.370439232325900036e+01
4.441822053818449945e+01
4.512063725496555833e+01
4.580906970657700583e+01
4.645872777900984119e+01
4.707301547661582219e+01
4.762462756756100646e+01
4.812570653617672178e+01
4.854933587514398852e+01
4.891739510788946177e+01
4.920508519075586662e+01
4.944293406911804567e+01
4.960883672700703784e+01
4.973889588892383529e+01
4.981335029100345224e+01
4.986945618380934064e+01
4.988914044545480664e+01
4.990588007293091266e+01
4.990311023434121296e+01
4.990645550854909374e+01
4.990188116434757148e+01
4.990472657228204412e+01
4.990564118073879030e+01
4.990930034717145247e+01
4.991366249465562532e+01
4.991417512561098846e+01
4.991802438101211692e+01
4.991398578686693810e+01
4.991822083302140101e+01
4.991569625946628719e+01
4.992802211230434750e+01
4.993903176852641934e+01
4.996895429759166518e+01
5.000333530337147891e+01
5.005208977871531317e+01
5.010637664907266497e+01
5.015655236727307198e+01
5.020481918509245389e+01
5.021401115665011616e+01
5.020409257989406626e+01
5.010478938042760433e+01
4.996101898715900802e+01
4.966690316111819214e+01
4.929850504265223776e+01
4.871516389559687354e+01
4.802819832172313141e+01
4.706663377752155952e+01
4.597768129105696744e+01
4.456824498635425158e+01
4.301791141672434549e+01
4.112357792531555134e+01
3.908863058733084017e+01
3.671568569051968467e+01
3.421819614915877139e+01
3.142296767892181109e+01
2.853494220869750464e+01
2.542436254697128106e+01
2.226599423981535253e+01
1.899084497131268279e+01
1.572147281626121185e+01
1.246182318582209092e+01
9.263428312147036436e+00
6.206897576061367161e+00
3.261256872056641054e+00
5.767682666571397609e-01
0.000000000000000000e+00
0.000000000000000000e+00
0.000000000000000000e+00
0.000000000000000000e+00
0.000000000000000000e+00
0.000000000000000000e+00
0.000000000000000000e+00
0.000000000000000000e+00
0.000000000000000000e+00
0.000000000000000000e+00
0.000000000000000000e+00
0.000000000000000000e+00
0.000000000000000000e+00
0.000000000000000000e+00
0.000000000000000000e+00
0.000000000000000000e+00
0.000000000000000000e+00
0.000000000000000000e+00
0.000000000000000000e+00
0.000000000000000000e+00
1.847208044130610238e+00
3.929485081744890529e+00
6.013652749027652789e+00
8.100710515283301660e+00
1.015833667863968515e+01
1.214742549428611795e+01
1.408268487366298771e+01
1.589450222535474033e+01
1.763635424901339377e+01
1.921915314778467021e+01
2.072386856014530210e+01
2.205243652963445911e+01
2.330159456147490005e+01
2.437305237338520314e+01
2.536874812722633266e+01
2.619643174945715103e+01
2.695511351978993275e+01
2.756233228340585839e+01
2.810871597134221389e+01
2.852302300188477702e+01
2.888483998784627715e+01
2.913384378991580803e+01
2.933799637878270872e+01
2.944639077674931116e+01
2.951641191365475336e+01
2.950461920997625498e+01
2.945960847503523183e+01
2.934353042142406309e+01
2.919834938829682258e+01
2.899052549089510222e+01
2.875717144720051976e+01
2.846850646224296710e+01
2.815796035968562805e+01
2.779971568676339189e+01
2.742389239164671721e+01
2.700948499244105605e+01
2.658276286284846179e+01
2.612870874998202098e+01
2.566863684719304217e+01
2.519475431603767390e+01
2.472196355526447675e+01
2.425064408457091858e+01
2.378785074561002588e+01
2.334245937328282139e+01
2.291269842218092379e+01
2.251542112651836902e+01
2.213973324730355330e+01
2.180894542130204172e+01
2.150370595144190133e+01
2.125131578014603306e+01
2.102564550437736557e+01
2.085479506116796244e+01
2.070850954373133135e+01
2.061216169142524279e+01
2.053480085253539400e+01
2.049569849234725183e+01
2.046706020739114962e+01
2.045932586797735553e+01
2.045164622477479810e+01
2.044397485338980403e+01
2.042551619108446559e+01
2.038544720941609967e+01
2.032491423154611709e+01
2.022353131100395274e+01
2.009468858899263921e+01
1.991112925210700979e+01
1.969696390866107194e+01
1.942192517625365156e+01
1.911769480388981179e+01
1.875554651781418514e+01
1.837027746287887098e+01
1.793926834596662090e+01
1.749531879481705587e+01
1.702579272071089278e+01
1.655638217303159365e+01
1.608697033264574472e+01
1.563188950864160454e+01
1.520441799277875816e+01
1.480473832958625025e+01
1.445872328130207052e+01
1.415152574460871904e+01
1.391940172191845093e+01
1.373368055078719152e+01
1.363786986187587402e+01
1.359222512107088932e+01
1.364380607456619465e+01
1.374572181172081642e+01
1.394475109713576799e+01
1.419111616733091630e+01
1.452766703501350243e+01
1.490578876181767320e+01
1.536128295526270726e+01
1.585019445101676006e+01
1.639902444350633104e+01
1.697118753086608223e+01
1.758274411007354843e+01
1.820624748443508523e+01
1.884736650603795738e+01
1.948867373416504734e+01
2.012665645447970064e+01
2.075386086341291403e+01
2.135972742064883789e+01
2.194598036125552198e+01
2.249772803073753380e+01
2.302453244393549170e+01
2.351005613294716312e+01
2.396987912387817232e+01
2.438877135820157349e+01
2.478615323490554090e+01
2.514965375308111817e+01
2.550010336656049503e+01
2.582867323964018880e+01
2.615502223859468955e+01
2.647349467888529517e+01
2.680014486400749263e+01
2.713137978862279809e+01
2.747773753230590899e+01
2.783636379680202211e+01
2.821127194339404909e+01
2.859943745498003054e+01
2.899863595787163106e+01
2.940572265059684653e+01
2.981382123774353943e+01
3.022076616035958807e+01
3.061766440525834909e+01
3.100508091310173953e+01
3.137491077464765965e+01
3.173201141456342711e+01
3.207106873257558988e+01
3.240174998536878093e+01
3.272217468627363957e+01
3.304591914663050289e+01
3.337358926196607456e+01
3.372040613287617106e+01
3.408741323350863439e+01
3.448846164007064630e+01
3.492255059079487722e+01
3.539933821134565761e+01
3.591412650845065002e+01
3.647074088659854141e+01
3.706047820013673544e+01
3.768123938618396096e+01
3.832148886385930808e+01
3.897442093374297656e+01
3.962787464792354797e+01
4.027224927050025371e+01
4.089718480716526017e+01
4.149220423267836821e+01
4.205097438820519784e+01
4.256374140001471318e+01
4.302995210770799872e+01
4.344171967678973090e+01
4.380529440626402504e+01
4.411505907701742046e+01
4.438401854218543008e+01
4.460808845136830314e+01
4.480538092191474675e+01
4.497141702595204293e+01
4.512653286107455841e+01
4.526351937689802440e+01
4.540172972939308238e+01
4.552966986027069396e+01
4.566339459403704382e+01
4.578732552482445328e+01
4.591339777461170257e+01
4.602417022241175459e+01
4.612818907694011727e+01
4.620989718595434681e+01
4.627607234013731841e+01
4.631712965275190186e+01
4.633942958337115670e+01
4.634230849258536011e+01
4.633183520291369462e+01
4.631696479614706163e+01
4.630192444596115564e+01
4.630339040085624447e+01
4.632115032179933678e+01
4.637573868118796838e+01
4.646002286685619964e+01
4.659371994292748553e+01
4.676169727783440067e+01
4.697842283509015715e+01
4.722191443453810678e+01
4.749781511274794354e+01
4.778059905178567135e+01
4.806449736895599756e+01
4.832541454998056452e+01
4.854452245942713517e+01
4.870486234500813083e+01
4.877374469234721488e+01
4.874687200877529847e+01
4.857765439368694160e+01
4.827883886535063596e+01
4.779062619645061005e+01
4.714560906646291016e+01
4.627246647891159625e+01
4.522458899383206443e+01
4.392222266769837091e+01
4.243886216030870173e+01
4.069115457950485393e+01
3.877019460115325700e+01
3.659552545273939472e+01
3.427118374258044753e+01
3.172718554694738202e+01
2.907329227646597047e+01
2.625762719237487275e+01
2.338607137543974090e+01
2.043129059015343785e+01
1.748419895283818093e+01
1.454598858970590669e+01
1.168146922529356146e+01
8.920865306004875706e+00
6.293905186743755209e+00
3.856491319191649225e+00
1.598844627093026549e+00
0.000000000000000000e+00
0.000000000000000000e+00
0.000000000000000000e+00
0.000000000000000000e+00
0.000000000000000000e+00
0.000000000000000000e+00
0.000000000000000000e+00
0.000000000000000000e+00
0.000000000000000000e+00
0.000000000000000000e+00
0.000000000000000000e+00
0.000000000000000000e+00
0.000000000000000000e+00
0.000000000000000000e+00
0.000000000000000000e+00
0.000000000000000000e+00
0.000000000000000000e+00
1.205211471402896528e+00
2.816860949051028129e+00
4.457462805915928250e+00
6.137566227636440885e+00
7.809435414208211412e+00
9.470491260958349145e+00
1.109254793737562572e+01
1.266247197084497245e+01
1.417135759185276811e+01
1.559870168895066200e+01
1.695223354705382235e+01
1.820725024403542491e+01
1.938389469794210029e+01
2.045594394683789119e+01
2.145116835370440000e+01
2.234378756053466475e+01
2.316466512186390503e+01
2.388967731144659012e+01
2.454913143400408160e+01
2.512113093243069173e+01
2.563312451496171462e+01
2.606557135560248639e+01
2.644206469707766161e+01
2.674527989608352030e+01
2.699513777890523158e+01
2.717626886770710470e+01
2.730583937654280646e+01
2.737013396608558224e+01
2.738482974847067908e+01
2.733759966072697267e+01
2.724374974446218545e+01
2.709214697222135015e+01
2.689855144937589060e+01
2.665297902111520045e+01
2.637188165672792550e+01
2.604655947204230060e+01
2.569401881683841893e+01
2.530718196718472512e+01
2.490293469518867298e+01
2.447624597097742694e+01
2.404297776168974110e+01
2.360054176952360194e+01
2.316260433980763267e+01
2.272924258297040012e+01
2.231071865236571838e+01
2.190972911620981378e+01
2.153214268911313667e+01
2.118292457975624643e+01
2.086282354734926159e+01
2.057840220351960525e+01
2.032511414917320636e+01
2.011019789610218567e+01
1.992417280717602424e+01
1.977388202451105315e+01
1.964585467338547176e+01
1.954546283563685449e+01
1.945684536165488510e+01
1.938300198489724835e+01
1.930766260555395064e+01
1.923085614649628283e+01
1.913817952626792973e+01
1.902651250539758720e+01
1.888560903981714389e+01
1.870951729453566159e+01
1.849405713037719678e+01
1.823125336647584049e+01
1.792424431448919719e+01
1.756424578180425300e+01
1.716202189724095462e+01
1.670942068875836739e+01
1.622396337326465598e+01
1.569953399229103219e+01
1.515837469179086305e+01
1.459749509388665878e+01
1.404091900046685204e+01
1.348936640151246991e+01
1.296521724499247696e+01
1.247292395113671226e+01
1.202999944638633956e+01
1.164416497015935015e+01
1.132564341138868258e+01
1.108463413763936956e+01
1.092274799694740040e+01
1.085171237688581058e+01
1.086453563195765426e+01
1.097351297958803151e+01
1.116407726608007778e+01
1.144818445988727440e+01
1.180552730894410907e+01
1.224689224131131304e+01
1.274845964890167416e+01
1.331910589159235592e+01
1.393389947980697663e+01
1.459921393061943462e+01
1.529128137529261267e+01
1.601358163727692485e+01
1.674535214938235228e+01
1.748701911725918379e+01
1.822215351131891836e+01
1.894825086340137688e+01
1.965385300323154638e+01
2.033401151739304069e+01
2.098239508007364051e+01
2.159255583735040318e+01
2.216316111481621931e+01
2.268764641748250810e+01
2.316946796059110625e+01
2.360349776558943091e+01
2.399744530289296307e+01
2.434880751534291576e+01
2.466856517356037770e+01
2.495715937486861336e+01
2.522716251182878011e+01
2.548125848037230412e+01
2.573150055912310563e+01
2.598141632106895216e+01
2.624050606545761966e+01
2.651164781344684229e+01
2.680049362707322302e+01
2.710825882663053932e+01
2.743641048134161053e+01
2.778427114638697759e+01
2.814993541713663561e+01
2.853136100917683038e+01
2.892465131649186816e+01
2.932733887165025166e+01
2.973518171872290239e+01
3.014619541521269852e+01
3.055703576977474611e+01
3.096679678158939808e+01
3.137374890083286871e+01
3.177833363514434950e+01
3.218069247898363017e+01
3.258261549088643960e+01
3.298590531471834453e+01
3.339337602545991501e+01
3.380779664812594376e+01
3.423228792192067971e+01
3.466942458855226050e+01
3.512172136818607981e+01
3.559046289159305587e+01
3.607685021784253365e+01
3.658005953611696981e+01
3.709977829934429394e+01
3.763301149059068251e+01
3.817828172259199704e+01
3.873082613494187854e+01
3.928866405036024645e+01
3.984598428376451551e+01
4.040096399610272471e+01
4.094750406753126271e+01
4.148439457682906095e+01
4.200590093426930594e+01
4.251154527321150312e+01
4.299630063395213142e+01
4.346012523146959694e+01
4.389881416745100751e+01
4.431218439614235649e+01
4.469688283040392207e+01
4.505213648144084004e+01
4.537577412014860556e+01
4.566641319345936978e+01
4.592374636361927287e+01
4.614610137882394270e+01
4.633573097318750911e+01
4.649118804599886090e+01
4.661797100973275576e+01
4.671554421739953256e+01
4.679306608285391889e+01
4.685155043397338659e+01
4.690351893655724780e+01
4.695171735161233073e+01
4.701072637281890820e+01
4.708450604756813362e+01
4.718718223759508135e+01
4.732285642003018467e+01
4.750192401386914298e+01
4.772743106800536594e+01
4.800262507555682134e+01
4.832863215668784562e+01
4.869862629368137874e+01
4.911161964415263981e+01
4.954879327293429725e+01
5.000765955443198862e+01
5.046138823951208963e+01
5.090700195400152239e+01
5.129187862878359283e+01
5.161543744624965768e+01
5.183179065250280360e+01
5.194351453205427305e+01
5.189371355209949854e+01
5.169043727077394124e+01
5.126927537905716292e+01
5.064563579870589649e+01
4.977505576231720141e+01
4.867920080088008206e+01
4.731127010382763842e+01
4.569929298322711730e+01
4.381633894418492048e+01
4.169369561541950731e+01
3.932551686432319826e+01
3.674237925018253748e+01
3.396326655161186636e+01
3.101369529455534746e+01
2.793909786603951773e+01
2.475609613231529238e+01
2.153504665281836949e+01
1.828098145394351093e+01
1.508376374173646539e+01
1.193561284649540255e+01
8.936307680711248480e+00
6.065672314067596105e+00
3.421046169873349641e+00
9.718946862232608064e-01
0.000000000000000000e+00
0.000000000000000000e+00
0.000000000000000000e+00
0.000000000000000000e+00
0.000000000000000000e+00
0.000000000000000000e+00
0.000000000000000000e+00
0.000000000000000000e+00
0.000000000000000000e+00
0.000000000000000000e+00
0.000000000000000000e+00
0.000000000000000000e+00
0.000000000000000000e+00
0.000000000000000000e+00
0.000000000000000000e+00
0.000000000000000000e+00
0.000000000000000000e+00
8.580460924864703465e-01
2.589058015166664894e+00
4.369906992349398500e+00
6.152483357838230305e+00
7.935450569280838806e+00
9.670077091201001451e+00
1.136348068620455720e+01
1.297189676589447060e+01
1.450925206663812084e+01
1.594027867886574690e+01
1.728348244669347977e+01
1.851326343031658084e+01
1.965031767617236014e+01
2.067798967791971165e+01
2.161701174977905993e+01
2.245761497529085915e+01
2.321897165043724698e+01
2.389549287861561311e+01
2.450392826927676992e+01
2.504010701598892297e+01
2.551823932014238139e+01
2.593326811632702800e+01
2.629735260780977413e+01
2.660302415684411770e+01
2.686124953789071768e+01
2.706155435898361006e+01
2.721467659444237697e+01
2.730744725941692153e+01
2.735119537029813230e+01
2.733120327624745016e+01
2.725984928855964995e+01
2.712251749190502537e+01
2.693261688097998885e+01
2.667754069353118851e+01
2.637119805272168094e+01
2.600481907001901760e+01
2.559184501767519038e+01
2.512879630883798043e+01
2.462742279991034877e+01
2.409042776082086235e+01
2.352661885472269532e+01
2.294508903296756230e+01
2.235064528805325423e+01
2.175816457756687683e+01
2.116778110727785034e+01
2.059879448866110607e+01
2.004651283515816473e+01
1.953272230849087876e+01
1.904832728945397591e+01
1.861520827583286675e+01
1.822086135000707330e+01
1.788483782913327858e+01
1.759265197640209877e+01
1.735921611045023027e+01
1.716975006381536417e+01
1.703263199462827160e+01
1.693454383785892503e+01
1.687624015855842430e+01
1.684747657832917156e+01
1.684111758382857360e+01
1.685129977863595130e+01
1.686390234956843415e+01
1.687822032691386909e+01
1.687508192237160998e+01
1.685904339997720669e+01
1.680861480670362340e+01
1.673299118960085963e+01
1.661167539290978468e+01
1.645715875170141018e+01
1.625326172944996017e+01
1.601382955322657153e+01
1.572977577852231690e+01
1.541398266211406920e+01
1.506631363619418096e+01
1.469628744885635641e+01
1.431326045856128282e+01
1.392130847314160569e+01
1.353856559084932876e+01
1.316229955553392017e+01
1.281765998202778967e+01
1.249475220510231566e+01
1.222341229415822639e+01
1.198729993216400835e+01
1.181828929726453303e+01
1.169522826426653594e+01
1.164947016487715992e+01
1.165715558949097286e+01
1.174659860330905659e+01
1.189333066024524754e+01
1.212030758301272648e+01
1.240421735335202413e+01
1.276066276270249489e+01
1.316891586615119003e+01
1.363608306834806960e+01
1.414517984916133209e+01
1.469466725401527540e+01
1.527229945559896862e+01
1.586895899704421176e+01
1.647792036380040770e+01
1.708447193556931154e+01
1.768786166085220302e+01
1.827028323068802607e+01
1.883689378604629638e+01
1.936924218351627403e+01
1.987764503323140985e+01
2.034492804964642687e+01
2.078510334231652124e+01
2.118333341357532618e+01
2.155538138897083655e+01
2.188909025783440399e+01
2.219991672521124926e+01
2.247815971280665437e+01
2.273724499765219775e+01
2.296966790768184197e+01
2.318572704892852698e+01
2.337995331162430901e+01
2.355924448856293552e+01
2.372041682614782943e+01
2.386740655902489294e+01
2.399980814900534654e+01
2.411942880224713548e+01
2.422914943558842893e+01
2.432938188553499259e+01
2.442642172006906165e+01
2.451955428883335131e+01
2.461810899252272833e+01
2.472003179277822582e+01
2.483696136581863811e+01
2.496505625028540010e+01
2.511745951172774483e+01
2.528812106876771537e+01
2.549100818163151416e+01
2.571762285029859285e+01
2.598216604106243111e+01
2.627372318138223051e+01
2.660634747387503651e+01
2.696693751379713433e+01
2.736894922391472562e+01
2.779753505129222901e+01
2.826514332210207670e+01
2.875587730814319443e+01
2.928086887632092328e+01
2.982423172464156735e+01
3.039562824422492326e+01
3.098060906831037187e+01
3.158748623252562382e+01
3.220479776599934496e+01
3.283960263503321642e+01
3.348481521678645834e+01
3.414627868035492497e+01
3.482209880508019495e+01
3.551664469041474348e+01
3.623302925365082672e+01
3.697334325588359860e+01
3.774417821438976972e+01
3.854386933609622901e+01
3.937968131533153837e+01
4.024451568197849127e+01
4.114301406265229843e+01
4.206171976754846753e+01
4.300028974645294966e+01
4.394002365815526900e+01
4.487533506794555649e+01
4.578574679503797284e+01
4.666248847358198759e+01
4.748839030248299764e+01
4.825481261958134382e+01
4.895262452546494103e+01
4.957630286974581679e+01
5.012733432105321896e+01
5.060488722318365973e+01
5.102047335456668975e+01
5.137802178829885236e+01
5.169538761226047541e+01
5.198033632940381921e+01
5.225600421312433497e+01
5.253068266817048482e+01
5.280361999410810370e+01
5.309084431941963089e+01
5.339255855703956399e+01
5.372363757026101894e+01
5.405784758938627022e+01
5.441443277446464322e+01
5.474165081373710251e+01
5.506698911538239827e+01
5.531288815660562364e+01
5.552024865604366255e+01
5.558892794029321038e+01
5.557819461814174389e+01
5.537109611937307818e+01
5.504816845371716738e+01
5.448280029982769435e+01
5.377610033599479777e+01
5.279974685700594961e+01
5.167046114009854563e+01
5.025556588592102969e+01
4.868373651794373558e+01
4.686150912309553007e+01
4.490585134520639343e+01
4.274046205456923531e+01
4.046603022374494429e+01
3.804738952611871383e+01
3.555528838054004126e+01
3.300052530043205223e+01
3.041471796751095269e+01
2.785657937533554218e+01
2.531364724919077958e+01
2.288837023760822831e+01
2.052439141067660344e+01
1.835808899782997727e+01
1.629446759701008318e+01
1.449031626020510544e+01
1.282130048838715908e+01
1.145027056296941659e+01
1.023508761916617615e+01
9.332056611201883456e+00
8.592980618245807278e+00
8.157698627536916547e+00
7.882520295701304747e+00
7.883593599023118514e+00
8.030491174041937796e+00
8.410428648726679057e+00
8.913288380542891076e+00
9.594333722958607424e+00
1.036904391361776412e+01
1.126042707086797634e+01
1.221274998268258649e+01
1.321966809902115259e+01
1.425479511929267318e+01
1.528818468875661019e+01
1.632050283162741877e+01
1.730585621159867671e+01
1.826709720874464082e+01
1.915061245368986675e+01
1.999480203576538173e+01
2.074587834487519444e+01
2.145045357644687201e+01
2.206039289053518715e+01
2.262363208684892868e+01
2.310137468320517229e+01
2.353732524892748756e+01
2.390326489114730535e+01
2.423511968383769144e+01
2.451441265167184369e+01
2.476792697424618339e+01
2.498433369737590937e+01
2.518200712029601007e+01
2.535328493839029207e+01
2.551046170255412449e+01
2.564588320247036890e+01
2.576903614125773956e+01
2.586910736558973056e+01
2.595623563095749731e+01
2.601450263391100393e+01
2.605748709489540715e+01
2.606347354907933322e+01
2.605109783966356218e+01
2.599364701854084103e+01
2.591493599207509746e+01
2.578538719723263384e+01
2.563266087367944834e+01
2.542733048094707371e+01
2.519847817445020155e+01
2.492038362269214957e+01
2.462045175737351599e+01
2.428000668530962258e+01
2.392159284171514955e+01
2.353612824021330496e+01
2.313856451647773227e+01
2.273071598319903330e+01
2.231810347065969324e+01
2.191306891408169122e+01
2.151116301658435859e+01
2.113331973316898882e+01
2.076599509098384289e+01
2.043531998624908397e+01
2.012092789532142589e+01
1.984990273031385755e+01
1.959837244505204623e+01
1.938971460450968820e+01
1.920051466152026620e+01
1.904621283775315632e+01
1.890785204441368350e+01
1.878982802029187482e+01
1.868108763949168249e+01
1.857355810115280548e+01
1.846647245751305988e+01
1.834003067633400974e+01
1.820458014313232198e+01
1.803147454556853901e+01
1.784116432119722262e+01
1.760092488954703072e+01
1.733832976070978660e+01
1.702239658110090303e+01
1.668317317713441383e+01
1.629749431431565299e+01
1.589215843034578768e+01
1.545718187135218891e+01
1.501024766498615115e+01
1.455832199347802636e+01
1.410502896109061410e+01
1.367603019247141560e+01
1.325769150069932678e+01
1.289369431118221954e+01
1.255231931765690945e+01
1.229252186472376707e+01
1.206607186758186678e+01
1.194263712616368878e+01
1.186118902073984849e+01
1.189646461680304768e+01
1.197978719818461357e+01
1.218485160147918123e+01
1.244111109794063630e+01
1.281516529033796559e+01
1.324024189251215411e+01
1.377052009812864064e+01
1.434783469282287882e+01
1.500987918713286184e+01
1.571076519027164231e+01
1.646955072508334794e+01
1.725497955555335849e+01
1.806749998101870602e+01
1.889162189736732600e+01
1.971156290820434975e+01
2.052748697599943739e+01
2.131148269347488977e+01
2.207806857526075817e+01
2.279214994036627218e+01
2.348011479592924289e+01
2.410455528454997065e+01
2.470009845125959203e+01
2.523083583367677107e+01
2.573529456728983433e+01
2.618154955143205243e+01
2.660760983131006796e+01
2.698680305539288682e+01
2.735283344021195973e+01
2.768457700435493152e+01
2.800889205768764612e+01
2.831006810350546132e+01
2.860699767113266745e+01
2.888903428960243858e+01
2.916734861372946952e+01
2.943599629186371658e+01
2.969968706415069803e+01
2.995691493819821005e+01
3.020768003796098000e+01
3.045458378023243995e+01
3.069468733713562258e+01
3.093428382742009219e+01
3.116881807614765520e+01
3.140754537761034726e+01
3.164504410964734404e+01
3.189264173928108903e+01
3.214418530107096217e+01
3.241199083314751306e+01
3.268893857925755242e+01
3.298729232459987060e+01
3.329867964003194203e+01
3.363465776846327060e+01
3.398554030476477550e+01
3.436199557339558908e+01
3.475331398917386849e+01
3.516944731860289153e+01
3.559915632096403471e+01
3.605189123160044318e+01
3.651632245472553251e+01
3.700128081053846785e+01
3.749558893504889312e+01
3.800678001616122970e+01
3.852400386123080978e+01
3.905243367194650261e+01
3.958198353209954234e+01
4.011444228423208358e+01
4.064154212865312843e+01
4.116101457946791697e+01
4.166828697094052103e+01
4.215714276330637489e+01
4.262896352258931643e+01
4.307405349023494523e+01
4.350161544806410774e+01
4.389894905346622522e+01
4.428341163784757128e+01
4.463912572796790812e+01
4.498995830982383382e+01
4.531635318927690292e+01
4.564533187423694471e+01
4.595347992292175832e+01
4.626703004103389816e+01
4.655986375533817778e+01
4.685406850493404818e+01
4.712382635447527690e+01
4.738500829449213825e+01
4.761649784643640970e+01
4.782729995727839878e+01
4.800582688287880728e+01
4.815449894150262367e+01
4.827479875268337395e+01
4.836336461907233542e+01
4.843585439485170951e+01
4.848410121495715686e+01
4.853555308933970025e+01
4.857842368963469681e+01
4.864578089777481296e+01
4.872393284530709678e+01
4.884231782990251247e+01
4.898816467416015996e+01
4.917616629041108922e+01
4.939917228021192841e+01
4.964610099698479928e+01
4.992226364576779929e+01
5.018170534516497128e+01
5.045082376811446778e+01
5.065004971806938272e+01
5.083134977318739800e+01
5.084960231487997362e+01
5.080938552430075106e+01
5.055347182087416513e+01
5.021497439857522238e+01
4.958932973915485576e+01
4.885665139572759585e+01
4.779082824054952994e+01
4.660716902425651398e+01
4.506952486621033671e+01
4.341490983796519743e+01
4.141501367476067230e+01
3.930930015510273279e+01
3.689856577243719471e+01
3.440143282703911609e+01
3.167059468343350659e+01
2.887912883172095491e+01
2.595224167471381094e+01
2.299507773400594246e+01
2.001984717117599644e+01
1.704745135287955904e+01
1.418139060744351632e+01
1.135165853030208361e+01
8.745003885857936865e+00
6.205549210679823346e+00
3.983643304325670709e+00
1.853943638477144162e+00
1.040694150690004149e-01
0.000000000000000000e+00
0.000000000000000000e+00
0.000000000000000000e+00
0.000000000000000000e+00
0.000000000000000000e+00
0.000000000000000000e+00
0.000000000000000000e+00
0.000000000000000000e+00
0.000000000000000000e+00
0.000000000000000000e+00
0.000000000000000000e+00
0.000000000000000000e+00
0.000000000000000000e+00
9.034990742639044392e-02
1.457268202113902067e+00
2.947464622708342752e+00
4.472698023755555141e+00
6.047726221737524277e+00
7.636303175180881198e+00
9.208117997471353178e+00
1.077435224387965818e+01
1.227045720591165612e+01
1.374607538273451723e+01
1.511483115095770735e+01
1.645335074492222915e+01
1.766524944524736185e+01
1.884224316308500491e+01
1.988743906411369977e+01
2.089720282029673015e+01
2.178050523409508443e+01
2.263057338242587946e+01
2.336531520651643845e+01
2.407024130549513075e+01
2.467236326165016180e+01
2.524803564216788487e+01
2.573136873359842625e+01
2.619069716563056716e+01
2.656411601466011518e+01
2.691468125759976715e+01
2.718122757198699446e+01
2.742486123528810893e+01
2.758277800324754736e+01
2.771700444326866375e+01
2.776212424412420532e+01
2.778275016122499963e+01
2.771166529235226506e+01
2.761595543012087717e+01
2.742902672117420693e+01
2.721846871186317074e+01
2.692204584024939606e+01
2.660428767598278910e+01
2.621176378193456102e+01
2.580143031197242820e+01
2.533317693610110055e+01
2.485168675504486657e+01
2.433386707608180188e+01
2.380814982765810939e+01
2.327070800686191632e+01
2.273114262361078630e+01
2.220500488630640135e+01
2.168249478621863702e+01
2.119633271914491246e+01
2.071896834011942801e+01
2.029576579370531775e+01
1.988530319221673182e+01
1.953938972553398656e+01
1.920837852463134254e+01
1.894329632506415706e+01
1.869314896743092902e+01
1.850111901440400786e+01
1.832197718150723276e+01
1.818502637978921044e+01
1.805724551940931732e+01
1.795013300208495011e+01
1.784754692507893736e+01
1.774200770234948266e+01
1.763630287254209605e+01
1.750579599915140250e+01
1.737116263118388559e+01
1.719541838515118570e+01
1.701288009042979965e+01
1.678135768657594440e+01
1.654191658728277403e+01
1.625565355672309309e+01
1.596186500286082222e+01
1.563342366374244108e+01
1.529914242468390029e+01
1.495088340478863032e+01
1.459951149857321617e+01
1.426063366249803721e+01
1.392224705107139826e+01
1.362529881950723443e+01
1.333327707926295069e+01
1.311064990362702787e+01
1.289815389269586632e+01
1.277891240782059157e+01
1.267553289312662734e+01
1.268248293952412808e+01
1.271095165213786338e+01
1.285819315245796624e+01
1.303159661833280580e+01
1.332224145292138928e+01
1.364144932043256553e+01
1.406612436432130941e+01
1.451848229519627864e+01
1.505510098971624622e+01
1.561483463156617546e+01
1.623046082466923679e+01
1.686151320689553401e+01
1.751639187406301801e+01
1.817731185920164094e+01
1.883044275129969591e+01
1.948038784022863368e+01
2.009517741558828874e+01
2.069934908036387355e+01
2.124814059191164972e+01
2.178163303667022177e+01
2.224793641812962264e+01
2.269704932563213262e+01
2.307535373580550342e+01
2.343674247343244588e+01
2.373064512169387896e+01
2.400929978770007622e+01
2.422911955602121381e+01
2.443625647898478803e+01
2.459706049412346474e+01
2.474846075884291352e+01
2.486833047819535381e+01
2.498261905069012911e+01
2.508116780672629886e+01
2.517827346313912429e+01
2.527492413823144801e+01
2.537419705735838704e+01
2.548667121391147816e+01
2.560532221275311926e+01
2.574821237521984685e+01
2.589985183811913316e+01
2.608346060586387694e+01
2.627704088581299402e+01
2.650677649343196052e+01
2.674622157520357391e+01
2.702274839466790723e+01
2.730749105316239422e+01
2.762784414456980997e+01
2.795441694354704509e+01
2.831411110005813114e+01
2.867852863929700291e+01
2.907399615739726073e+01
2.947393001137396240e+01
2.990408371362160622e+01
3.033968661196072603e+01
3.080573738163467112e+01
3.127872697637394239e+01
3.178258569185304694e+01
3.229442342784331998e+01
3.283662375351612894e+01
3.338677438640184647e+01
3.396516434084027480e+01
3.455050181861492575e+01
3.516033009068596016e+01
3.577587598617144948e+01
3.641088168188212393e+01
3.705101600060907430e+01
3.770482320302839696e+01
3.836417033787788711e+01
3.903058654853915499e+01
3.970336590168261637e+01
4.037512342112744790e+01
4.105312734954640064e+01
4.171980670822296133e+01
4.239018057747873769e+01
4.303640635214163979e+01
4.368037365098317082e+01
4.428540691293827791e+01
4.487901525561889571e+01
4.541898279358316159e+01
4.593681071814776118e+01
4.638948661020284447e+01
4.681055371289550493e+01
4.716175382686575546e+01
4.747630746839957538e+01
4.772616438206294021e+01
4.794139901737409559e+01
4.810831227080581129e+01
4.825065501922659195e+01
4.837071967217644186e+01
4.848237229888359678e+01
4.860197617907233791e+01
4.873042098203524120e+01
4.889280348381371510e+01
4.907623680407578348e+01
4.930694027377980149e+01
4.956153726443167074e+01
4.985861133754523422e+01
5.017259277624416569e+01
5.050532487892973421e+01
5.084161225943486073e+01
5.116441517822750029e+01
5.147744216157148145e+01
5.170966713254816938e+01
5.191876201273587554e+01
5.200052102848437841e+01
5.205482593930472035e+01
5.192225858242429837e+01
5.176049814032771934e+01
5.135140848593121632e+01
5.091256438579621602e+01
5.015573403723897883e+01
4.936550292225122405e+01
4.822313227629123134e+01
4.704534123022953906e+01
4.547279549886749095e+01
4.385829458549847715e+01
4.183947637676251929e+01
3.977446914091889596e+01
3.733138507993359667e+01
3.484207162131874469e+01
3.204294107460505359e+01
2.920373900795757649e+01
2.616487015650471548e+01
2.309877583084600161e+01
1.997670103389321739e+01
1.684571551672983603e+01
1.381967705942453506e+01
1.080587521125295325e+01
8.053317975033420950e+00
5.333535394493312154e+00
3.003851320852177764e+00
7.234704567520169327e-01
0.000000000000000000e+00
0.000000000000000000e+00
0.000000000000000000e+00
0.000000000000000000e+00
0.000000000000000000e+00
0.000000000000000000e+00
0.000000000000000000e+00
0.000000000000000000e+00
0.000000000000000000e+00
0.000000000000000000e+00
0.000000000000000000e+00
0.000000000000000000e+00
0.000000000000000000e+00
0.000000000000000000e+00
0.000000000000000000e+00
1.227057980063287479e+00
2.857904351557556843e+00
4.505014762538539053e+00
6.194393640935228262e+00
7.890226273338807772e+00
9.537700327520816757e+00
1.118250054874034305e+01
1.270610132715612295e+01
1.421933306244411455e+01
1.556174450157673839e+01
1.688806704363835465e+01
1.801834229816334343e+01
1.912905324353690162e+01
2.004036061634527144e+01
2.093084494503200688e+01
2.163569493776187258e+01
2.232041320826981234e+01
2.284432861627991329e+01
2.335025691946083271e+01
2.372516940614341863e+01
2.408507240404815519e+01
2.434342436198443949e+01
2.458996765303968601e+01
2.476019358108523960e+01
2.492154005245280501e+01
2.502541090142572600e+01
2.512273823265702788e+01
2.517439418466611301e+01
2.522109505755993908e+01
2.522774762456771214e+01
2.523033102268335170e+01
2.519407035309993148e+01
2.515411694326317971e+01
2.507437410128704158e+01
2.499107766528143060e+01
2.486720372383791045e+01
2.473994730142004528e+01
2.457343931831346140e+01
2.440394861064644161e+01
2.419973449961014111e+01
2.399322688607947285e+01
2.375999473372814919e+01
2.352539229267222609e+01
2.327481960866127508e+01
2.302389186105511953e+01
2.276893831781437427e+01
2.251457456705008298e+01
2.226736384212667730e+01
2.202149007946658799e+01
2.179095730783384610e+01
2.156219468098668557e+01
2.135213612159236263e+01
2.114387267219359501e+01
2.095153806741745939e+01
2.076053553189029444e+01
2.057643276143139133e+01
2.039270757490659491e+01
2.020161266403520983e+01
2.000954138518474679e+01
1.979292949939862822e+01
1.957381749008463601e+01
1.931351074705492721e+01
1.904934882932077755e+01
1.873161237023925096e+01
1.840917407488769797e+01
1.802870799564740167e+01
1.764346556025638435e+01
1.720621378292092984e+01
1.676498701106717348e+01
1.628918858160020378e+01
1.581101634231915831e+01
1.532614235857174734e+01
1.484106728374624140e+01
1.438465302016742697e+01
1.393046862467723024e+01
1.354371672845274865e+01
1.316159600126273510e+01
1.288418521680387485e+01
1.261353378303598483e+01
1.247887409931434277e+01
1.235265029723684016e+01
1.238396967062951504e+01
1.242480808169937490e+01
1.263256803674673279e+01
1.285025787952893239e+01
1.323129473713230908e+01
1.362200440056361117e+01
1.416000771262416436e+01
1.470681439312358840e+01
1.537440641226023708e+01
1.604945088164287981e+01
1.681136558646796431e+01
1.757907162688123748e+01
1.839613573234700183e+01
1.921718720164832561e+01
2.005036545232304235e+01
2.088571329121793951e+01
2.169978251649398260e+01
2.251434219750922239e+01
2.328084571385839752e+01
2.404654417268147881e+01
2.474595099459857650e+01
2.544396179056216312e+01
2.606667857780361786e+01
2.668834786689816596e+01
2.723460156155071843e+01
2.778102951566334156e+01
2.825909341946692876e+01
2.873889226411944975e+01
2.916208174358992622e+01
2.958802010599930199e+01
2.997073372423186299e+01
3.035577398959117801e+01
3.071004084903658082e+01
3.106436761582251904e+01
3.139758773897175104e+01
3.172712127055045528e+01
3.204209571230051523e+01
3.234931085250804728e+01
3.264601064819526499e+01
3.293208152776448827e+01
3.321055980535933116e+01
3.347794352159445452e+01
3.374062770520873045e+01
3.399442472213416266e+01
3.424681568323773462e+01
3.449445842869094037e+01
3.474423854814599366e+01
3.499399846640580591e+01
3.524929374588824516e+01
3.550860476617977213e+01
3.577660336075827274e+01
3.605118884199891482e+01
3.633745718295104865e+01
3.663118737572209938e+01
3.693970201643214324e+01
3.725503907132944903e+01
3.758853439334974667e+01
3.792712016144654541e+01
3.828721876344715014e+01
3.865001406450062404e+01
3.903694474599288355e+01
3.942377004449682687e+01
3.983548663814578816e+01
4.024404492240645226e+01
4.067535960107213810e+01
4.110065794258970584e+01
4.154348949606369246e+01
4.197862125687678514e+01
4.242368182483799188e+01
4.286176134163392248e+01
4.330125383109122339e+01
4.373765745721767217e+01
4.416742628244108460e+01
4.460078748524719572e+01
4.502053131155943788e+01
4.545154045625318417e+01
4.586288733718468791e+01
4.629136796074355686e+01
4.669427750743518857e+01
4.711562921477298005e+01
4.750548386944490176e+01
4.790909702467440212e+01
4.827598076808968841e+01
4.864667174420938522e+01
4.897838903433376601e+01
4.930149554133872414e+01
4.958889656655299660e+01
4.985662525839713055e+01
5.009918607161653625e+01
5.031570397593562660e+01
5.052416914616658516e+01
5.070647994729376506e+01
5.090084725879976446e+01
5.107460427880327103e+01
5.127746173707134147e+01
5.146859255390928922e+01
5.170296861648039766e+01
5.193495272135007923e+01
5.218300382282819783e+01
5.243570581698651267e+01
5.268494414170410778e+01
5.294272387197269580e+01
5.314669630140603118e+01
5.335953037294004986e+01
5.345013924188052101e+01
5.354740303675630742e+01
5.344171198040336890e+01
5.333953135576231830e+01
5.294908514408157885e+01
5.255964213618412373e+01
5.180104763863911899e+01
5.104253975994676296e+01
4.983167323910448232e+01
4.862161888660913434e+01
4.693719486266778063e+01
4.525483397952029208e+01
4.308403636829380901e+01
4.091617422897829215e+01
3.829507196715517381e+01
3.567740902593134678e+01
3.268862225313328196e+01
2.970337546235964510e+01
2.647448522743079735e+01
2.324909521033518089e+01
1.994358397580549891e+01
1.664168178084603866e+01
1.344201180438965082e+01
1.024630014110003273e+01
7.330413175289092642e+00
4.418918794469242961e+00
1.934656804528166463e+00
0.000000000000000000e+00
0.000000000000000000e+00
0.000000000000000000e+00
0.000000000000000000e+00
0.000000000000000000e+00
0.000000000000000000e+00
0.000000000000000000e+00
0.000000000000000000e+00
0.000000000000000000e+00
0.000000000000000000e+00
0.000000000000000000e+00
0.000000000000000000e+00
0.000000000000000000e+00
0.000000000000000000e+00
0.000000000000000000e+00
0.000000000000000000e+00
0.000000000000000000e+00
0.000000000000000000e+00
3.560300837404513086e-01
2.067729244592638072e+00
3.781320084818992289e+00
5.515976921268224586e+00
7.250174064151176268e+00
8.919564965422869918e+00
1.058647942057253744e+01
1.212352076953520452e+01
1.365670343021570332e+01
1.501909903508768984e+01
1.637692873594360421e+01
1.754596572547406197e+01
1.871025696299396657e+01
1.968628833131087674e+01
2.065771647964041335e+01
2.145395018530951248e+01
2.224586152639782100e+01
2.288179982043521221e+01
2.351367847556161905e+01
2.400939871647433321e+01
2.450116722424595395e+01
2.487312495085215858e+01
2.524099221034214580e+01
2.549969332638274722e+01
2.575392651036434799e+01
2.590373549444605317e+01
2.604859204020543473e+01
2.608931764049800961e+01
2.612473316925660072e+01
2.605447948369329936e+01
2.597893969500485767e+01
2.579735590220581898e+01
2.561104928431412375e+01
2.532235028561444778e+01
2.502998563957898170e+01
2.464473421274933784e+01
2.425715905029161590e+01
2.379297146378200267e+01
2.332780283026207258e+01
2.280846824632579839e+01
2.228928580235848145e+01
2.174302585850412939e+01
2.119779574040863679e+01
2.065466452887886106e+01
2.011331835933395951e+01
1.960225863420392756e+01
1.909379953672514318e+01
1.863946276584758976e+01
1.818865581772122297e+01
1.780835083923572881e+01
1.743242261968714146e+01
1.713346418587579834e+01
1.683924345929407806e+01
1.661733569394680288e+01
1.639961800125342251e+01
1.623888763199044050e+01
1.608071706486288832e+01
1.595597521750472225e+01
1.583134120001527201e+01
1.571256610849873425e+01
1.559130649374130329e+01
1.544959977564139564e+01
1.530355665179618008e+01
1.511753513723982500e+01
1.492677630721281190e+01
1.468773659390256370e+01
1.444522347267193574e+01
1.415965649112105851e+01
1.387317868334492665e+01
1.356233968064789330e+01
1.325365337682229416e+01
1.295005444163280117e+01
1.265130469752170939e+01
1.239355939319327327e+01
1.214237494241323034e+01
1.196930587303180360e+01
1.180338084284770872e+01
1.174879089447609459e+01
1.170114681716096783e+01
1.179012272580046883e+01
1.188571859203827330e+01
1.213255740138421146e+01
1.238621938009475087e+01
1.279384977916535071e+01
1.320933302626759520e+01
1.376948384299677208e+01
1.433909326325006184e+01
1.503305403461136613e+01
1.573793609527160697e+01
1.653779622476754696e+01
1.734902048507255756e+01
1.821968651838063735e+01
1.910043868952931589e+01
2.000244345252179201e+01
2.091126285390929951e+01
2.180435373618472994e+01
2.269922764241953317e+01
2.354601567456846922e+01
2.438852990386343578e+01
2.515808493210192154e+01
2.591738397854312126e+01
2.658820579561053421e+01
2.724407872917626605e+01
2.780597933820257239e+01
2.835050992114701884e+01
2.880507806944398297e+01
2.924254818723156291e+01
2.960180740345529316e+01
2.994663470460640298e+01
3.023012444161375356e+01
3.050331723932502825e+01
3.073412477291292433e+01
3.095912578812904314e+01
3.116018858096041555e+01
3.135946579239367793e+01
3.155094330650466361e+01
3.174395932802049813e+01
3.194230660379767173e+01
3.214515141106642915e+01
3.236356200118903814e+01
3.258957534616966711e+01
3.283891562421580801e+01
3.309924365825809645e+01
3.338812023734788426e+01
3.369104500871094388e+01
3.402461540711267673e+01
3.437363800555242221e+01
3.475123701327731141e+01
3.514257731570011600e+01
3.555560294325162118e+01
3.597694025516079819e+01
3.640897228454002033e+01
3.684115846937083205e+01
3.727126159404226513e+01
3.769319904324007808e+01
3.810206902371918858e+01
3.849743423413396215e+01
3.887372739262077914e+01
3.923645470440253291e+01
3.958074442334066845e+01
3.991705062146159833e+01
4.024150744908786237e+01
4.056751564277391253e+01
4.089143919427096563e+01
4.122732321051606874e+01
4.157040659892980727e+01
4.193328376076343034e+01
4.230857616444960456e+01
4.270622913521334851e+01
4.311519926338115027e+01
4.354260182798157075e+01
4.397338634016463743e+01
4.441253912683473004e+01
4.484163073952870349e+01
4.526466262126765372e+01
4.566158686906588571e+01
4.603683613990418166e+01
4.637179308085360674e+01
4.667259397732614445e+01
4.692593898142033026e+01
4.714013773973014310e+01
4.731092040640439222e+01
4.744722017575931261e+01
4.755580770744361274e+01
4.764239140222272084e+01
4.772469935515973560e+01
4.780025763228655933e+01
4.789628943937083250e+01
4.799832051013927980e+01
4.814108845713585083e+01
4.829709262284780635e+01
4.850608817199902489e+01
4.872990504796166533e+01
4.900936244222882010e+01
4.930118529728922994e+01
4.964098498885950050e+01
4.998839357995327504e+01
5.036487741884902647e+01
5.074381220232027090e+01
5.112734939346091778e+01
5.150460971333341575e+01
5.182704446589004021e+01
5.213743289780641277e+01
5.234934527950591132e+01
5.254214547921341705e+01
5.257509919058366421e+01
5.258206270531771054e+01
5.236407951097707070e+01
5.211350266845346368e+01
5.157438680742991721e+01
5.099485253346464475e+01
5.005924371257329852e+01
4.907972765086216782e+01
4.771903441403539858e+01
4.631019590215115045e+01
4.450024358554957615e+01
4.264209128720594322e+01
4.040148352420588651e+01
3.811776934916431259e+01
3.550941810249807418e+01
3.286920336317887603e+01
3.000173187297465915e+01
2.711951797988957935e+01
2.414042288817617532e+01
2.116778057707859872e+01
1.824776240771402414e+01
1.535647408250194523e+01
1.266747441704483634e+01
1.002710105734749568e+01
7.718551018658271090e+00
5.473221156488904171e+00
3.653009689081362588e+00
1.903891263643875398e+00
6.301229570580901829e-01
0.000000000000000000e+00
0.000000000000000000e+00
0.000000000000000000e+00
0.000000000000000000e+00
0.000000000000000000e+00
0.000000000000000000e+00
0.000000000000000000e+00
0.000000000000000000e+00
0.000000000000000000e+00
1.077350170334870016e+00
2.201441450619356921e+00
3.546002041908924873e+00
4.911456581642658747e+00
6.406897985131445594e+00
7.910155810948182875e+00
9.453564556975832645e+00
1.099267827469234327e+01
1.249200426992404189e+01
1.397694584724131772e+01
1.535955011151290606e+01
1.672042072168131099e+01
1.793782990842923297e+01
1.912923763041022696e+01
2.015786485433437392e+01
2.115926120491047868e+01
2.199761051914202881e+01
2.281012677535825262e+01
2.347355474041873435e+01
2.411440019257339173e+01
2.462839202591539589e+01
2.512390026657689646e+01
2.551718982739367902e+01
2.589593112437830413e+01
2.619461866315757703e+01
2.648174694075207469e+01
2.670520544243025540e+01
2.691876360946871571e+01
2.707785473922930564e+01
2.722738674401787407e+01
2.732479096184959744e+01
2.741198373110737663e+01
2.744419744392789795e+01
2.746510063965844850e+01
2.742565084963942112e+01
2.737394333124693446e+01
2.725687091241019999e+01
2.712729045921549442e+01
2.693044392318313029e+01
2.672190040862630767e+01
2.644934671827411421e+01
2.616711025339620278e+01
2.583030320206886543e+01
2.548698201193945678e+01
2.510473055800196462e+01
2.471996176080799046e+01
2.431663848010744289e+01
2.391514045177049752e+01
2.351795162874248035e+01
2.312663025793714056e+01
2.276177907024830560e+01
2.240595328681111198e+01
2.209491318922307457e+01
2.179471371020859749e+01
2.155087348102799183e+01
2.131809847436742800e+01
2.114443796329820913e+01
2.098043505365768624e+01
2.086861918226458101e+01
2.076351434964865206e+01
2.069440662741308756e+01
2.062774079343425626e+01
2.057338793892867557e+01
2.051630952799457219e+01
2.044364185826810143e+01
2.036280609070746905e+01
2.023843593319671186e+01
2.010106608341727963e+01
1.989698246720063324e+01
1.967669139911695808e+01
1.937578966447830453e+01
1.905799057472858848e+01
1.865825702062829450e+01
1.824397136862000224e+01
1.776041621019235706e+01
1.726761376406212278e+01
1.673126051518374524e+01
1.619320943391213419e+01
1.564714856668189213e+01
1.510801738961252028e+01
1.460144206887899543e+01
1.411019315782612438e+01
1.369164286820897303e+01
1.329549638313791426e+01
1.300677600457669136e+01
1.274556292481024755e+01
1.261727992327171854e+01
1.251945311077179923e+01
1.256865438459895223e+01
1.264918368113127478e+01
1.287862067421359136e+01
1.313831067568598066e+01
1.353699733066416755e+01
1.396294809207346788e+01
1.450757044457988343e+01
1.507452624205782854e+01
1.573162425484342819e+01
1.640430489762616517e+01
1.713346257702412245e+01
1.787008258480609157e+01
1.862798791894135420e+01
1.938475461929004595e+01
2.012994260120906631e+01
2.086614560838944854e+01
2.156380681225435580e+01
2.224668181333463579e+01
2.287253220513631646e+01
2.348088038021787938e+01
2.402351876748822335e+01
2.454943527662481983e+01
2.501042829896244157e+01
2.545853604011632498e+01
2.585008292101618110e+01
2.623434063594173438e+01
2.657492796259776568e+01
2.691368967962664627e+01
2.722260477418442548e+01
2.753311670552405488e+01
2.782532291100045541e+01
2.811930504542324627e+01
2.840236709101249701e+01
2.868418784480475381e+01
2.895819139332552083e+01
2.922621371300610349e+01
2.948684826287522043e+01
2.973741224191808286e+01
2.998075529856106058e+01
3.021283737946428261e+01
3.043973038166875256e+01
3.065807277616052673e+01
3.087583860311737283e+01
3.109112277921092016e+01
3.131256463910481358e+01
3.153918087428894168e+01
3.177931787507998251e+01
3.203163625097732137e+01
3.230381494550943700e+01
3.259250619114781955e+01
3.290500202790512674e+01
3.323451589635487124e+01
3.358884432747278481e+01
3.395703427452981771e+01
3.434866741685845426e+01
3.474886114995035769e+01
3.517019881113238711e+01
3.559510125901830691e+01
3.603978159374783274e+01
3.648573246034023754e+01
3.695218440119327141e+01
3.742144697267399067e+01
3.791355218740042687e+01
3.841273921698061855e+01
3.893620359492743432e+01
3.947065107825934405e+01
4.002650308841825222e+01
4.059321772865644107e+01
4.117151309588551555e+01
4.175457142217734940e+01
4.233283635925877775e+01
4.290483908240209843e+01
4.345272351399159305e+01
4.398228393354477817e+01
4.447114548607162732e+01
4.493334385673205844e+01
4.534612593332156649e+01
4.573072770649448415e+01
4.606733880211206156e+01
4.638111247634671486e+01
4.665731927447293970e+01
4.692030583665563626e+01
4.716165383517979137e+01
4.740014061134616696e+01
4.763447048976286169e+01
4.787418846075151890e+01
4.812545565248375823e+01
4.838683846164290969e+01
4.867138440295970980e+01
4.896704880384658054e+01
4.929177302413901884e+01
4.962542095809072862e+01
4.998701607702573568e+01
5.035305625566984844e+01
5.073797069953432981e+01
5.112312345480406606e+01
5.151520451204390838e+01
5.189537713486556925e+01
5.223889882523661043e+01
5.256299816727226926e+01
5.281956089516619812e+01
5.304249947579199898e+01
5.314664471962787928e+01
5.319822227663915015e+01
5.307060685126565858e+01
5.286786678738422296e+01
5.242179507373837311e+01
5.187508670764452035e+01
5.101631641177699095e+01
5.004295119364301314e+01
4.872439726875981592e+01
4.728272003097264786e+01
4.547155998302490332e+01
4.354309620301699368e+01
4.125601996743394295e+01
3.887046597908676659e+01
3.617120034596666045e+01
3.340312384552188263e+01
3.039963870029088255e+01
2.736453991513434403e+01
2.420082344313703970e+01
2.104647908144726287e+01
1.788949618734426394e+01
1.478258698105363500e+01
1.180456472822879732e+01
8.912758917205161779e+00
6.270551965724433074e+00
3.742168615308671953e+00
1.557479985371191589e+00
0.000000000000000000e+00
0.000000000000000000e+00
0.000000000000000000e+00
0.000000000000000000e+00
0.000000000000000000e+00
0.000000000000000000e+00
0.000000000000000000e+00
0.000000000000000000e+00
0.000000000000000000e+00
0.000000000000000000e+00
0.000000000000000000e+00
0.000000000000000000e+00
0.000000000000000000e+00
0.000000000000000000e+00
0.000000000000000000e+00
1.451194352704860968e-01
1.648230821567795434e+00
3.263581914746011226e+00
4.891935370340282141e+00
6.555661776561013454e+00
8.207935427197764255e+00
9.826717064633847087e+00
1.141454559251872247e+01
1.291476642895155535e+01
1.437090013716718140e+01
1.570339131661897447e+01
1.698515618369533797e+01
1.812524150382516197e+01
1.921351912821423014e+01
2.015727207441852897e+01
2.105213611806620122e+01
2.181052314281341253e+01
2.252514990153656527e+01
2.311744065478427856e+01
2.367166894049726977e+01
2.411943171021391663e+01
2.453421778173295209e+01
2.485696933730080005e+01
2.515053583115315661e+01
2.536315235227907294e+01
2.554897103204616826e+01
2.566115988393735492e+01
2.574779750407266476e+01
2.576495766953263100e+01
2.575723887283613323e+01
2.568249466897298916e+01
2.558359815589700759e+01
2.542010987832521707e+01
2.523387106449919770e+01
2.498713188735894519e+01
2.472015042001169149e+01
2.439957350052628726e+01
2.406259449286478258e+01
2.368231662868052467e+01
2.329071343445594167e+01
2.286920648128021227e+01
2.244233521124935038e+01
2.200108562192559347e+01
2.156072480742869857e+01
2.112206946117553130e+01
2.069004850116486338e+01
2.027434773796765555e+01
1.986970868930803036e+01
1.949260243658739356e+01
1.912893121628691517e+01
1.879892845396174650e+01
1.848227750922982082e+01
1.819946781061728913e+01
1.792752071451163687e+01
1.768371680277809332e+01
1.744638562779799074e+01
1.722668602867742038e+01
1.700806777625573574e+01
1.679372886616970462e+01
1.657511752562778540e+01
1.634700572870331214e+01
1.611041101506582152e+01
1.585288952731955092e+01
1.558465361119447756e+01
1.528872240071811817e+01
1.498244803907356903e+01
1.464826668958662026e+01
1.430686790433758837e+01
1.394464868771130028e+01
1.358085625837135879e+01
1.321029684811967186e+01
1.284577362142384871e+01
1.249414194324581651e+01
1.215730140869279730e+01
1.185628113970253139e+01
1.157904848826450639e+01
1.136104875325502483e+01
1.117510724148573331e+01
1.106933517071866468e+01
1.100220625092213389e+01
1.103100520676519025e+01
1.110252142614109161e+01
1.127853642103390541e+01
1.149821443704681023e+01
1.182260481120519025e+01
1.218817879073315424e+01
1.265015433870955519e+01
1.314753870427470872e+01
1.372544102615657735e+01
1.433017599678130516e+01
1.499373560596524868e+01
1.567368687001987659e+01
1.638754595320535756e+01
1.710665685550882742e+01
1.783433170854004146e+01
1.855671861575453363e+01
1.926468488322559836e+01
1.995851511843621751e+01
2.061940194266870208e+01
2.125978888905207143e+01
2.185450018015422557e+01
2.242515416972574727e+01
2.294347375207124173e+01
2.343684497577807591e+01
2.387670444397718938e+01
2.429282851265492482e+01
2.465847856223320633e+01
2.500291720882069413e+01
2.530257603812810530e+01
2.558416776567393924e+01
2.582798688477014437e+01
2.605711490008038211e+01
2.625587046502601041e+01
2.644339051756907821e+01
2.660770307128336754e+01
2.676421808850144046e+01
2.690404400504426974e+01
2.703921911454679616e+01
2.716317542139660901e+01
2.728508951034280017e+01
2.740019191014349786e+01
2.751526947554717140e+01
2.762723826546161021e+01
2.774093759216306765e+01
2.785529586978733718e+01
2.797342407025151090e+01
2.809683441651196389e+01
2.822686401805879797e+01
2.836826707286601845e+01
2.852017780408220915e+01
2.869112960152568803e+01
2.887750351983557096e+01
2.909192432888752577e+01
2.932739490359986334e+01
2.960051080177704108e+01
2.990031680756420229e+01
3.024660566745241397e+01
3.062391895377817264e+01
3.105368205783724633e+01
3.151558132497930487e+01
3.203054886039359417e+01
3.257376420159812369e+01
3.316367060767974806e+01
3.377243441007382785e+01
3.441475828719698882e+01
3.506270061781789593e+01
3.572691637914936535e+01
3.638312411507123301e+01
3.703818255676920757e+01
3.767492772975429460e+01
3.829645565785796180e+01
3.889482182465722815e+01
3.946870890041041235e+01
4.001951989905735019e+01
4.054050872009928241e+01
4.104120064194528794e+01
4.150910244053550002e+01
4.196010123735218400e+01
4.237695293350404313e+01
4.277999413453582633e+01
4.314931801803867017e+01
4.350734599031924432e+01
4.383401895883239519e+01
4.415105962166730080e+01
4.444089242035357756e+01
4.472171091383076913e+01
4.498120351598564781e+01
4.523199332517272353e+01
4.546990158338233101e+01
4.570105407077034698e+01
4.593166023082670080e+01
4.616113879575796375e+01
4.640650766934991367e+01
4.666038958042273066e+01
4.694825998029909897e+01
4.725568129317056076e+01
4.761146779270313090e+01
4.799447430274761928e+01
4.843006036166416806e+01
4.889220276162707535e+01
4.939567865597317109e+01
4.991356463982580038e+01
5.044376059060189732e+01
5.096650865525479190e+01
5.145991035057042495e+01
5.190744988932233639e+01
5.225841726991053804e+01
5.252944833705365113e+01
5.264805235033474418e+01
5.264946327055262287e+01
5.243757349396826584e+01
5.207635518448983447e+01
5.144915528567576501e+01
5.064350126843589806e+01
4.952234772759360482e+01
4.822057470203453278e+01
4.660018702908331534e+01
4.480091765681855520e+01
4.268476810519013043e+01
4.041130592830604940e+01
3.785712117315609504e+01
3.518373142061573589e+01
3.229506542467062502e+01
2.933960164511703539e+01
2.626019383572468868e+01
2.317603971682549613e+01
2.007703550681976878e+01
1.703825395238969165e+01
1.409933877172253247e+01
1.128053627322913499e+01
8.667427510675878466e+00
6.221724892686810726e+00
4.065082804387725623e+00
2.105798391415199422e+00
4.880164913057420950e-01
0.000000000000000000e+00
0.000000000000000000e+00
0.000000000000000000e+00
0.000000000000000000e+00
0.000000000000000000e+00
0.000000000000000000e+00
0.000000000000000000e+00
0.000000000000000000e+00
0.000000000000000000e+00
0.000000000000000000e+00
0.000000000000000000e+00
1.230503556381813635e+00
2.593254224366496885e+00
4.100595090420076971e+00
5.653805715652325148e+00
7.284399310626852753e+00
8.922365787170365437e+00
1.057272595574875140e+01
1.219704043294275841e+01
1.377769880907150757e+01
1.530676371492224774e+01
1.674964849526237032e+01
1.812451002664949584e+01
1.938616347439230125e+01
2.057214566208375572e+01
2.163270919735411368e+01
2.261724712463826847e+01
2.347639698801577879e+01
2.426439272834066685e+01
2.493575882385136211e+01
2.554378019525287868e+01
2.604880635721436377e+01
2.649926883960040058e+01
2.686193511281831547e+01
2.717829638678252380e+01
2.742109170698920195e+01
2.762439408462275381e+01
2.776580372789864271e+01
2.787277851568338249e+01
2.792642657916271176e+01
2.794909783232116141e+01
2.792413904830909388e+01
2.787052184017753831e+01
2.777287592982725783e+01
2.764841394381804207e+01
2.748255715352666684e+01
2.729189273596573173e+01
2.706260080249619548e+01
2.681123174007323229e+01
2.652509406478942111e+01
2.622064424914520586e+01
2.588694759962378100e+01
2.553981006024976352e+01
2.517079624476576782e+01
2.479406706070727395e+01
2.440433950927135953e+01
2.401309005227679805e+01
2.361862685799290773e+01
2.322871934084584211e+01
2.284531884702427007e+01
2.247176500026680301e+01
2.211322390975668384e+01
2.176837339471283883e+01
2.144468593997277495e+01
2.113648691416603143e+01
2.085224422653636367e+01
2.058274623794891056e+01
2.033589599256733749e+01
2.010038724952227795e+01
1.988205872439251110e+01
1.966925881985824986e+01
1.946457124998957511e+01
1.925798691928015316e+01
1.904819980892616016e+01
1.882870701307389183e+01
1.859436552773903983e+01
1.834362680377980936e+01
1.806828244988400911e+01
1.777248730106661156e+01
1.744637356025203445e+01
1.709956518908699152e+01
1.672235459441860428e+01
1.632865178810642703e+01
1.591088497648588707e+01
1.548515187888654410e+01
1.504783682734091954e+01
1.461452361219325269e+01
1.418693807548663521e+01
1.377732180104204218e+01
1.339349749303312720e+01
1.304189194823645437e+01
1.273645016902459659e+01
1.247605128546792130e+01
1.228005135950566817e+01
1.213912587601488191e+01
1.207672541729767168e+01
1.207567957200555497e+01
1.216177501141567774e+01
1.231124642796090285e+01
1.255020952183375726e+01
1.285018389504645597e+01
1.323557045255619613e+01
1.367543071305693303e+01
1.419062559165475967e+01
1.475001317233258469e+01
1.536952337652737199e+01
1.602007535002600136e+01
1.671192916621347280e+01
1.742008054701988939e+01
1.814910891208533883e+01
1.887970538503392959e+01
1.961143851111828340e+01
2.033174322369060505e+01
2.103634434084335680e+01
2.171983735872349541e+01
2.237548706389323172e+01
2.300469556009674221e+01
2.359951133600394613e+01
2.416701030753668178e+01
2.469884595967209862e+01
2.520588989850133288e+01
2.567973217099681449e+01
2.613297077139243640e+01
2.655725285437959826e+01
2.696496212592134256e+01
2.734801144156752173e+01
2.771733635553936992e+01
2.806560376774052301e+01
2.840175952398771031e+01
2.871991533458712098e+01
2.902709339039729031e+01
2.931951259944254673e+01
2.960259900106379050e+01
2.987503456566521010e+01
3.014096415484732461e+01
3.040142100286148619e+01
3.065935527738130872e+01
3.091760113181364034e+01
3.117799282727925814e+01
3.144443349364850704e+01
3.171766270893772344e+01
3.200193465388390024e+01
3.229714723287082734e+01
3.260725549028752113e+01
3.293138419304642639e+01
3.327245103358552569e+01
3.362869155532257537e+01
3.400119047644493975e+01
3.438706630175970247e+01
3.478506587590043608e+01
3.519117630919903661e+01
3.560204935924679859e+01
3.601325145448856091e+01
3.642052890274679555e+01
3.682022536197474238e+01
3.720890309098190585e+01
3.758496908980703211e+01
3.794726068518780693e+01
3.829674939858508509e+01
3.863501941764420877e+01
3.896507515982036551e+01
3.929052178837087439e+01
3.961491199154772858e+01
3.994226112726608591e+01
4.027500237230631086e+01
4.061577606456937417e+01
4.096465589512159511e+01
4.132159745396279504e+01
4.168409182211877351e+01
4.204892012838660520e+01
4.241173397835301273e+01
4.276639760617735675e+01
4.310803415738175914e+01
4.342829349793441907e+01
4.372327695446179519e+01
4.398339978216174018e+01
4.420710644085416163e+01
4.438486435483206094e+01
4.451874594055920653e+01
4.460101943072168496e+01
4.463860616701713724e+01
4.462762679077815164e+01
4.458054660995571794e+01
4.449887887380178597e+01
4.439983598125311914e+01
4.429036138290056357e+01
4.418965751356074634e+01
4.410837286333403995e+01
4.406337698120290014e+01
4.406628669620720729e+01
4.412719970294980953e+01
4.425617227131237286e+01
4.445331826564210331e+01
4.472561072285435557e+01
4.506180069656431186e+01
4.546530727608769951e+01
4.591407272334423340e+01
4.640813278457710567e+01
4.691657081602667034e+01
4.743637747288826745e+01
4.793083825937770825e+01
4.839409538870452820e+01
4.878720300384254216e+01
4.910134468279927233e+01
4.929919703558616106e+01
4.936870971528686169e+01
4.927798817322820923e+01
4.901165306027881030e+01
4.854705532783078326e+01
4.786583691781788019e+01
4.695833589569377864e+01
4.580402909491454011e+01
4.440963046076984000e+01
4.275360205863002960e+01
4.086177876583063551e+01
3.871303409985048916e+01
3.635384379531522825e+01
3.376518391719522327e+01
3.101348074756430151e+01
2.808363181005756459e+01
2.505842770785182694e+01
2.192831443275981229e+01
1.878531599206585057e+01
1.562641958989104296e+01
1.254281134573466971e+01
9.538068086209497309e+00
6.690635504578160031e+00
4.009713149362813311e+00
1.550320339414815729e+00
0.000000000000000000e+00
0.000000000000000000e+00
0.000000000000000000e+00
0.000000000000000000e+00
0.000000000000000000e+00
0.000000000000000000e+00
0.000000000000000000e+00
0.000000000000000000e+00
0.000000000000000000e+00
0.000000000000000000e+00
0.000000000000000000e+00
0.000000000000000000e+00
0.000000000000000000e+00
0.000000000000000000e+00
0.000000000000000000e+00
0.000000000000000000e+00
0.000000000000000000e+00
0.000000000000000000e+00
1.386817354760882415e+00
3.017414717868914131e+00
4.676655836812506628e+00
6.317945976527251872e+00
7.940497460134254837e+00
9.508434978937103210e+00
1.102093815946817479e+01
1.245501164466210042e+01
1.381025944632479963e+01
1.507621053195321714e+01
1.625303065313697104e+01
1.734045795928690481e+01
1.833910326102392574e+01
1.925549586294638971e+01
2.009044668350495400e+01
2.085366550165824506e+01
2.154590925987147187e+01
2.217680930081116131e+01
2.274690302235152117e+01
2.326340010532313585e+01
2.372661108863723101e+01
2.414007231408450593e+01
2.450403075336906156e+01
2.481822395567087014e+01
2.508311139615138785e+01
2.529553021567621940e+01
2.545643981461322625e+01
2.556123925232001426e+01
2.561158103089359273e+01
2.560322072266302484e+01
2.553851673771576714e+01
2.541524501840516592e+01
2.523628664121552134e+01
2.500275869663039074e+01
2.471773773410334485e+01
2.438647019210837641e+01
2.401182588363106163e+01
2.360328971453706970e+01
2.316310895647075085e+01
2.270441791745719229e+01
2.222847803499708164e+01
2.175092314315950404e+01
2.127179514148576800e+01
2.080755283747169315e+01
2.035698347373088524e+01
1.993559533693045083e+01
1.954107789932830741e+01
1.918612173919406061e+01
1.886762083066829376e+01
1.859388000295250265e+01
1.836138075998153951e+01
1.817287666083669961e+01
1.802486940684113037e+01
1.791401917046787062e+01
1.783731598446214406e+01
1.778556553422883368e+01
1.775672492419832338e+01
1.773687702751814044e+01
1.772536764365309381e+01
1.770540414167704668e+01
1.767799446339818203e+01
1.762592275303150657e+01
1.755188160836264899e+01
1.744091296034329375e+01
1.729709800707719225e+01
1.711024848787218389e+01
1.688520738950449029e+01
1.661855513912514937e+01
1.631499456617788724e+01
1.597890258335915092e+01
1.561381484571128730e+01
1.523193512555863549e+01
1.483468194947175078e+01
1.444104498420873739e+01
1.404968798386104289e+01
1.368459727744423837e+01
1.334149506981874822e+01
1.304700022091823364e+01
1.279415069247784231e+01
1.260969791406468055e+01
1.248453019700168554e+01
1.244296801807695907e+01
1.247438077306134119e+01
1.259836120133902426e+01
1.280336658745808442e+01
1.310232777563623330e+01
1.348338662205042660e+01
1.395160499207528382e+01
1.449546595237743674e+01
1.511178201585431502e+01
1.579018065528708803e+01
1.651999340755678247e+01
1.729293570435407545e+01
1.809250660849311743e+01
1.891350216719031252e+01
1.973604186384790893e+01
2.055878072388281907e+01
2.136100915525294397e+01
2.214552434489096555e+01
2.289302810769776286e+01
2.361004330353791403e+01
2.428014838048427748e+01
2.491249943149569646e+01
2.549421467268963681e+01
2.603558459980784079e+01
2.652726458998809278e+01
2.697922382640539496e+01
2.738540543478670841e+01
2.775439299212470345e+01
2.808310803356576102e+01
2.837819840703434693e+01
2.863928405136692490e+01
2.887098185426384589e+01
2.907531203735652170e+01
2.925509317926187691e+01
2.941447108346512351e+01
2.955490000170738085e+01
2.968233839001805663e+01
2.979740282535806273e+01
2.990750981360787364e+01
3.001288265163533708e+01
3.012186331727178512e+01
3.023444729637570560e+01
3.035921432816883936e+01
3.049574474024622717e+01
3.065193475306015358e+01
3.082659246620575288e+01
3.102621353369137935e+01
3.124850471256878848e+01
3.149810291440537924e+01
3.177144918683159958e+01
3.207121919093017937e+01
3.239264955475339747e+01
3.273670771588941619e+01
3.309778395178985022e+01
3.347573941632064987e+01
3.386481136518659696e+01
3.426456617889101608e+01
3.467002931014599199e+01
3.508136139110816032e+01
3.549526591371286344e+01
3.591298916595524560e+01
3.633340506959635974e+01
3.675872728500868902e+01
3.718984269885270066e+01
3.762910221036825931e+01
3.807856438958175715e+01
3.853939055440710604e+01
3.901351445195063405e+01
3.949951900966263452e+01
3.999797888569037951e+01
4.050414309954981462e+01
4.101658914154824487e+01
4.152754899251664256e+01
4.203387668670533373e+01
4.252632362959915469e+01
4.300122256418095645e+01
4.345040852210576077e+01
4.387145448129600567e+01
4.426010220570871212e+01
4.461671262328866305e+01
4.494300933796002084e+01
4.524253126972963202e+01
4.552324831443198150e+01
4.579068079925752954e+01
4.605732534974137593e+01
4.632829886754029047e+01
4.661734785349294441e+01
4.692665496841618733e+01
4.726746828972218140e+01
4.763751597408518990e+01
4.804213327489425467e+01
4.847495390808508375e+01
4.893299201401465837e+01
4.940814746576693040e+01
4.988762189994414342e+01
5.036537043871998520e+01
5.082320480305402555e+01
5.125987298883696042e+01
5.162928144524435226e+01
5.194428172146315603e+01
5.216336627620908217e+01
5.231043009605797778e+01
5.232647155535451589e+01
5.224999990372654679e+01
5.200986822853390379e+01
5.165881098503658109e+01
5.110844301366311981e+01
5.042576590800791791e+01
4.952717902850191223e+01
4.848642479068723787e+01
4.720926332678249082e+01
4.577572042666558616e+01
4.410120836267160627e+01
4.226592189974027747e+01
4.020318898711094846e+01
3.798727860908123688e+01
3.558021694603618101e+01
3.304331705159444965e+01
3.037567634279686857e+01
2.761840644836272674e+01
2.481162419578001987e+01
2.196992885447574650e+01
1.917244562669561248e+01
1.640330816884665666e+01
1.377268485425231859e+01
1.123381109664638799e+01
8.915422528897945398e+00
6.743427952307527562e+00
4.851307239961782258e+00
3.144574605415657587e+00
1.749908960821987991e+00
5.610593013751056235e-01
0.000000000000000000e+00
0.000000000000000000e+00
0.000000000000000000e+00
0.000000000000000000e+00
0.000000000000000000e+00
0.000000000000000000e+00
0.000000000000000000e+00
1.563256719290117280e-01
1.029095444303095519e+00
2.020760944831214712e+00
3.140774028296322129e+00
4.342238994499573401e+00
5.611350630454552402e+00
6.922998745757404038e+00
8.244481525576199843e+00
9.571876782221087510e+00
1.086017595887058640e+01
1.212377763621035598e+01
1.331262294452619166e+01
1.445479875735584940e+01
1.550172464959900154e+01
1.648963667441431014e+01
1.737631609892908102e+01
1.820063711981485355e+01
1.892958033910493398e+01
1.959998550222946179e+01
2.018882646273837622e+01
2.072764124769984306e+01
2.120241839179605137e+01
2.163778620768184169e+01
2.202664794324636688e+01
2.238663967008188393e+01
2.271470312947735692e+01
2.302265214768654644e+01
2.330847416966075514e+01
2.358011371478978901e+01
2.383408102211845403e+01
2.407665751694384326e+01
2.430099305604790771e+01
2.451378751910321085e+01
2.470405519572690878e+01
2.488046744445835756e+01
2.502806899707872290e+01
2.515835315113199400e+01
2.525352052225748523e+01
2.532792750755302791e+01
2.536261087533014091e+01
2.537411334459310908e+01
2.534433285658423074e+01
2.529072956696527896e+01
2.519792517854379810e+01
2.508272200126108586e+01
2.493390203865492083e+01
2.476602675088304295e+01
2.457282059946414776e+01
2.436531937050007812e+01
2.414215563713091939e+01
2.391013264286513973e+01
2.367194055150243059e+01
2.343017889115849073e+01
2.319005155258795625e+01
2.295070731417911247e+01
2.271778912269091677e+01
2.248834739526261473e+01
2.226621840601950453e+01
2.204807768549381208e+01
2.183388144385462226e+01
2.162178010320739219e+01
2.140647396998976149e+01
2.118923281674095449e+01
2.095907070621284518e+01
2.072153311001594744e+01
2.046072847570559361e+01
2.018685244702862747e+01
1.988100627750942806e+01
1.955745975278817284e+01
1.919722134479608755e+01
1.881701385578251617e+01
1.840115377442240785e+01
1.796630733001420310e+01
1.750355844321218868e+01
1.702640412958846738e+01
1.653560425425031966e+01
1.603826213180993676e+01
1.554677369875700066e+01
1.505905916551705559e+01
1.459980288630045919e+01
1.415593064539246271e+01
1.376375960847401636e+01
1.339870456272036314e+01
1.310670738930173584e+01
1.285258806079740523e+01
1.268891931716307475e+01
1.257206351104038511e+01
1.255749678024516669e+01
1.259612105860383124e+01
1.274221856056476732e+01
1.294466020590800071e+01
1.325251796610287514e+01
1.361610089679799529e+01
1.407571242084929430e+01
1.458635698953265880e+01
1.517703577509532842e+01
1.581023199048792982e+01
1.650239057039778601e+01
1.722559260889709165e+01
1.798387553937662631e+01
1.876019065385013818e+01
1.954763964830364031e+01
2.034031529072226618e+01
2.112270412460343749e+01
2.189933790758239951e+01
2.264891387385119259e+01
2.338479406391452642e+01
2.408268803654817702e+01
2.476246930208381869e+01
2.539919793673914938e+01
2.601652578308916475e+01
2.659054538539986723e+01
2.714594659445108960e+01
2.766097019759754971e+01
2.815903483047328137e+01
2.862122286389110570e+01
2.906814655119585566e+01
2.948423896184851500e+01
2.988662086561096487e+01
3.026337959495053909e+01
3.062820644957792737e+01
3.097304644673614860e+01
3.130856361371916208e+01
3.163031741395527874e+01
3.194636151645559252e+01
3.225527731875154558e+01
3.256258954434733965e+01
3.286886459795889692e+01
3.317684188443190152e+01
3.348796295102010134e+01
3.380182391012082377e+01
3.412005756537512013e+01
3.443904880482295283e+01
3.476067098590366555e+01
3.507871944128955022e+01
3.539638972241699122e+01
3.570608795778363032e+01
3.601378243149647318e+01
3.631181394788037409e+01
3.661007374854501251e+01
3.690160028808944048e+01
3.720029677659766065e+01
3.749983170137176813e+01
3.781683907362804575e+01
3.814491987386289651e+01
3.850113263749105386e+01
3.887803603572451294e+01
3.929017154214062657e+01
3.972840682142649626e+01
4.020196039760704565e+01
4.070026247172557987e+01
4.122533504588585629e+01
4.176661495294899851e+01
4.231846577442851043e+01
4.287283020806985689e+01
4.341751612515577818e+01
4.394989762649916543e+01
4.445352054652656193e+01
4.493361270271773833e+01
4.537221788183626359e+01
4.578319840639829152e+01
4.614940471058889671e+01
4.649164412495099441e+01
4.679476263641884515e+01
4.708264967833390813e+01
4.734274722331070251e+01
4.759708525575187110e+01
4.783610242739275265e+01
4.807550475965521741e+01
4.830961518976442193e+01
4.854485089326996672e+01
4.878056198674865129e+01
4.901318419919371649e+01
4.924819150225672360e+01
4.947379515905845437e+01
4.970176300468889963e+01
4.991576567770535888e+01
5.013201724435087669e+01
5.033417251183886520e+01
5.053802609048014460e+01
5.073186533155924138e+01
5.092354416373545689e+01
5.111066923961443109e+01
5.128932552728190331e+01
5.146851940094956035e+01
5.160512632113257325e+01
5.173444882616797003e+01
5.179365205469013489e+01
5.183791112670073176e+01
5.176565583022454575e+01
5.165951822325774856e+01
5.138169353681355744e+01
5.104416053948300203e+01
5.046802194364008187e+01
4.979939134419233682e+01
4.885116571212704883e+01
4.778800623304131534e+01
4.640326286177861448e+01
4.488230011441279999e+01
4.302797290133954533e+01
4.103131979593218404e+01
3.872250553040894516e+01
3.628160544549452027e+01
3.358577979816327996e+01
3.078457769079209072e+01
2.781876459120564604e+01
2.478789286710116357e+01
2.170699982972169551e+01
1.860991220011282365e+01
1.558812083969022666e+01
1.260120701366304452e+01
9.809299716088219157e+00
7.098880789046366324e+00
4.681696531702664643e+00
2.382348931253104318e+00
4.417059042247557521e-01
0.000000000000000000e+00
0.000000000000000000e+00
0.000000000000000000e+00
0.000000000000000000e+00
0.000000000000000000e+00
0.000000000000000000e+00
0.000000000000000000e+00
0.000000000000000000e+00
0.000000000000000000e+00
0.000000000000000000e+00
0.000000000000000000e+00
0.000000000000000000e+00
0.000000000000000000e+00
0.000000000000000000e+00
0.000000000000000000e+00
1.460419365135319891e+00
2.990039723428106644e+00
4.592443996889218560e+00
6.224298746729052034e+00
7.860197651928395146e+00
9.499626890486633002e+00
1.108341790715041064e+01
1.264806675481926668e+01
1.411164987878853516e+01
1.553873835570010797e+01
1.683579326223451034e+01
1.808523636358869879e+01
1.919160812624559398e+01
2.024534104222991004e+01
2.115639656921277378e+01
2.201495310755674950e+01
2.274093701413588420e+01
2.341830473523356559e+01
2.397878724901040925e+01
2.449666905310113663e+01
2.491515712548004302e+01
2.529770581334891943e+01
2.559721194841080560e+01
2.586695115962378111e+01
2.606694460313653039e+01
2.624217481455255552e+01
2.635717502221632458e+01
2.645105040647219496e+01
2.649058540373982851e+01
2.651138294623599023e+01
2.648097304687953724e+01
2.643327771773236989e+01
2.633587069179983686e+01
2.622204743883993672e+01
2.605967701946919490e+01
2.588156571734408118e+01
2.565690961206714960e+01
2.541732168940233194e+01
2.513496417623316148e+01
2.483887878143909589e+01
2.450610676486801154e+01
2.416138661094198525e+01
2.378848335556266491e+01
2.340610260964142597e+01
2.300605752974423623e+01
2.259969660541990777e+01
2.218742332713301479e+01
2.177256825506535165e+01
2.136351442300547632e+01
2.095584638404018563e+01
2.056420443652039509e+01
2.017764840844803587e+01
1.981430293687856192e+01
1.945883257814482192e+01
1.912960146605685452e+01
1.880956535523544559e+01
1.851403701448489869e+01
1.822719733518377083e+01
1.795868291592784871e+01
1.769658453231797424e+01
1.744354229077389817e+01
1.719343373134028852e+01
1.694217421785342736e+01
1.669008127283293774e+01
1.642831946957081612e+01
1.616275862700817001e+01
1.588326060167316989e+01
1.559874642935461964e+01
1.530205386542770185e+01
1.500137966054519545e+01
1.469700160854390703e+01
1.439190153927437876e+01
1.409749136238684741e+01
1.380726436441368676e+01
1.354619025238859820e+01
1.329499651841326369e+01
1.309281774885396032e+01
1.290609547756380238e+01
1.278690289262409330e+01
1.268794757313228239e+01
1.267129196829768034e+01
1.267849491734013156e+01
1.277747340309242219e+01
1.290269659930511459e+01
1.312289442390160232e+01
1.337042775707221409e+01
1.370972333673628896e+01
1.407608965144058288e+01
1.452484025661090783e+01
1.499885941703565884e+01
1.554054079417337064e+01
1.610401911052710489e+01
1.671636170229511009e+01
1.734540891811220931e+01
1.800213325072136783e+01
1.866919146368995541e+01
1.934241678642919737e+01
2.001897142990348399e+01
2.068185991346365071e+01
2.134123765836260134e+01
2.197069775021137161e+01
2.259088418191550574e+01
2.316988752157486431e+01
2.373567842289850915e+01
2.425470714110303305e+01
2.475866352527196668e+01
2.521563248237052335e+01
2.565739323772575631e+01
2.605620484265683245e+01
2.644085695428707439e+01
2.678970830807246628e+01
2.712638418985026334e+01
2.743657295393305873e+01
2.773751105628205949e+01
2.802256856234905058e+01
2.830207659133236220e+01
2.857653165798346606e+01
2.884929025814327019e+01
2.912645794978410052e+01
2.940502039523622102e+01
2.969494984418243178e+01
2.998807034657965787e+01
3.029634408245141231e+01
3.060834054158258510e+01
3.093651717071248441e+01
3.126830081429588404e+01
3.161530708606373707e+01
3.196588124789510843e+01
3.232989889672666095e+01
3.269813592992362317e+01
3.307814091000113166e+01
3.346400045194720718e+01
3.386095210284679524e+01
3.426647854459843501e+01
3.468394944008371539e+01
3.511369538924001432e+01
3.555806800817979507e+01
3.601906209880839782e+01
3.649874906866232749e+01
3.699916268861900193e+01
3.752241951885361004e+01
3.806866737497121989e+01
3.863961654450703520e+01
3.923179321034435674e+01
3.984538157843486061e+01
4.047244226643927334e+01
4.111048201490617515e+01
4.174782861016463897e+01
4.237880134752470696e+01
4.299065087783841932e+01
4.357505742794187142e+01
4.412230504689233612e+01
4.462283633619875189e+01
4.507433494431992926e+01
4.546760150277040680e+01
4.581094878239222368e+01
4.609668870038231603e+01
4.634444277154076275e+01
4.654785052915224242e+01
4.673507903782393669e+01
4.689943835934201388e+01
4.707183257420825839e+01
4.724317559525704269e+01
4.744035351235465470e+01
4.765130759854307030e+01
4.789360777522738744e+01
4.815419181878567656e+01
4.843899732704642958e+01
4.873806730404825771e+01
4.904635911485172528e+01
4.936138449026260844e+01
4.966979022057632420e+01
4.997879567274011947e+01
5.027042188586347038e+01
5.055996872168758216e+01
5.082909359520513704e+01
5.109515001978135729e+01
5.134449410626557864e+01
5.159290012026754368e+01
5.183298076720813441e+01
5.204501423055801723e+01
5.225181316800012610e+01
5.241361541193859352e+01
5.257410766092260701e+01
5.264907683421976259e+01
5.271854909238270892e+01
5.264762007737343197e+01
5.256021823487310485e+01
5.226687813070032007e+01
5.194040229891945870e+01
5.133046991439589846e+01
5.066602025298907819e+01
4.966234774006827735e+01
4.858698236062197395e+01
4.712103872240608382e+01
4.556876838311141142e+01
4.360573932663282903e+01
4.155122873407821515e+01
3.910362967161922398e+01
3.657034626955043422e+01
3.370490107394008561e+01
3.077038905212333475e+01
2.760705717704146878e+01
2.440001686302190365e+01
2.110175912066461379e+01
1.779055855400006791e+01
1.454503776419524996e+01
1.131885815311738952e+01
8.314345829128212628e+00
5.358973080303318426e+00
2.758105294259317830e+00
2.299861425374730983e-01
0.000000000000000000e+00
0.000000000000000000e+00
0.000000000000000000e+00
0.000000000000000000e+00
0.000000000000000000e+00
0.000000000000000000e+00
0.000000000000000000e+00
0.000000000000000000e+00
0.000000000000000000e+00
0.000000000000000000e+00
0.000000000000000000e+00
0.000000000000000000e+00
0.000000000000000000e+00
0.000000000000000000e+00
0.000000000000000000e+00
0.000000000000000000e+00
0.000000000000000000e+00
1.072490718692379552e+00
2.876221872320459561e+00
4.699239122728529061e+00
6.532128240272564668e+00
8.367387380236262828e+00
1.012988105508345527e+01
1.188028122881831017e+01
1.349505435098553363e+01
1.508703382992407072e+01
1.650372399278487379e+01
1.789102548271007720e+01
1.908570175885321163e+01
2.024807173179242881e+01
2.121904881249091090e+01
2.215766685322308760e+01
2.291927078856901190e+01
2.365042467352504474e+01
2.422653576354322880e+01
2.477532320137526511e+01
2.519366913341937675e+01
2.558845784880374197e+01
2.587624394661593286e+01
2.614440964505683951e+01
2.632530730611578207e+01
2.649025425539997158e+01
2.658273997403355793e+01
2.666232024957346525e+01
2.667930680360787221e+01
2.668562836238336899e+01
2.663527775189108482e+01
2.657575422755536110e+01
2.646320187325411766e+01
2.634249794285093671e+01
2.617208365108662349e+01
2.599446753346643035e+01
2.577184591347601739e+01
2.554322294491849377e+01
2.527688024875539696e+01
2.500609491122611416e+01
2.470757903635697517e+01
2.440636998686927939e+01
2.408947852835869696e+01
2.377154987576887279e+01
2.345055466425010238e+01
2.312979219956620014e+01
2.281741889788315092e+01
2.250603330303201233e+01
2.221151801113265023e+01
2.191826873365696216e+01
2.164594613463459893e+01
2.137484464875829104e+01
2.112350732660216224e+01
2.087317048299367883e+01
2.063615304426810937e+01
2.039977193148723700e+01
2.016580182166902446e+01
1.993190157104945825e+01
1.968684105447352195e+01
1.944104664532079241e+01
1.917045605644235806e+01
1.889816553643291641e+01
1.859050920542476248e+01
1.828024622521713738e+01
1.793012392839835556e+01
1.757685388451772823e+01
1.718765691231609338e+01
1.679543673227081513e+01
1.638061470905951822e+01
1.596371728978259341e+01
1.554624056404971100e+01
1.512843509013303844e+01
1.473850384821454362e+01
1.435065337878204517e+01
1.402204065661787524e+01
1.369842312335892842e+01
1.346448573313839603e+01
1.323883868174679712e+01
1.312853207972990077e+01
1.302995495143063209e+01
1.306453834867575381e+01
1.311402351721414483e+01
1.330426832341636079e+01
1.351171461971181742e+01
1.385631243939593560e+01
1.421899099066723693e+01
1.470434772495856457e+01
1.520693233265068400e+01
1.580856394496834483e+01
1.642488982241209072e+01
1.711057106173475262e+01
1.780717474096188013e+01
1.854097045021905643e+01
1.928133275474915820e+01
2.002810738968799242e+01
2.077720741905075030e+01
2.150648192338249842e+01
2.223445690152136223e+01
2.292299923175472998e+01
2.360747993075314355e+01
2.424044190352664430e+01
2.486753206792876369e+01
2.543843317047138086e+01
2.600269499155718478e+01
2.651257943182422494e+01
2.701622662706922995e+01
2.747249150992515254e+01
2.792414579978773759e+01
2.833887540523987880e+01
2.875160066158288430e+01
2.913929992473083175e+01
2.952795361718963818e+01
2.990290895857251030e+01
3.028126061939303781e+01
3.065496705947612099e+01
3.103318706403735661e+01
3.141252345858681139e+01
3.179577136847514751e+01
3.218254388791176268e+01
3.257109317691047323e+01
3.296303545233096344e+01
3.335373793556961886e+01
3.374646345391324331e+01
3.413495261742632891e+01
3.452437123757258064e+01
3.490760592073842616e+01
3.529247778377224165e+01
3.567126393011608343e+01
3.605524491314085367e+01
3.643587028367375069e+01
3.682819106568236123e+01
3.722217192629278060e+01
3.763598654292451329e+01
3.805718364844135948e+01
3.850520791172070290e+01
3.896462738870761200e+01
3.945348459217618142e+01
3.995396533898442470e+01
4.047993207094788204e+01
4.101347285185249802e+01
4.156187976120779837e+01
4.211110794615844100e+01
4.266021264485249276e+01
4.320365993455941833e+01
4.373104206880974942e+01
4.424923157196895573e+01
4.473719110601317084e+01
4.521614387194132689e+01
4.565345642428588491e+01
4.608417206594757687e+01
4.646388495430081633e+01
4.683884790246957408e+01
4.715452974137781439e+01
4.746469333707428007e+01
4.770879679809661411e+01
4.794421917023217361e+01
4.811079587937186375e+01
4.826528100882875805e+01
4.835503080672425824e+01
4.843142073389272184e+01
4.845580776375919640e+01
4.846883355881524835e+01
4.845033882851056006e+01
4.842495981719049780e+01
4.839301766999242460e+01
4.835912024622420802e+01
4.834342076656893994e+01
4.832922474121522782e+01
4.835337573783575493e+01
4.838027279535298675e+01
4.845769540782617923e+01
4.853752435431873380e+01
4.866997511120882081e+01
4.880409184158892799e+01
4.898092326632045257e+01
4.915880144115294570e+01
4.935565446925323130e+01
4.955269890450323800e+01
4.972992655498367043e+01
4.990570473882623759e+01
5.000836074698270295e+01
5.010688725267394261e+01
5.006688948946902684e+01
5.001898943108644602e+01
4.975931913554187247e+01
4.948705064328902381e+01
4.892785135153216913e+01
4.835101201763466605e+01
4.741788057830819980e+01
4.646266579726467683e+01
4.509641759009566186e+01
4.370525821122057408e+01
4.187253765744618050e+01
4.001452427689370239e+01
3.771776783982388537e+01
3.539817878843326326e+01
3.268309473944673016e+01
2.995028305833077553e+01
2.690848705171492838e+01
2.385599080177937381e+01
2.062142330574395999e+01
1.738415130472684567e+01
1.412216270458252509e+01
1.086548613289043175e+01
7.755038307439740208e+00
4.657126804127841524e+00
1.867075086095573599e+00
0.000000000000000000e+00
0.000000000000000000e+00
0.000000000000000000e+00
0.000000000000000000e+00
0.000000000000000000e+00
0.000000000000000000e+00
0.000000000000000000e+00
0.000000000000000000e+00
0.000000000000000000e+00
0.000000000000000000e+00
0.000000000000000000e+00
0.000000000000000000e+00
0.000000000000000000e+00
0.000000000000000000e+00
0.000000000000000000e+00
0.000000000000000000e+00
0.000000000000000000e+00
0.000000000000000000e+00
0.000000000000000000e+00
0.000000000000000000e+00
0.000000000000000000e+00
0.000000000000000000e+00
1.972761018546121070e+00
4.012772590700220299e+00
6.054222455116038404e+00
8.038522532705767887e+00
1.002104875915659932e+01
1.186107629010130537e+01
1.369721132061204827e+01
1.533123255108958816e+01
1.696009579893719632e+01
1.835397972960658208e+01
1.974190010886928803e+01
2.088581026202136570e+01
2.202313173616363784e+01
2.292609194736403566e+01
2.382197956863718957e+01
2.450574000276849063e+01
2.518222918002941313e+01
2.567553133675428612e+01
2.616181994632323438e+01
2.649547186538718080e+01
2.682287135815591483e+01
2.702584999246023045e+01
2.722370704553071619e+01
2.732048200378881830e+01
2.741339090168921189e+01
2.742240432254266835e+01
2.742870515385016006e+01
2.736226785858572441e+01
2.729405840063272137e+01
2.715929886341670851e+01
2.702349695437443700e+01
2.682426198546106733e+01
2.662456296354642049e+01
2.636367686424460999e+01
2.610279961475065136e+01
2.578416153703568625e+01
2.546590171514848322e+01
2.509639390916576573e+01
2.472748970389540091e+01
2.431809466234252426e+01
2.390931793497078317e+01
2.347539994728670365e+01
2.304188749523903113e+01
2.260275166174546158e+01
2.216368262057645566e+01
2.174137862800869314e+01
2.131886895346464428e+01
2.093648442817551469e+01
2.055385927889198783e+01
2.023322748980974950e+01
1.991259334185912522e+01
1.967176426128656530e+01
1.943131855887524040e+01
1.928215404534209299e+01
1.913369774878682605e+01
1.908004047550724991e+01
1.902719497435229812e+01
1.906427682053623940e+01
1.910203977991873003e+01
1.921715212951479756e+01
1.933270084376654907e+01
1.950706552663794469e+01
1.968164997995961585e+01
1.989302595064546608e+01
2.010449624969141880e+01
2.010464666755496310e+01
