1.469890185310585551e+01
3.046993678783038106e+01
3.012015371556707066e+01
2.967632538218336435e+01
2.931333638833852717e+01
2.896583176561751216e+01
2.872452616562319250e+01
2.854279936416441643e+01
2.844130598750495764e+01
2.837090178464816859e+01
2.838747743062816298e+01
2.854713253014374175e+01
2.872542923082630750e+01
2.895181834306445978e+01
2.922038860467586119e+01
2.959412981761400729e+01
2.997375257152217642e+01
3.034093563151084538e+01
3.041363821113504429e+01
3.010482654438520100e+01
2.917407045073776217e+01
2.715943678223099411e+01
2.355643235297301530e+01
1.282505799678176572e+01
7.073780242665677953e+00
1.934844928623608684e+00
0.000000000000000000e+00
0.000000000000000000e+00
0.000000000000000000e+00
0.000000000000000000e+00
0.000000000000000000e+00
0.000000000000000000e+00
0.000000000000000000e+00
0.000000000000000000e+00
0.000000000000000000e+00
0.000000000000000000e+00
0.000000000000000000e+00
0.000000000000000000e+00
1.721182910508338271e+00
7.373640317970830971e+00
1.748928902405370067e+01
2.180563846084040236e+01
2.440140519774616124e+01
2.633453831696341751e+01
2.763301487588112693e+01
2.870759333842139682e+01
2.945795048690038698e+01
2.993737748872245064e+01
3.023371823095094868e+01
3.041400736432640528e+01
3.073065000688917081e+01
3.084363955734076157e+01
3.087606154529026625e+01
3.090805556492401251e+01
3.099075298313726634e+01
3.122001806450682437e+01
3.138989625833791663e+01
3.157226931243840795e+01
3.177454204956127981e+01
3.201602091671011152e+01
3.226788961951935875e+01
3.251137193415790705e+01
3.274805025922923107e+01
3.294651497683628349e+01
3.311132323831706259e+01
3.319044123585996431e+01
3.331974198897859907e+01
3.346141013744107795e+01
3.373839690781341005e+01
3.394666651285409387e+01
3.391212964195185720e+01
3.401688412872904621e+01
3.404654402396713664e+01
3.405471099073164254e+01
3.421704841427483501e+01
3.438074334112084784e+01
3.449650436792840935e+01
3.420933417657259668e+01
3.385274923728580632e+01
3.352645381677093184e+01
3.335513043173535408e+01
3.292068744426000393e+01
3.290080134504484732e+01
3.254686130625938745e+01
3.173466458168364568e+01
3.067995970492334123e+01
2.929590588730673772e+01
2.721725393449586861e+01
2.314814474512293430e+01
2.122304198957883870e+01
1.973503693169778828e+01
1.942737079218686347e+01
1.832914964805638292e+01
1.710994415686318604e+01
1.589569210153195300e+01
1.464019022591117647e+01
1.340980345296514109e+01
1.231156796392890129e+01
1.107249273022600278e+01
9.728084278027491649e+00
8.309554744692622563e+00
6.557705819509930478e+00
4.642814942944359480e+00
2.401494385224276940e+00
2.067050972712225487e-01
0.000000000000000000e+00
0.000000000000000000e+00
0.000000000000000000e+00
0.000000000000000000e+00
0.000000000000000000e+00
0.000000000000000000e+00
0.000000000000000000e+00
0.000000000000000000e+00
0.000000000000000000e+00
0.000000000000000000e+00
0.000000000000000000e+00
0.000000000000000000e+00
0.000000000000000000e+00
0.000000000000000000e+00
0.000000000000000000e+00
0.000000000000000000e+00
0.000000000000000000e+00
0.000000000000000000e+00
0.000000000000000000e+00
0.000000000000000000e+00
0.000000000000000000e+00
0.000000000000000000e+00
0.000000000000000000e+00
6.869245041741721458e+00
1.268389216330995239e+01
1.608842561460626186e+01
1.876801501440472109e+01
2.078487175681745569e+01
2.250705154200677072e+01
2.384884361200363401e+01
2.500279726329873853e+01
2.589583801518051587e+01
2.658225935048965738e+01
2.704161299198312562e+01
2.736188623073049797e+01
2.745763491138549028e+01
2.751640917383106455e+01
2.748269140929859233e+01
2.732575035893736626e+01
2.710800572145707221e+01
2.688033685946231799e+01
2.668977290758747145e+01
2.657185622535546088e+01
2.661235544684102905e+01
2.679596430058285250e+01
2.708290734177624870e+01
2.752330648411760805e+01
2.800394117205351918e+01
2.856371655521686392e+01
2.910883678423396859e+01
2.967262810839109122e+01
3.019404019493417124e+01
3.073198614631455428e+01
3.121838686842777477e+01
3.168375443772324473e+01
3.206014568570589773e+01
3.236096570979977116e+01
3.253753292069585257e+01
3.262547721071217666e+01
3.301539255484830448e+01
3.748279031802390904e+01
3.274125696498140314e+01
3.277704411271533047e+01
3.273081706515385036e+01
3.267656613013775768e+01
3.263225203856423207e+01
3.258797473312777981e+01
3.254215731556597291e+01
3.247472811801577564e+01
3.240887184610456018e+01
3.235693383835952375e+01
3.230099939493850769e+01
3.222423906599142640e+01
3.213693381406855565e+01
3.210599877354073328e+01
3.202414849670530117e+01
3.181869429338750876e+01
3.130154069045794785e+01
3.015621299394374688e+01
2.815243413349311297e+01
2.430922518141186117e+01
1.368862668079962397e+01
7.121285875031913015e+00
2.085591429804576791e+00
0.000000000000000000e+00
0.000000000000000000e+00
0.000000000000000000e+00
0.000000000000000000e+00
0.000000000000000000e+00
0.000000000000000000e+00
0.000000000000000000e+00
0.000000000000000000e+00
0.000000000000000000e+00
0.000000000000000000e+00
0.000000000000000000e+00
0.000000000000000000e+00
1.487324125694216015e+00
6.697807399150893737e+00
1.754720377014118426e+01
2.193675186393804921e+01
2.485819451638551314e+01
2.682890017484902145e+01
2.830641375898438028e+01
2.934289239923170811e+01
3.008234756026882550e+01
3.059093261991497670e+01
3.088329489182389764e+01
3.102799002117590632e+01
3.106986151637645932e+01
3.101522382786536625e+01
3.087530340114555827e+01
3.081727517579223630e+01
3.075536826253298983e+01
3.077021800354025771e+01
3.088288171130480464e+01
3.104914263644490902e+01
3.117506704915355087e+01
3.143035975388172076e+01
3.172405078896963104e+01
3.201438349102804892e+01
3.229437014273092643e+01
3.260892707204541807e+01
3.283117410695705018e+01
3.302925513778120603e+01
3.320866365590942593e+01
3.329151037413274850e+01
3.336574718872562073e+01
3.347950271862850968e+01
3.350858574530280265e+01
3.354965740728284374e+01
3.360818289617596122e+01
3.368514824022084753e+01
3.385365833881951403e+01
3.409585181627970485e+01
3.431130214216713625e+01
3.412126945451204563e+01
3.465755249495114043e+01
3.470808514091344676e+01
3.446168014349401432e+01
3.434305429181092961e+01
3.428217089918441474e+01
3.348962299545613064e+01
3.309798115544654706e+01
3.233279433181415641e+01
3.143952873940625636e+01
2.865059567539958962e+01
2.549892721138831320e+01
2.381476436306010669e+01
2.313602079052335725e+01
2.197122974423249175e+01
2.098612497942196242e+01
1.989956761653230899e+01
1.876606613676657531e+01
1.759260182277590445e+01
1.633767296743288000e+01
1.517811580662989712e+01
1.362584314265367880e+01
1.219189567224847792e+01
1.051849863654107153e+01
8.888724263074827547e+00
6.530941712441199698e+00
4.556180846862787348e+00
2.008553565598891311e+00
0.000000000000000000e+00
0.000000000000000000e+00
0.000000000000000000e+00
0.000000000000000000e+00
0.000000000000000000e+00
0.000000000000000000e+00
0.000000000000000000e+00
0.000000000000000000e+00
0.000000000000000000e+00
0.000000000000000000e+00
0.000000000000000000e+00
0.000000000000000000e+00
0.000000000000000000e+00
0.000000000000000000e+00
0.000000000000000000e+00
0.000000000000000000e+00
0.000000000000000000e+00
0.000000000000000000e+00
0.000000000000000000e+00
0.000000000000000000e+00
0.000000000000000000e+00
0.000000000000000000e+00
0.000000000000000000e+00
9.867217119794178259e+00
1.398624149639309344e+01
1.694788438409250375e+01
1.905644083366885511e+01
2.083121701623570132e+01
2.217384087118029257e+01
2.342052864248997679e+01
2.444912529946701341e+01
2.534493852176040818e+01
2.610651885391033034e+01
2.673480360789595167e+01
2.724674276781838955e+01
2.769107565686788774e+01
2.795251956071518507e+01
2.813125354498425423e+01
2.818696641466920028e+01
2.815130619492621378e+01
2.803427492997511195e+01
2.792086155916895862e+01
2.787682320083634124e+01
2.789897814132782372e+01
2.799343035610682406e+01
2.821360213982736553e+01
2.856412947364262322e+01
2.902552344740051282e+01
2.956223421020715492e+01
3.015395911455500055e+01
3.071624122445526339e+01
3.127887140937775357e+01
3.179855474088013878e+01
3.225697043118053386e+01
3.261061604879473919e+01
3.283956788125264836e+01
3.289429285637754674e+01
3.278673671700718018e+01
3.254589139564242117e+01
3.587529227467580739e+01
3.396597132997325019e+01
3.180103266285205876e+01
3.149510672212768014e+01
3.123737904205894722e+01
3.108579745929059257e+01
3.104992622686556203e+01
3.109004045301440655e+01
3.118936261124646592e+01
3.128830604284651784e+01
3.142344923398785639e+01
3.154417624440641887e+01
3.169131080586922167e+01
3.171334912978753806e+01
3.169555096685672879e+01
3.157550894822903942e+01
3.128196797286350872e+01
3.067118070354087678e+01
2.950469068694723163e+01
2.748179198639100917e+01
2.387213978706471451e+01
1.374608695365588495e+01
7.588818638310439013e+00
2.758116793246792486e+00
0.000000000000000000e+00
0.000000000000000000e+00
0.000000000000000000e+00
0.000000000000000000e+00
0.000000000000000000e+00
0.000000000000000000e+00
0.000000000000000000e+00
0.000000000000000000e+00
0.000000000000000000e+00
0.000000000000000000e+00
0.000000000000000000e+00
0.000000000000000000e+00
1.606413019275719556e+00
6.433005162094765694e+00
1.655559058924860238e+01
2.103427499644264032e+01
2.386506078425740540e+01
2.581310055475119114e+01
2.722712318267402054e+01
2.829067014010163561e+01
2.915297573695396238e+01
2.962222967029666876e+01
2.993196180368570580e+01
3.009508886977424424e+01
3.015629138163346568e+01
3.017229060254147299e+01
3.013833228682529253e+01
3.013767885518139877e+01
3.019935256995923822e+01
3.029494614502550220e+01
3.040277959684505049e+01
3.056796861703497470e+01
3.090742964677932036e+01
3.124426695494171824e+01
3.160412609490123614e+01
3.197627693282050743e+01
3.232964157603030486e+01
3.267863968019612031e+01
3.333131925980915611e+01
3.364655282935645175e+01
3.395352426728290851e+01
3.414693602235326608e+01
3.427216777048977292e+01
3.440508790945980877e+01
3.464617169497433480e+01
3.475908743553649316e+01
3.479627985018455405e+01
3.491603106095036679e+01
3.490427512679477928e+01
3.489887374143977183e+01
3.515576002690644231e+01
3.498910725512857312e+01
3.460462455621581768e+01
3.452879552116661444e+01
3.486906202021381063e+01
3.509710336893992633e+01
3.455446425793878262e+01
3.377870458637598006e+01
3.298386361482958762e+01
3.211012270635256982e+01
3.025147852643042512e+01
2.608135715865405047e+01
2.414505034875033829e+01
2.316051804246698964e+01
2.226418548893823868e+01
2.126853605982726236e+01
2.002986292095244281e+01
1.897885421909092685e+01
1.781937943196663809e+01
1.665046892251935873e+01
1.549489707797377314e+01
1.424789367313178445e+01
1.299370514817968569e+01
1.162141755603812854e+01
9.797766275831751415e+00
7.462141653465220514e+00
5.425887964162322774e+00
3.306387466954975096e+00
9.662249421746231803e-01
0.000000000000000000e+00
0.000000000000000000e+00
0.000000000000000000e+00
0.000000000000000000e+00
0.000000000000000000e+00
0.000000000000000000e+00
0.000000000000000000e+00
0.000000000000000000e+00
0.000000000000000000e+00
0.000000000000000000e+00
0.000000000000000000e+00
0.000000000000000000e+00
0.000000000000000000e+00
0.000000000000000000e+00
0.000000000000000000e+00
0.000000000000000000e+00
0.000000000000000000e+00
0.000000000000000000e+00
0.000000000000000000e+00
0.000000000000000000e+00
0.000000000000000000e+00
0.000000000000000000e+00
7.300584477197087807e+00
1.283092593974244444e+01
1.625040789298189736e+01
1.887844389444786231e+01
2.091501092649755478e+01
2.264294562449088488e+01
2.409077788331518022e+01
2.531383261364833714e+01
2.630963723971108692e+01
2.713067091862774305e+01
2.770549305183632782e+01
2.811260133896623969e+01
2.832014187613435041e+01
2.834642031224371550e+01
2.818003119234570519e+01
2.791352228142228142e+01
2.758497091741625695e+01
2.728069910995058578e+01
2.698278547708605046e+01
2.678558628603875036e+01
2.667702511407891564e+01
2.669363823371068634e+01
2.683018305781157764e+01
2.709502330393689107e+01
2.748304925576428559e+01
2.795335425539386875e+01
2.842675656258914074e+01
2.895203906535267890e+01
2.947183027337225880e+01
3.002692069384598739e+01
3.058533586692959005e+01
3.113224016116070914e+01
3.159185325802809174e+01
3.198814290080102296e+01
3.230733680212927794e+01
3.252513022983048074e+01
3.403213170258176490e+01
3.706875554320647836e+01
3.339110217010700410e+01
3.361344207555996633e+01
3.380336171066758055e+01
3.395752238283066049e+01
3.405920097884864362e+01
3.409686721166444556e+01
3.399849714400564693e+01
3.376213025749458296e+01
3.334690158836570362e+01
3.280553518606588170e+01
3.201178356526958879e+01
3.102536722390381030e+01
2.995994729434125148e+01
2.893721811076887818e+01
2.800666956574625743e+01
2.722657513414669239e+01
2.655472512111250438e+01
2.592833544623177033e+01
2.516402557141762131e+01
2.409104421768195792e+01
2.233939813423160814e+01
1.775872833090092584e+01
1.289975940065273008e+01
9.720751067260824385e+00
6.735618814965455670e+00
3.848824970839096693e+00
1.077500825389903216e+00
0.000000000000000000e+00
0.000000000000000000e+00
0.000000000000000000e+00
0.000000000000000000e+00
0.000000000000000000e+00
0.000000000000000000e+00
0.000000000000000000e+00
0.000000000000000000e+00
0.000000000000000000e+00
0.000000000000000000e+00
0.000000000000000000e+00
0.000000000000000000e+00
1.383014128813958132e+00
4.995755869712092512e+00
1.001518266007945357e+01
1.861790084643145349e+01
2.194249902615235470e+01
2.427488404433441715e+01
2.592012195866934832e+01
2.722132936336940645e+01
2.816138551121849076e+01
2.886814872909969765e+01
2.940844263683605675e+01
2.979007165695104220e+01
3.008828762675039670e+01
3.039925248044082551e+01
3.057513988276594930e+01
3.068394781753763212e+01
3.077477386941356841e+01
3.089254787307301342e+01
3.103846421323324378e+01
3.111958157195140018e+01
3.121487478491267353e+01
3.141446505944180245e+01
3.159174419842151593e+01
3.181407194790019588e+01
3.202556063852548363e+01
3.230083578754289420e+01
3.297842350618357443e+01
3.329284959704612135e+01
3.357933815838705982e+01
3.381786119210670449e+01
3.404425775979497359e+01
3.418149961282173876e+01
3.480737015562213088e+01
3.492175802722636035e+01
3.512940231476174802e+01
3.506745129803308458e+01
3.496091778869497091e+01
3.491923599739683226e+01
3.472699608674098215e+01
3.524433333466190277e+01
3.511103467248564414e+01
3.484790501613149161e+01
3.391002245044706598e+01
3.295137733819588988e+01
3.395004590325272886e+01
3.284183874824023519e+01
3.116365666308373861e+01
2.745807842308815339e+01
2.463225670407845769e+01
2.421003037216033249e+01
2.323272474710451618e+01
2.214416218291500726e+01
2.113608296472078507e+01
2.004870700822074170e+01
1.921534340718109490e+01
1.886803777608717780e+01
1.780367080489513754e+01
1.661494002453891383e+01
1.541618436585796736e+01
1.413145666289853608e+01
1.273905376982325244e+01
1.116885852047450811e+01
9.726080646403326924e+00
8.089341126887115152e+00
5.107210419186767325e+00
2.887059347618205152e+00
7.564050116486242814e-01
0.000000000000000000e+00
0.000000000000000000e+00
0.000000000000000000e+00
0.000000000000000000e+00
0.000000000000000000e+00
0.000000000000000000e+00
0.000000000000000000e+00
0.000000000000000000e+00
0.000000000000000000e+00
0.000000000000000000e+00
0.000000000000000000e+00
0.000000000000000000e+00
0.000000000000000000e+00
0.000000000000000000e+00
0.000000000000000000e+00
0.000000000000000000e+00
0.000000000000000000e+00
0.000000000000000000e+00
0.000000000000000000e+00
0.000000000000000000e+00
1.051372216348028132e+01
1.531228962342563271e+01
1.846348170209250128e+01
2.069488774540014475e+01
2.231579230362591915e+01
2.352806875054889346e+01
2.442258452984972195e+01
2.515016345640583140e+01
2.578344357400306919e+01
2.632571675483319140e+01
2.678662539100027118e+01
2.725897833441447204e+01
2.769014130442333510e+01
2.810455791851659058e+01
2.850028389265485984e+01
2.886812141126922882e+01
2.915216868043606979e+01
2.939244280376665586e+01
2.955312026881392384e+01
2.965498915444900518e+01
2.969029214868131916e+01
2.969183342299020367e+01
2.970811134873708781e+01
2.975737375776265381e+01
2.983537585768877065e+01
2.998634893376058841e+01
3.015761922196321976e+01
3.039407071923494286e+01
3.067417117546686001e+01
3.100748956242758325e+01
3.142792144523760101e+01
3.188135780669933439e+01
3.234385645078437932e+01
3.279801385848809758e+01
3.317308695594615386e+01
3.345502655752280674e+01
3.898365549986385048e+01
3.414089054255244804e+01
3.428592118197111915e+01
3.426359157667224764e+01
3.408779137377874946e+01
3.381791419193896786e+01
3.344555585593167280e+01
3.304382642468633691e+01
3.259101574222146525e+01
3.222015824034221509e+01
3.192972459497069693e+01
3.180871469166886811e+01
3.165348819818708037e+01
3.159902773673821130e+01
3.160286518882626439e+01
3.164550560112313349e+01
3.155732059470999218e+01
3.126892450083366981e+01
3.050294629724126949e+01
2.906193913826835740e+01
2.632591201433713479e+01
2.021987557134522007e+01
1.041973930260626346e+01
5.131329730765922470e+00
2.429652825457686571e-01
0.000000000000000000e+00
0.000000000000000000e+00
0.000000000000000000e+00
0.000000000000000000e+00
0.000000000000000000e+00
0.000000000000000000e+00
0.000000000000000000e+00
0.000000000000000000e+00
0.000000000000000000e+00
0.000000000000000000e+00
0.000000000000000000e+00
0.000000000000000000e+00
3.310105656240487804e+00
1.053980597810309483e+01
1.982245668671148309e+01
2.340110125911087735e+01
2.568467339108628167e+01
2.729206304638721292e+01
2.838676253875582844e+01
2.908820516725299754e+01
2.961137756465872783e+01
2.991016364083819923e+01
3.013570464480062228e+01
3.029250299379572553e+01
3.039865204076210503e+01
3.044966743532488351e+01
3.048841270177703677e+01
3.053088635512689919e+01
3.058498458065198378e+01
3.063523374984968939e+01
3.072555060363038137e+01
3.083482831932829527e+01
3.094334652115110984e+01
3.106751941855511845e+01
3.125640093676379649e+01
3.145004047992819451e+01
3.181230728232493021e+01
3.211177713757798813e+01
3.250580277667557283e+01
3.278560452946643267e+01
3.319955081784436146e+01
3.337136051805436665e+01
3.354602218457789320e+01
3.373370078533474015e+01
3.399123904647777294e+01
3.411619224515746396e+01
3.413745668329340788e+01
3.435005206507236153e+01
3.443645296672374911e+01
3.475738021980875203e+01
3.497329595484068676e+01
3.509555955070833733e+01
3.587958773178581851e+01
3.626387025450334534e+01
3.603202315723827809e+01
3.557630185689473734e+01
3.486295762366552253e+01
3.425984001325652173e+01
3.385573522947005642e+01
3.319658820766152729e+01
3.178172903092615087e+01
2.760889142897387671e+01
2.494801096153795328e+01
2.308130085827885836e+01
2.188185767583214769e+01
2.054806290530348889e+01
1.986404561632900823e+01
1.878695116894427741e+01
1.773259866813410213e+01
1.657287603010777843e+01
1.537272106839494690e+01
1.413443447649263085e+01
1.247045405231440363e+01
1.079900959144778305e+01
9.090938827619707396e+00
7.373072997610213619e+00
5.603995891291846831e+00
3.553784155026237457e+00
7.048791297383711907e-01
0.000000000000000000e+00
0.000000000000000000e+00
0.000000000000000000e+00
0.000000000000000000e+00
0.000000000000000000e+00
0.000000000000000000e+00
0.000000000000000000e+00
0.000000000000000000e+00
0.000000000000000000e+00
0.000000000000000000e+00
0.000000000000000000e+00
0.000000000000000000e+00
0.000000000000000000e+00
0.000000000000000000e+00
0.000000000000000000e+00
0.000000000000000000e+00
0.000000000000000000e+00
0.000000000000000000e+00
0.000000000000000000e+00
0.000000000000000000e+00
0.000000000000000000e+00
0.000000000000000000e+00
2.001545627430735053e+00
1.062888578833217146e+01
1.418829079767342094e+01
1.658207712073292228e+01
1.850004479711290273e+01
1.998694006322535088e+01
2.124459030055856346e+01
2.227171142688759531e+01
2.317133129118831647e+01
2.389240747659159325e+01
2.449731808119175724e+01
2.495521760944501111e+01
2.520561852172051331e+01
2.540882539861106793e+01
2.552222528849104322e+01
2.559390947525019655e+01
2.561236166689452176e+01
2.559484186080286605e+01
2.553064797038429390e+01
2.552985993182273106e+01
2.553728253997807585e+01
2.560773216919211492e+01
2.575447908787106854e+01
2.599323499114792924e+01
2.629444729904489364e+01
2.665904288607852735e+01
2.710561243152121591e+01
2.757154298177120211e+01
2.807851874954387128e+01
2.856498322204327422e+01
2.909260670926919090e+01
2.961166710479956521e+01
3.019678630414116327e+01
3.076016859423699756e+01
3.130981579250875058e+01
3.182052357389197539e+01
3.229106968323455362e+01
3.268341666508752752e+01
3.296806981036932171e+01
3.857116011778163056e+01
3.399763914658355901e+01
3.445198751729558495e+01
3.484716946767080969e+01
3.524170535387075631e+01
3.561342942152712965e+01
3.595516150068392136e+01
3.619751880836157909e+01
3.636548974250317912e+01
3.635335622110255116e+01
3.626263082843065888e+01
3.592620720531846956e+01
3.540700036628203407e+01
3.465566941907088250e+01
3.391005609610131444e+01
3.303457401626538115e+01
3.216456426736522189e+01
3.109741644066994581e+01
2.975422626259565462e+01
2.769484407762161382e+01
2.451013547135675807e+01
1.495556532914902803e+01
9.399075307146183889e+00
4.467435413095613761e+00
1.325708518865340857e-01
0.000000000000000000e+00
0.000000000000000000e+00
0.000000000000000000e+00
0.000000000000000000e+00
0.000000000000000000e+00
0.000000000000000000e+00
0.000000000000000000e+00
0.000000000000000000e+00
0.000000000000000000e+00
0.000000000000000000e+00
0.000000000000000000e+00
0.000000000000000000e+00
1.193806328262748462e+00
6.955459874864903469e+00
1.824767912790751012e+01
2.244307686661682766e+01
2.519775111549318325e+01
2.691380744464704122e+01
2.807813595697183473e+01
2.883037343442902767e+01
2.933364168044687048e+01
2.961349145201057453e+01
2.982490222113668921e+01
2.999207536415241293e+01
3.021203732065784919e+01
3.037731344250424570e+01
3.071625593518810859e+01
3.091470851254605634e+01
3.110631472838811007e+01
3.128716155918373332e+01
3.141673977515477034e+01
3.153975401765130115e+01
3.159801083192574822e+01
3.171607241849895686e+01
3.185115127284279879e+01
3.195123913294295193e+01
3.198204974490798946e+01
3.208127872004127568e+01
3.258313230320145237e+01
3.282949117843671871e+01
3.297422884026645562e+01
3.321107889466075846e+01
3.339297558797324683e+01
3.378883938745084947e+01
3.410381372708169323e+01
3.430863732739595662e+01
3.452386149648192060e+01
3.476330739700751593e+01
3.512290361281530693e+01
3.556802511132912770e+01
3.552058964706387201e+01
3.549902367495514000e+01
3.568684270280714799e+01
3.530065244937814839e+01
3.545173558478465736e+01
3.507829561212604830e+01
3.458476956859544060e+01
3.434857295241773301e+01
3.349947726845039142e+01
3.264683084037858407e+01
3.183285771078101689e+01
3.064186144975226256e+01
2.814376425522391401e+01
2.415282144854280233e+01
2.210457393881926436e+01
2.065024795972073335e+01
1.936601725821313735e+01
1.799181102084411066e+01
1.658457117364326550e+01
1.509225847466939996e+01
1.364395247998490213e+01
1.230490214902584611e+01
1.061485578354630910e+01
9.210023712565913456e+00
7.328605906067102715e+00
5.409954289809512318e+00
3.325116631122162048e+00
9.432097127955154647e-01
0.000000000000000000e+00
0.000000000000000000e+00
0.000000000000000000e+00
0.000000000000000000e+00
0.000000000000000000e+00
0.000000000000000000e+00
0.000000000000000000e+00
0.000000000000000000e+00
0.000000000000000000e+00
0.000000000000000000e+00
0.000000000000000000e+00
0.000000000000000000e+00
0.000000000000000000e+00
0.000000000000000000e+00
0.000000000000000000e+00
0.000000000000000000e+00
0.000000000000000000e+00
0.000000000000000000e+00
0.000000000000000000e+00
0.000000000000000000e+00
0.000000000000000000e+00
0.000000000000000000e+00
0.000000000000000000e+00
4.438492985969057503e-01
9.528522059729656490e+00
1.289679500347902064e+01
1.544361271658413415e+01
1.735907852677542706e+01
1.912486247328368094e+01
2.063790889844357679e+01
2.210650029143785744e+01
2.339378034887362645e+01
2.455943946046425808e+01
2.557441205213850210e+01
2.647176331962189266e+01
2.719277376656971867e+01
2.775490685466846941e+01
2.815181932717390012e+01
2.845471912717646745e+01
2.865070714377876726e+01
2.871759452098584475e+01
2.874862862214804338e+01
2.874278384350745696e+01
2.880114441553021010e+01
2.888007549194158941e+01
2.903371587186963509e+01
2.924664491303227010e+01
2.951548242191937987e+01
2.986366933258125300e+01
3.021356720429766085e+01
3.059293813403978035e+01
3.095423579343873399e+01
3.132471872887113662e+01
3.168401898134152717e+01
3.199143777609924300e+01
3.227143806461970144e+01
3.250294323028077770e+01
3.266185083799270927e+01
3.546411461791540631e+01
3.590401837952799013e+01
3.349040281714287204e+01
3.377456198118352404e+01
3.403794882297952995e+01
3.431587390096036216e+01
3.458167346277530640e+01
3.482162903896431061e+01
3.498319344571591216e+01
3.509243784717929771e+01
3.502163884690567386e+01
3.489981252084783847e+01
3.460360198034029366e+01
3.425455531274429433e+01
3.368207127850192961e+01
3.313225184162687498e+01
3.245974449260486949e+01
3.190233594656894667e+01
3.122580755638307082e+01
3.048873698925198994e+01
2.940777307030056065e+01
2.781835347430399352e+01
2.487384494326865436e+01
1.669024499005323392e+01
1.030480292945667919e+01
5.779316332888233987e+00
1.285357508728705245e+00
0.000000000000000000e+00
0.000000000000000000e+00
0.000000000000000000e+00
0.000000000000000000e+00
0.000000000000000000e+00
0.000000000000000000e+00
0.000000000000000000e+00
0.000000000000000000e+00
0.000000000000000000e+00
0.000000000000000000e+00
0.000000000000000000e+00
0.000000000000000000e+00
0.000000000000000000e+00
2.079601248558872406e+00
6.044030231365861816e+00
1.488768188886564303e+01
1.952930694320162885e+01
2.234646162117745050e+01
2.418938101949635922e+01
2.566635090049660306e+01
2.669582146023926938e+01
2.754121465761957666e+01
2.815627983068077711e+01
2.865722875597320041e+01
2.900995354122606429e+01
2.921679575810506790e+01
2.940126784458914244e+01
2.957907374058058281e+01
2.976848347417001150e+01
2.990950398989015468e+01
3.018354252988621766e+01
3.046320516343011064e+01
3.072905427690737312e+01
3.107015828652195921e+01
3.138856434647324534e+01
3.180173154422230652e+01
3.222048897332108197e+01
3.251905496384976146e+01
3.280561399194073857e+01
3.304326324918153546e+01
3.320777277180999931e+01
3.332725875991331321e+01
3.341348871548567701e+01
3.342804991913376256e+01
3.342442315778305328e+01
3.341431916829549920e+01
3.342355959120495612e+01
3.350813979677889165e+01
3.364598393587830572e+01
3.391565789965039812e+01
3.393122132929151036e+01
3.408143839016091903e+01
3.417366498284548015e+01
3.413468695780659345e+01
3.415039757264725750e+01
3.481815873994582944e+01
3.509478661551548129e+01
3.642575885867454843e+01
3.622559300119488057e+01
3.573518546609685842e+01
3.547963804955053035e+01
3.509036008377718474e+01
3.462277324829427272e+01
3.348918064068462996e+01
3.237614940413824627e+01
2.963392020723378195e+01
2.549010304430313312e+01
2.336722579046247006e+01
2.157640919928605427e+01
1.978861567232797825e+01
1.823194547647520736e+01
1.668722059360358401e+01
1.552686223720009551e+01
1.417834429280750896e+01
1.278207470631459941e+01
1.114417902865710985e+01
9.326611726630128274e+00
6.720632263628322889e+00
4.619043348379175740e+00
2.395229594451731003e+00
0.000000000000000000e+00
0.000000000000000000e+00
0.000000000000000000e+00
0.000000000000000000e+00
0.000000000000000000e+00
0.000000000000000000e+00
0.000000000000000000e+00
0.000000000000000000e+00
0.000000000000000000e+00
0.000000000000000000e+00
0.000000000000000000e+00
0.000000000000000000e+00
0.000000000000000000e+00
0.000000000000000000e+00
0.000000000000000000e+00
0.000000000000000000e+00
0.000000000000000000e+00
0.000000000000000000e+00
0.000000000000000000e+00
0.000000000000000000e+00
0.000000000000000000e+00
0.000000000000000000e+00
7.185736182077808287e+00
1.265736860176285461e+01
1.582940843344269233e+01
1.846835352101814109e+01
2.053615384204298877e+01
2.242630972662101030e+01
2.402457265936990183e+01
2.546616260993716452e+01
2.674434451201833340e+01
2.791911307587055902e+01
2.891493575601433719e+01
2.973033419771546804e+01
3.033127892741290665e+01
3.077549944260407955e+01
3.099847871816752232e+01
3.111072989218484963e+01
3.112740424612102430e+01
3.102963722707302452e+01
3.089606102563598000e+01
3.074172373193675156e+01
3.061081415238099623e+01
3.048050341234871397e+01
3.046502180289741801e+01
3.048631325456538477e+01
3.063727460373565137e+01
3.082671554939127745e+01
3.109644330584005800e+01
3.142926647480681268e+01
3.179629446267981407e+01
3.212133384886654142e+01
3.236739061397616268e+01
3.247445256000163027e+01
3.250677372175693591e+01
3.232180508754797899e+01
3.760664489685670731e+01
3.205623024511649533e+01
3.177289022518815287e+01
3.130381672383124325e+01
3.087455404633598732e+01
3.046869365859500078e+01
3.022087803391356076e+01
3.015067850431627505e+01
3.033326028694609988e+01
3.071871446342716894e+01
3.129104829975721458e+01
3.201284064091068871e+01
3.274095658437190792e+01
3.333066684550024661e+01
3.365586955972609218e+01
3.357739473045538858e+01
3.292445618401503538e+01
3.148252520638149576e+01
2.895316770144669505e+01
2.424260410691627143e+01
1.244340010719317924e+01
5.865148836207976224e+00
8.342409381506450394e-01
0.000000000000000000e+00
0.000000000000000000e+00
0.000000000000000000e+00
0.000000000000000000e+00
0.000000000000000000e+00
0.000000000000000000e+00
0.000000000000000000e+00
0.000000000000000000e+00
0.000000000000000000e+00
0.000000000000000000e+00
0.000000000000000000e+00
5.961962069484317839e-01
5.293677591027475593e+00
1.466887721713288961e+01
2.097585763870749531e+01
2.424821053735662346e+01
2.671503353948815018e+01
2.849112751678838507e+01
2.985590726549039431e+01
3.076761363963450080e+01
3.157030087694370124e+01
3.202107748979484825e+01
3.229263069321152813e+01
3.244554392928965569e+01
3.256523177178044648e+01
3.260089554322068750e+01
3.256928645501059094e+01
3.257353993673364556e+01
3.262848516576625713e+01
3.309972800832977669e+01
3.326002001415649545e+01
3.340265282275586145e+01
3.351530429728828864e+01
3.368696128498026354e+01
3.388455426051325503e+01
3.411641430981322287e+01
3.442120132153279854e+01
3.468437957700756868e+01
3.491197171022807311e+01
3.516890865306405800e+01
3.533312901002055639e+01
3.536860933803070139e+01
3.562073514683117281e+01
3.565717209618620132e+01
3.570483793346784296e+01
3.562587337570457890e+01
3.542080089925466524e+01
3.509984053775175283e+01
3.464462709975968124e+01
3.414810515720492390e+01
3.322442905131369884e+01
3.251609204049775315e+01
3.163695492962559541e+01
3.064268469650230031e+01
3.001860416725273950e+01
2.790242666273856997e+01
2.269092031144559485e+01
2.060420510757848689e+01
1.890577040148974675e+01
1.757926114823383301e+01
1.782631997398142687e+01
1.718284911509875457e+01
1.621865856303438846e+01
1.574588563009593223e+01
1.468722309384286540e+01
1.429728043063076370e+01
1.323490966680945924e+01
1.225397862671541382e+01
1.126812075195681295e+01
9.961109538327276525e+00
8.681486551830534637e+00
7.235750639090557712e+00
5.463309124060637956e+00
3.699997299482594926e+00
1.586692026064474348e+00
0.000000000000000000e+00
0.000000000000000000e+00
0.000000000000000000e+00
0.000000000000000000e+00
0.000000000000000000e+00
0.000000000000000000e+00
0.000000000000000000e+00
0.000000000000000000e+00
0.000000000000000000e+00
0.000000000000000000e+00
0.000000000000000000e+00
0.000000000000000000e+00
0.000000000000000000e+00
0.000000000000000000e+00
0.000000000000000000e+00
0.000000000000000000e+00
0.000000000000000000e+00
0.000000000000000000e+00
0.000000000000000000e+00
0.000000000000000000e+00
0.000000000000000000e+00
0.000000000000000000e+00
0.000000000000000000e+00
7.432688526753389091e+00
1.214419426521587120e+01
1.539752925302783737e+01
1.777040856927167312e+01
1.983521250349546960e+01
2.152520585017954957e+01
2.309770895356309239e+01
2.444112579893711867e+01
2.568040168057414618e+01
2.669182663301969782e+01
2.765136767447581789e+01
2.840261430793427522e+01
2.898980044897570707e+01
2.935036081599616864e+01
2.951760366176812767e+01
2.949912387982972461e+01
2.932400501447889951e+01
2.902779405936332680e+01
2.862800784254971731e+01
2.822992871184208141e+01
2.783991754339461977e+01
2.753610865711529598e+01
2.732795711046239262e+01
2.727127274441485838e+01
2.740177523079776378e+01
2.765389364661225358e+01
2.808843359832371434e+01
2.859500387682759381e+01
2.920190817786857096e+01
2.986919886878942521e+01
3.056522174395392355e+01
3.128983676136820336e+01
3.201217545333381054e+01
3.265520959283025348e+01
3.319702709896002801e+01
3.354772367814643275e+01
3.372143282232104866e+01
3.898734289994475688e+01
3.418943548839279600e+01
3.434184858049868438e+01
3.437854703173085369e+01
3.441709537953409637e+01
3.445923689453048411e+01
3.444365148750694772e+01
3.435386058741131166e+01
3.420217892978254071e+01
3.395901939524586055e+01
3.360923855942408522e+01
3.306598042431979678e+01
3.243641879552368579e+01
3.177763183959836724e+01
3.118864491173419040e+01
3.061407001193149213e+01
3.008853252119561361e+01
2.943966040467645939e+01
2.861528803424210565e+01
2.731174006034325785e+01
2.522113696763063473e+01
2.094644056531462439e+01
1.236714655468544066e+01
7.695216671143893628e+00
3.609973724665597405e+00
0.000000000000000000e+00
0.000000000000000000e+00
0.000000000000000000e+00
0.000000000000000000e+00
0.000000000000000000e+00
0.000000000000000000e+00
0.000000000000000000e+00
0.000000000000000000e+00
0.000000000000000000e+00
0.000000000000000000e+00
0.000000000000000000e+00
0.000000000000000000e+00
0.000000000000000000e+00
1.782064191260542829e+00
7.486519838391649806e+00
1.782154669248116363e+01
2.193616463403866135e+01
2.446870103057347379e+01
2.622188990389054197e+01
2.741738280732229427e+01
2.829620083862556257e+01
2.899110225537502927e+01
2.949004669861148287e+01
2.980300981167149388e+01
3.010445211139466082e+01
3.033971060073728765e+01
3.056510018310477150e+01
3.078265490692787765e+01
3.123064363605967131e+01
3.138906863289130555e+01
3.144726243700781154e+01
3.153651960465684567e+01
3.169803350554656873e+01
3.201011757184242157e+01
3.214430953223310183e+01
3.230435473266954460e+01
3.249621295520698538e+01
3.268728635281049577e+01
3.292449276552778770e+01
3.315963217451076872e+01
3.338144801285724128e+01
3.347890971101804780e+01
3.351494275732571282e+01
3.371665958266694929e+01
3.376141658662275091e+01
3.391813244018466378e+01
3.390422075905907917e+01
3.387547675699412508e+01
3.381950488435831659e+01
3.400120651514514947e+01
3.427677944502239171e+01
3.486596331824180339e+01
3.559994237278287699e+01
3.570060512518625728e+01
3.534481596679022886e+01
3.482179466398476109e+01
3.434779181214042865e+01
3.355969169841645083e+01
3.267017380384178438e+01
3.173171549562639981e+01
3.097596265027009110e+01
2.975808118821897352e+01
2.564185253060512792e+01
2.309435092114230770e+01
2.132378792738153805e+01
2.004391719572482700e+01
1.867242961872802098e+01
1.741792495801782792e+01
1.624058234320182592e+01
1.499283953609396747e+01
1.385671104774825046e+01
1.246360786479617744e+01
1.054180308806059152e+01
9.200664612666361819e+00
7.673243140859042910e+00
6.300800435575031777e+00
4.401979221331227876e+00
2.627120944651465173e+00
8.614851677424741894e-01
0.000000000000000000e+00
0.000000000000000000e+00
0.000000000000000000e+00
0.000000000000000000e+00
0.000000000000000000e+00
0.000000000000000000e+00
0.000000000000000000e+00
0.000000000000000000e+00
0.000000000000000000e+00
0.000000000000000000e+00
0.000000000000000000e+00
0.000000000000000000e+00
0.000000000000000000e+00
0.000000000000000000e+00
0.000000000000000000e+00
0.000000000000000000e+00
0.000000000000000000e+00
0.000000000000000000e+00
0.000000000000000000e+00
0.000000000000000000e+00
0.000000000000000000e+00
0.000000000000000000e+00
1.630000356811814655e+00
1.141032042096102295e+01
1.531685418054594194e+01
1.815079118847681272e+01
2.029093726016287746e+01
2.214588336939096180e+01
2.366968108240564916e+01
2.500292311724643923e+01
2.619534342678334937e+01
2.725253409591290321e+01
2.819620618237935616e+01
2.898710689883006353e+01
2.957711617327476361e+01
3.001510587863736035e+01
3.033058700291677567e+01
3.055764269592798144e+01
3.063813499624007974e+01
3.067072823209706911e+01
3.069442203085046827e+01
3.074584335281724279e+01
3.086008687255338856e+01
3.103769347181801308e+01
3.128469726060484390e+01
3.162712649594222469e+01
3.199043841475087646e+01
3.234831669270030119e+01
3.270809451091816555e+01
3.304906789927550648e+01
3.330450823286573581e+01
3.350156400771660969e+01
3.359062687304174233e+01
3.355411082623560048e+01
3.332501252418992976e+01
3.294744377441209338e+01
3.232606925298661338e+01
3.141881392410634888e+01
3.634412676874427461e+01
2.969917718024005282e+01
2.874641191063345858e+01
2.782823188429384231e+01
2.716145841316317799e+01
2.680852797729232151e+01
2.684065799580114486e+01
2.724679019458240603e+01
2.797356058688490776e+01
2.895625045041447621e+01
3.005950205513308404e+01
3.118137237727349742e+01
3.216935934537264785e+01
3.295178460774113915e+01
3.336267855076422961e+01
3.325906455488451741e+01
3.248131405504949498e+01
3.068948211242638990e+01
2.747741374910938461e+01
2.111276876625970189e+01
9.146984150463330465e+00
3.112275837804190814e+00
0.000000000000000000e+00
0.000000000000000000e+00
0.000000000000000000e+00
0.000000000000000000e+00
0.000000000000000000e+00
0.000000000000000000e+00
0.000000000000000000e+00
0.000000000000000000e+00
0.000000000000000000e+00
0.000000000000000000e+00
0.000000000000000000e+00
0.000000000000000000e+00
1.966961892528936939e+00
8.287354505244067582e+00
1.856246130076406331e+01
2.240790746833121716e+01
2.489209163904299871e+01
2.662339359057331833e+01
2.780201006340263348e+01
2.866986451901255961e+01
2.920230404332145824e+01
2.957895091583430514e+01
2.980840091160964533e+01
2.994103653958540079e+01
3.002823606511369192e+01
3.014177414269540378e+01
3.050529169235606020e+01
3.056979561636523357e+01
3.077419305524099258e+01
3.098052796258390984e+01
3.115058100788085582e+01
3.138070825122558816e+01
3.162236467831290199e+01
3.198794300943922408e+01
3.239163889545739750e+01
3.285333859261377398e+01
3.314432330884316258e+01
3.345518426178055904e+01
3.364217574719098280e+01
3.376842260880395230e+01
3.383232546278382102e+01
3.392034620631312691e+01
3.391724735073884744e+01
3.386585506467453399e+01
3.376029568992564123e+01
3.367275943723056031e+01
3.348259146418993026e+01
3.347206937169828223e+01
3.343822954046522256e+01
3.340512097390866586e+01
3.341660796076382667e+01
3.354568335569260995e+01
3.350131232070483378e+01
3.322997125666051943e+01
3.344668244795056467e+01
3.329535220062965806e+01
3.320804940782105064e+01
3.273581075543913954e+01
3.296070635951601702e+01
3.201057113909406837e+01
3.095623758705685091e+01
2.994732973065796600e+01
2.856798367187582954e+01
2.473640276679176253e+01
2.223874717221822905e+01
2.074428337905326813e+01
1.974034784930640640e+01
1.842905732548104680e+01
1.709596590562573937e+01
1.581367677450645104e+01
1.449213963883763689e+01
1.316735041842883192e+01
1.181174320725340365e+01
1.045993498588820181e+01
8.898317920080964782e+00
7.143102357030935323e+00
5.319752602898475402e+00
3.317105878739753599e+00
5.467402257368512153e-01
0.000000000000000000e+00
0.000000000000000000e+00
0.000000000000000000e+00
0.000000000000000000e+00
0.000000000000000000e+00
0.000000000000000000e+00
0.000000000000000000e+00
0.000000000000000000e+00
0.000000000000000000e+00
0.000000000000000000e+00
0.000000000000000000e+00
0.000000000000000000e+00
0.000000000000000000e+00
0.000000000000000000e+00
0.000000000000000000e+00
0.000000000000000000e+00
0.000000000000000000e+00
0.000000000000000000e+00
0.000000000000000000e+00
0.000000000000000000e+00
0.000000000000000000e+00
0.000000000000000000e+00
0.000000000000000000e+00
7.854156005815448260e+00
1.238020558605775889e+01
1.527104516785423272e+01
1.741409737112041967e+01
1.915380826230449784e+01
2.060991900161845436e+01
2.192173838080160309e+01
2.304124251948859126e+01
2.406379152395942356e+01
2.501902359977557921e+01
2.589992411304900344e+01
2.673996656459418730e+01
2.744078945811800097e+01
2.803985283074198165e+01
2.848938445765397631e+01
2.885167305516167602e+01
2.907901328106567362e+01
2.925286924339279437e+01
2.935027129534140400e+01
2.943355659957963155e+01
2.951798894395407657e+01
2.963043015205927588e+01
2.975761005102225099e+01
2.992181607471198035e+01
3.012565806007312474e+01
3.035553620195027946e+01
3.060025766441498263e+01
3.087898260187003174e+01
3.121153467073838783e+01
3.159462928210941612e+01
3.196621974641636399e+01
3.229570232208001102e+01
3.258313907542875398e+01
3.282617209584189055e+01
3.833877108372806219e+01
3.360462368358380303e+01
3.390299827754984108e+01
3.407107194198957245e+01
3.414389059034239438e+01
3.412165998219176544e+01
3.398360903723336435e+01
3.373637815144650887e+01
3.330201995554355676e+01
3.276520516804963279e+01
3.202251242797323272e+01
3.123948538396498620e+01
3.031071093892025914e+01
2.930862831891590758e+01
2.832678353179573705e+01
2.755235417949954524e+01
2.706344162648112217e+01
2.693182784464459445e+01
2.700952100374324516e+01
2.712355353992396090e+01
2.712104922418568620e+01
2.659521083077551751e+01
2.518155451627383457e+01
2.201384034875633233e+01
1.313402724010117772e+01
8.323068514993876121e+00
3.859840630931731020e+00
0.000000000000000000e+00
0.000000000000000000e+00
0.000000000000000000e+00
0.000000000000000000e+00
0.000000000000000000e+00
0.000000000000000000e+00
0.000000000000000000e+00
0.000000000000000000e+00
0.000000000000000000e+00
0.000000000000000000e+00
0.000000000000000000e+00
0.000000000000000000e+00
0.000000000000000000e+00
4.043664388666986298e+00
9.763565219019112007e+00
1.890484838828955461e+01
2.231364405629139114e+01
2.462293733325407885e+01
2.614358204509118266e+01
2.734931981650337462e+01
2.820833471766299283e+01
2.878491132112425532e+01
2.920184032362162796e+01
2.949453595498633263e+01
2.966911386165857323e+01
2.980873704954339587e+01
2.992006998433345544e+01
3.002198577060258344e+01
3.016068203827802918e+01
3.044091123049568637e+01
3.061377515344688760e+01
3.076953466054597186e+01
3.101715314164456316e+01
3.122200807012954726e+01
3.143933359863790855e+01
3.166919473152998066e+01
3.188528047488935258e+01
3.212738325474897039e+01
3.236467605142198778e+01
3.254498852349921378e+01
3.269653866124464514e+01
3.288016109939924547e+01
3.300156339912133063e+01
3.320510498949973055e+01
3.334172686447343636e+01
3.350998843786137371e+01
3.383749809062918956e+01
3.390316711529673910e+01
3.396934159304773715e+01
3.396849442880807857e+01
3.396906268756633551e+01
3.399541154673691068e+01
3.397168046636327432e+01
3.411649554098144677e+01
3.433367763418527119e+01
3.420150258801074727e+01
3.400099297217271044e+01
3.368662582022391661e+01
3.353973395274682190e+01
3.299026517982759543e+01
3.210983325775257669e+01
3.097775111216910915e+01
2.990089334956638467e+01
2.819171611265182875e+01
2.358082713409208608e+01
2.070281630612607771e+01
1.916222409366102397e+01
1.749259510566921705e+01
1.602197446172734985e+01
1.497624907085589996e+01
1.387741494458066782e+01
1.274959599357507223e+01
1.163578296138884305e+01
1.036706582727741477e+01
8.955416923969664822e+00
7.567199871436458558e+00
6.133607598562861085e+00
4.322097140553375461e+00
2.187470239372293790e+00
0.000000000000000000e+00
0.000000000000000000e+00
0.000000000000000000e+00
0.000000000000000000e+00
0.000000000000000000e+00
0.000000000000000000e+00
0.000000000000000000e+00
0.000000000000000000e+00
0.000000000000000000e+00
0.000000000000000000e+00
0.000000000000000000e+00
0.000000000000000000e+00
0.000000000000000000e+00
0.000000000000000000e+00
0.000000000000000000e+00
0.000000000000000000e+00
0.000000000000000000e+00
0.000000000000000000e+00
0.000000000000000000e+00
0.000000000000000000e+00
0.000000000000000000e+00
0.000000000000000000e+00
0.000000000000000000e+00
8.552416453750494085e+00
1.381592995923512568e+01
1.710644444530439756e+01
1.977403823377223802e+01
2.190216288177203197e+01
2.379462312210273467e+01
2.534308678267225190e+01
2.663555642168263304e+01
2.763419475908403911e+01
2.837790697927712813e+01
2.890982541081817558e+01
2.930494573138319225e+01
2.949249178461645116e+01
2.952042695064111655e+01
2.945149927806118839e+01
2.928251791132871062e+01
2.907647958099154550e+01
2.888739907356447034e+01
2.878635701391335644e+01
2.872614470593994085e+01
2.877564383005186244e+01
2.891054706726842838e+01
2.916026143751557953e+01
2.948969837040922570e+01
2.990623356238933184e+01
3.031409801311132668e+01
3.078815067245418646e+01
3.127080530750874132e+01
3.173055651220038698e+01
3.211624535548203596e+01
3.238820862395712652e+01
3.252019408219169350e+01
3.250709823677621557e+01
3.226500045597288846e+01
3.744358914919287429e+01
3.180093246295593801e+01
3.143071508148908322e+01
3.094318033513557609e+01
3.049424737901784255e+01
3.008587260424164356e+01
2.987945350346264561e+01
2.979851869149412025e+01
2.990874974692350108e+01
3.016561964476433744e+01
3.055144038992203193e+01
3.105674763427666818e+01
3.151482213546632849e+01
3.191924930387433790e+01
3.218618265627379316e+01
3.214690988515007319e+01
3.173314906247244238e+01
3.070375159499580775e+01
2.888015585674149932e+01
2.551976705497678921e+01
1.639005112030589473e+01
8.455049582040608414e+00
3.289943470015046056e+00
0.000000000000000000e+00
0.000000000000000000e+00
0.000000000000000000e+00
0.000000000000000000e+00
0.000000000000000000e+00
0.000000000000000000e+00
0.000000000000000000e+00
0.000000000000000000e+00
0.000000000000000000e+00
0.000000000000000000e+00
0.000000000000000000e+00
0.000000000000000000e+00
1.395351000855115320e+00
7.137431256028849091e+00
1.814277570440067677e+01
2.226154752890604627e+01
2.498309063959164433e+01
2.675641143307122505e+01
2.802917728766930594e+01
2.889745389554849098e+01
2.947954842293636091e+01
2.984821672849739116e+01
3.012626221592256570e+01
3.039436700710549744e+01
3.053125563083336758e+01
3.062659250303359215e+01
3.059318491439029231e+01
3.055642044703872884e+01
3.052022500345401212e+01
3.048518283238535886e+01
3.044892374751503539e+01
3.046714036823724214e+01
3.052232635460582699e+01
3.065558920867011850e+01
3.088061538706952192e+01
3.114180938314157032e+01
3.139954644649499116e+01
3.173889820956066998e+01
3.194467123501292960e+01
3.212593218494128422e+01
3.229477452535141424e+01
3.239293252894905351e+01
3.253139177770695767e+01
3.250955715853439898e+01
3.261370933163825470e+01
3.255500193678542331e+01
3.258236416998380491e+01
3.264460360874470268e+01
3.300038872725382078e+01
3.366518240537357798e+01
3.471498101821823923e+01
3.562058043954047548e+01
3.555835515732415786e+01
3.536509743243426840e+01
3.501438547964359316e+01
3.501088221263361078e+01
3.449821034440162038e+01
3.383709470315132961e+01
3.315080510645326228e+01
3.250926349187356124e+01
3.148072889772049265e+01
3.030914020323582037e+01
2.878641509353784755e+01
2.515668740876108700e+01
2.338174619062616344e+01
2.200949377515029326e+01
2.078511149264163649e+01
1.967775243784740269e+01
1.855006304134566619e+01
1.735192207698214872e+01
1.581630617789037352e+01
1.454128200629656398e+01
1.343205822320038578e+01
1.221713092814002977e+01
1.095736138058085274e+01
9.526778369117913314e+00
7.992744225609360598e+00
6.489573021624115867e+00
4.690025094251213389e+00
2.796837330839765379e+00
5.610854987925373294e-01
0.000000000000000000e+00
0.000000000000000000e+00
0.000000000000000000e+00
0.000000000000000000e+00
0.000000000000000000e+00
0.000000000000000000e+00
0.000000000000000000e+00
0.000000000000000000e+00
0.000000000000000000e+00
0.000000000000000000e+00
0.000000000000000000e+00
0.000000000000000000e+00
0.000000000000000000e+00
0.000000000000000000e+00
0.000000000000000000e+00
0.000000000000000000e+00
0.000000000000000000e+00
0.000000000000000000e+00
0.000000000000000000e+00
0.000000000000000000e+00
0.000000000000000000e+00
3.184263051073636497e+00
1.180489007666603740e+01
1.549679656255044868e+01
1.789822352236796021e+01
1.978048466283818030e+01
2.117529551107616115e+01
2.233266496958143321e+01
2.320572069994421227e+01
2.397903030168185978e+01
2.457738784417974642e+01
2.523972464770282542e+01
2.581460520434493588e+01
2.627378356527545833e+01
2.665883317745036152e+01
2.689851315733765702e+01
2.715061415572104053e+01
2.732305852686274150e+01
2.746620284793094413e+01
2.753061273836879508e+01
2.761227226823148939e+01
2.769240810013005216e+01
2.784638428938622567e+01
2.801431244132059106e+01
2.825510763115867263e+01
2.850306367065854474e+01
2.879858853139777253e+01
2.908642139968077700e+01
2.940503052914352722e+01
2.971444116518075163e+01
3.004841357863299223e+01
3.032864026283317571e+01
3.065264560964045515e+01
3.092338343225103969e+01
3.119115439634898479e+01
3.136474276872110067e+01
3.147443324750305393e+01
3.145170462973095837e+01
3.676533904791549645e+01
3.177406139744356750e+01
3.180810253085440564e+01
3.192091467178477160e+01
3.204863714520438123e+01
3.223680901170168056e+01
3.245156499606211042e+01
3.267761545811368507e+01
3.286938046152168624e+01
3.296531303835059390e+01
3.297806269198174789e+01
3.289720602237716918e+01
3.268633448954990683e+01
3.235416465146779785e+01
3.198882714855026421e+01
3.157189094411327446e+01
3.114291565838739473e+01
3.054568372842393487e+01
2.973387994105381438e+01
2.837457761854776450e+01
2.634252484479719314e+01
2.230469493607300180e+01
1.279964794825264995e+01
7.354263751840277585e+00
3.059475595827970018e+00
0.000000000000000000e+00
0.000000000000000000e+00
0.000000000000000000e+00
0.000000000000000000e+00
0.000000000000000000e+00
0.000000000000000000e+00
0.000000000000000000e+00
0.000000000000000000e+00
0.000000000000000000e+00
0.000000000000000000e+00
0.000000000000000000e+00
0.000000000000000000e+00
1.426624179352091515e+00
6.243013948557143422e+00
1.674606299741050108e+01
2.129884449981527439e+01
2.421527384586003606e+01
2.602923713519338023e+01
2.743530197245857849e+01
2.835695935744719165e+01
2.906682378593984240e+01
2.958836624895940659e+01
2.992383083017425349e+01
3.027775633302274017e+01
3.046173202862762253e+01
3.059136149878858646e+01
3.057086257354097114e+01
3.076432283963083947e+01
3.085086782562520469e+01
3.087447641348618532e+01
3.091809548196704327e+01
